002149.15+022037.3  5.4548059 2.3437191 0.7880
012449.45-000529.4 21.2060757 -0.0915045 0.3845
010417.81-005317.0 16.0742146 -0.8880558 0.2980
022026.28-041623.6 35.1095366 -4.2732463 0.3310
022430.56-050841.8 36.1273644 -5.1449529 0.3220
140331.83+040455.1 210.8826447 4.0819788 0.3545
143144.54+420948.6 217.9356090 42.1635061 1.0000
012155.09-001337.4 20.4795716 -0.2270556 0.3719
011745.60+005629.5 19.4400339 0.9415502 0.5987
014536.01-000611.1 26.4000486 -0.1030942 0.1916
014222.19-001006.1 25.5924889 -0.1683629 0.3724
090550.30+003948.1 136.4595947 0.6633730 0.3538
002712.59+005159.8  6.8024960 0.8666360 0.3037
092247.18+000554.1 140.6965999 0.0983653 0.6040
232859.56-002944.1 352.2481689 -0.4955900 0.5838
000726.53+024520.3  1.8605718 2.7556539 0.8963
150018.65+443948.1 225.0777091 44.6633670 0.7247
010748.49-000740.4 16.9520658 -0.1278899 0.2954
011850.64-001636.0 19.7110358 -0.2766812 0.3678
021901.54-032740.7 34.7564289 -3.4613282 0.3120
022224.29-054309.9 35.6012432 -5.7194289 0.7470
011826.12-011326.6 19.6088623 -1.2240609 0.2166
021944.36-052053.8 34.9348333 -5.3483030 0.4710
140139.46+025721.3 210.4144444 2.9559402 0.2500
012008.04-003714.1 20.0335336 -0.6205897 0.4845
100043.13+020637.2 150.1797333 2.1103470 0.3600
012658.92-004830.4 21.7455310 -0.8084505 0.3395
231856.35+002228.4 349.7348329 0.3745667 0.2610
010224.54-001501.5 15.6022593 -0.2504320 0.2721
011130.50+001427.9 17.8771104 0.2411093 0.4321
220913.94+052633.8 332.3081040 5.4427389 0.1400
230427.86-000803.2 346.1161194 -0.1342470 0.5260
012438.76+000854.4 21.1615127 0.1484656 0.3486
160447.58+430147.9 241.1982693 43.0299918 0.2570
022020.13-041006.2 35.0838969 -4.1684107 0.6100
010612.02+005220.3 16.5501095 0.8723128 0.2570
220713.35-000805.5 331.8056641 -0.1348770 0.5168
100929.40+020923.1 152.3725128 2.1564209 0.3174
020411.47-051032.7 31.0478055 -5.1757599 0.3260
221302.57+003015.9 333.2607117 0.5044230 0.7614
014235.37-001629.2 25.6473828 -0.2747910 0.5742
022439.73-042401.6 36.1655734 -4.4004492 0.4790
012126.75+005331.9 20.3614635 0.8922110 0.5960
101745.33+001435.4 154.4389137 0.2431823 0.6110
022324.21+003251.8 35.8508759 0.5477470 0.5961
021454.15-051414.2 33.7256288 -5.2372797 0.5660
003511.48-004918.0  8.7978458 -0.8216710 0.1860
090240.37+040218.6 135.6682359 4.0385042 0.7140
015238.52+010925.0 28.1605290 1.1569667 0.2320
095907.65+020820.6 149.7818981 2.1390748 0.3540
012630.15-001151.3 21.6256373 -0.1975912 0.2396
092158.92+034235.7 140.4955139 3.7099271 0.3248
123448.90+032641.0 188.7037506 3.4447291 0.4630
092418.80+032058.7 141.0783498 3.3496637 0.8060
235903.44+014608.6 359.7643555 1.7690735 0.3913
012716.17-003557.6 21.8173780 -0.5993524 0.3713
091339.84+043410.6 138.4160277 4.5696379 0.4470
235914.39-003428.4 359.8099976 -0.5745670 0.9226
102810.56-001226.5 157.0440132 -0.2073735 0.4340
014125.63+000755.6 25.3568152 0.1321249 0.3224
014926.96-001755.1 27.3623395 -0.2986578 0.3705
020655.10-064551.6 31.7296221 -6.7643504 0.5580
102435.70+003240.7 156.1487789 0.5446464 0.3070
023721.94-010216.2 39.3414192 -1.0378350 0.4401
130621.30+024814.5 196.5887686 2.8040509 0.6100
161324.75+441019.4 243.3531494 44.1720581 0.4480
022152.93-040546.7 35.4705618 -4.0963177 0.4310
013926.76+004758.4 24.8615006 0.7995683 0.2462
022250.90-040032.5 35.7120995 -4.0090390 0.9800
021759.71-034359.9 34.4988154 -3.7333301 0.3150
023300.27+030517.8 38.2511391 3.0882778 0.7999
102409.49+003949.9 156.0395643 0.6638782 0.4520
010156.36+000923.2 15.4848437 0.1564450 0.2770
020512.71+001536.2 31.3029894 0.2600806 0.5506
021725.62-055137.1 34.3567817 -5.8603234 0.3260
231627.79+005956.2 349.1158142 0.9989560 0.5197
021736.36-041943.2 34.4015354 -4.3286824 0.5030
011804.01+000356.2 19.5167498 0.0656225 0.8202
223133.89+003312.7 337.8912354 0.5535490 0.4758
021554.75-045354.2 33.9781556 -4.8984068 0.6690
091215.13-013437.3 138.0630763 -1.5770548 0.7850
014913.19-001922.4 27.3049873 -0.3229000 0.9250
124740.14+034917.4 191.9172516 3.8215270 0.2394
000943.37+010459.8  2.4307110 1.0832790 0.4557
144642.28+011303.0 221.6761780 1.2175090 0.7259
023342.52+010315.9 38.4271829 1.0544312 0.6150
002827.76+011332.5  7.1157059 1.2257049 0.7405
100911.70+043612.6 152.2987603 4.6035139 0.8400
135501.30+015047.8 208.7554474 1.8466240 0.9550
125630.67-010645.8 194.1277992 -1.1127311 0.7850
014025.38-004040.8 25.1057853 -0.6780206 0.2493
141637.44+003352.2 214.1560211 0.5645210 0.4336
010458.97+005720.7 16.2457355 0.9557560 0.6650
101133.16+011451.1 152.8881989 1.2475539 0.3704
142136.13+444555.5 215.4005585 44.7654419 0.3467
141440.26+010425.7 213.6677704 1.0738212 0.4700
023710.42+015653.5 39.2934217 1.9482068 0.7710
010327.41+014618.8 15.8642214 1.7719077 0.7850
001312.08+011323.0  3.3003526 1.2230727 0.3685
094448.06+043918.7 146.2002716 4.6552062 0.3237
011520.57-003044.6 18.8357452 -0.5123924 0.6364
133550.35-012439.3 203.9597931 -1.4109260 0.5231
132951.99-020331.4 202.4666290 -2.0587411 0.2476
024034.93-011348.0 40.1455618 -1.2300161 0.7200
011935.29-002033.5 19.8970509 -0.3426640 0.8576
013948.60-000922.3 24.9525266 -0.1562185 0.3281
122102.95-000733.7 185.2622986 -0.1260380 0.3662
012209.66-000254.4 20.5402801 -0.0484676 0.2397
022340.28-031337.2 35.9178685 -3.2270217 0.4944
142122.64+032803.1 215.3443451 3.4675491 0.4048
021834.48-051357.0 34.6436788 -5.2325183 0.5140
120710.25+000806.1 181.7927094 0.1350530 0.3833
011619.55+001604.7 19.0814615 0.2679943 0.3442
222011.26+022514.8 335.0469316 2.4207873 0.6930
014715.87-001909.8 26.8161493 -0.3194086 0.2813
020806.68+022253.4 32.0278610 2.3815141 0.0810
021359.31-043945.1 33.4971482 -4.6625509 0.1410
015128.22-002541.2 27.8676213 -0.4281173 0.3702
021839.30-040821.4 34.6637708 -4.1393037 0.3720
010532.80+010755.7 16.3866760 1.1321479 0.1889
010906.64+001825.2 17.2776807 0.3070008 0.2848
012727.51+003145.6 21.8646521 0.5293435 0.3809
132629.30+012100.6 201.6220937 1.3501731 0.3040
022534.77-011525.8 36.3949154 -1.2571908 0.3650
020608.84-010756.7 31.5368690 -1.1324430 0.3781
133215.87+005406.9 203.0661316 0.9019260 0.3189
145356.98+434541.5 223.4874420 43.7615395 0.4520
022000.22-043947.4 35.0009528 -4.6631823 0.3300
085036.06+040810.4 132.6502902 4.1362462 0.4560
134508.04-000526.6 206.2835164 -0.0907335 0.7290
092919.16+041414.2 142.3298492 4.2372808 0.3710
013600.23+004602.8 24.0009678 0.7674631 0.3559
012525.10-000056.2 21.3546048 -0.0156381 0.3025
092322.64+020135.6 140.8443604 2.0265601 0.3829
014312.55+010420.3 25.8023277 1.0723081 0.4604
092604.90+012558.7 141.5204447 1.4329928 0.8350
083059.13+032959.5 127.7463906 3.4998683 0.6730
022203.49-033844.1 35.5145566 -3.6456068 0.6160
011104.96-001627.0 17.7706792 -0.2741730 0.3730
120312.13+015321.3 180.8005676 1.8892510 0.2959
013829.86-001012.8 24.6244245 -0.1702351 0.1981
084710.40-001302.6 131.7933655 -0.2174060 0.6269
125507.52+042750.3 193.7813721 4.4639759 0.3673
023733.50-004229.3 39.3895912 -0.7081410 0.6019
145448.31+033647.1 223.7013082 3.6130890 0.3480
110245.36+044806.3 165.6890411 4.8017702 0.3200
021754.43-040357.4 34.4768273 -4.0659689 0.5140
022651.77-045715.0 36.7157190 -4.9541915 0.3310
001921.23-000011.3  4.8384628 -0.0031560 0.9353
014851.54-001233.6 27.2147790 -0.2093430 0.3931
144619.87+030159.1 221.5828216 3.0330975 0.5340
021849.32-032129.4 34.7055118 -3.3581753 0.2190
014815.93+000555.3 27.0663955 0.0987120 0.4136
022105.64-044101.5 35.2735048 -4.6837584 0.1990
093159.42+033622.0 142.9975891 3.6061349 0.3239
234101.24+013650.9 355.2552074 1.6141420 0.7080
003410.74-003335.2  8.5447914 -0.5597937 1.5546
020721.92-005826.1 31.8413360 -0.9739355 1.1160
122634.31+051024.0 186.6429693 5.1733374 2.7340
020053.43-042721.8 30.2226349 -4.4560711 2.2010
020318.87-062321.3 30.8286450 -6.3892674 2.1600
001459.72+002319.2  3.7488726 0.3886687 2.0256
020231.14-042246.8 30.6297849 -4.3796789 4.2650
134257.16-013912.9 205.7381960 -1.6536095 1.5400
003238.43+010237.9  8.1601450 1.0438888 1.5580
132441.58-015401.8 201.1732788 -1.9005200 1.4290
221101.45+001449.0 332.7560730 0.2469710 1.5081
230402.77-003855.4 346.0115789 -0.6487432 2.7750
022509.04-001346.4 36.2876879 -0.2295723 1.4560
000050.56-013055.2  0.2107058 -1.5153439 1.2909
135944.20+012809.8 209.9342041 1.4693910 1.0968
015141.69-000646.8 27.9237238 -0.1130093 2.2320
013930.80-002131.6 24.8783414 -0.3588003 1.9043
220642.82+003016.2 331.6784363 0.5045270 1.4444
093903.41+022957.3 144.7642365 2.4992771 1.3349
013834.18-000509.3 24.6424428 -0.0859209 1.5429
010307.97+011407.0 15.7832235 1.2352902 2.9275
010553.76+000232.1 16.4740139 0.0422639 1.3195
233718.07+002550.6 354.3253174 0.4307440 2.0533
002912.41-002445.3  7.3017173 -0.4126023 1.3850
023855.60-000750.1 39.7317008 -0.1305910 1.2230
021926.49-045844.4 34.8603989 -4.9790159 2.7490
012110.93+010703.3 20.2955492 1.1175916 1.4815
124618.51-001750.2 191.5771320 -0.2972815 2.5590
222929.45+010438.4 337.3727417 1.0773350 1.4447
010701.94+005543.8 16.7581128 0.9288414 1.2685
023600.28-010432.3 39.0011883 -1.0756482 2.0775
003649.19+023750.8  9.2049895 2.6307801 1.6269
023855.74-041838.6 39.7322531 -4.3107275 2.2155
022657.63-033335.4 36.7401630 -3.5598450 4.3550
000257.94+024837.7  0.7414341 2.8104955 1.6841
011116.81-012209.8 17.8200518 -1.3694040 2.2710
013526.15+004135.8 23.8589786 0.6933030 1.0828
113803.73+031457.8 174.5155792 3.2493930 2.4427
003828.78+001000.1  9.6199415 0.1667026 1.2543
095218.04-000459.1 148.0751941 -0.0830984 1.2680
122144.31-004144.1 185.4346378 -0.6955942 2.2260
150216.66+025719.8 225.5694427 2.9555020 1.4841
011855.84+000316.1 19.7327038 0.0544733 1.3243
123255.17-020234.6 188.2298850 -2.0429472 2.6080
011227.87-003151.6 18.1161555 -0.5310069 2.0746
003659.43-001850.2  9.2476463 -0.3139710 1.4909
003802.77+003247.1  9.5115832 0.5464437 1.4787
015741.34+023911.8 29.4222551 2.6532792 1.0578
133222.62+034739.9 203.0942688 3.7944350 1.4379
224236.31-013121.1 340.6513180 -1.5225461 1.5920
021425.07-051540.0 33.6044753 -5.2611133 1.6880
105458.01+043310.6 163.7417298 4.5529476 2.7080
133630.21+030952.4 204.1258829 3.1645733 2.5700
001223.37+012659.4  3.0973907 1.4498555 1.0610
013736.57+005742.3 24.4024037 0.9617766 2.2880
101138.50+012344.6 152.9104280 1.3957429 2.3750
003659.26-001922.7  9.2469211 -0.3229954 1.5415
131618.38+045401.0 199.0766091 4.9002807 3.9800
014843.41+010049.7 27.1808952 1.0138259 1.6820
014937.28-005251.1 27.4053736 -0.8808754 1.6120
162501.98+430931.6 246.2582550 43.1587791 1.6468
010114.94-001154.6 15.3122654 -0.1985060 1.1820
002938.47+002039.7  7.4103049 0.3443744 1.9038
020732.82-043915.9 31.8867902 -4.6544441 1.1260
152445.62+440949.5 231.1900940 44.1637611 1.2103
022906.04-051428.9 37.2751989 -5.2413844 3.1740
141911.59+520545.2 214.7983093 52.0959129 1.7085
153008.91+425634.8 232.5371310 42.9430023 2.3370
221011.62-001654.9 332.5484260 -0.2819379 2.5030
090654.53+021315.2 136.7272339 2.2208979 2.0153
023829.90-011224.2 39.6246026 -1.2067437 2.1560
093622.07-004555.4 144.0919647 -0.7653950 1.7746
131512.46+015021.6 198.8019257 1.8393450 2.2990
012453.90+021829.2 21.2246026 2.3081301 1.9495
092532.13-020806.1 141.3839093 -2.1350531 1.3500
013327.34-003612.7 23.3639388 -0.6035290 1.0320
001401.62-002600.5  3.5067720 -0.4334848 2.0067
014012.11-001902.4 25.0504759 -0.3173561 1.4360
014235.36+012334.0 25.6473419 1.3927863 2.0093
022404.85+014941.9 36.0202094 1.8283253 2.7208
090559.70+022408.2 136.4987623 2.4022980 2.3810
104644.31+000329.7 161.6846594 0.0582705 2.3300
012740.16+023526.5 21.9173573 2.5907003 1.2310
092725.37-011652.9 141.8557153 -1.2813637 2.1780
143553.98-022156.9 218.9749567 -2.3658200 1.7060
094313.05+034904.2 145.8043986 3.8178437 2.3750
022048.33-002833.5 35.2013855 -0.4759940 1.5450
022430.27-005139.7 36.1261582 -0.8610407 2.7250
021352.67-021129.4 33.4694674 -2.1915260 2.7800
023651.11+015828.1 39.2129992 1.9744932 2.3630
094603.37+015948.3 146.5140474 1.9967716 2.5350
144308.16-004913.4 220.7840118 -0.8203990 1.3722
141453.39+421745.4 213.7224744 42.2959688 1.6305
094957.97+021652.7 147.4915621 2.2813058 2.2430
014446.92+000735.2 26.1955081 0.1264593 2.4820
012753.22-003524.8 21.9717731 -0.5902330 2.0623
221350.39-003748.7 333.4599650 -0.6302177 1.6140
100239.65+002927.9 150.6652152 0.4910855 2.2990
150038.01+430343.4 225.1584093 43.0620753 2.4668
111006.87+033107.1 167.5286338 3.5186640 2.8080
145757.91-010601.0 224.4913048 -1.1002985 2.1740
163216.75+421210.7 248.0698310 42.2029725 2.2550
221227.74+005140.5 333.1156006 0.8612670 1.7725
111347.70+023830.3 168.4487762 2.6417651 1.1600
132752.60+035916.1 201.9691925 3.9878249 1.7473
110123.21+031631.5 165.3467102 3.2754321 1.5425
100024.98+050850.3 150.1040858 5.1473194 2.2650
234954.68-000009.6 357.4778442 -0.0026690 1.3945
224524.31+021755.4 341.3512972 2.2987441 3.1560
131056.16+020933.8 197.7340388 2.1594061 2.7450
023525.30+022618.7 38.8554289 2.4385376 1.0410
142237.24+424821.8 215.6552051 42.8060609 1.4082
150018.88+431842.1 225.0787020 43.3117120 3.3150
235708.25+003107.7 359.2843983 0.5188191 1.3390
003646.73+004958.9  9.1947300 0.8330417 1.6955
015450.31-004815.9 28.7096360 -0.8044173 1.4856
111105.61-004038.4 167.7733917 -0.6773480 1.0591
221759.58+060426.3 334.4982726 6.0739751 2.5720
125002.35+013542.0 192.5098203 1.5950272 2.9050
125750.88-013241.5 194.4620056 -1.5448840 1.1961
220811.56+023830.1 332.0482069 2.6417070 3.1790
235132.46+024328.3 357.8852821 2.7245288 1.4286
220132.66+030733.9 330.3860992 3.1261033 2.5530
131152.14+031511.7 197.9672746 3.2532708 2.3360
103014.06-012343.4 157.5586075 -1.3954057 4.0100
093752.34+032448.9 144.4681018 3.4136002 3.0820
015057.41+022320.4 27.7392160 2.3890173 1.7470
123143.09+002846.2 187.9295827 0.4795249 3.2140
084358.64+033950.4 130.9943424 3.6640168 2.3700
084608.67+021555.3 131.5361328 2.2653639 1.2163
085036.26+025427.9 132.6510860 2.9077678 2.6290
022009.85-005642.6 35.0410714 -0.9451921 2.3430
135918.63+024115.5 209.8276441 2.6876408 2.1620
013210.43+005241.4 23.0434854 0.8781842 1.0450
225902.38+003221.7 344.7599182 0.5393680 1.4649
084703.82+004241.7 131.7659303 0.7115910 2.2600
094437.99+035935.7 146.1583252 3.9932721 1.3320
023541.19+020126.4 38.9216311 2.0240104 1.9281
013928.16-000225.2 24.8673477 -0.0403392 2.0517
135009.49+000156.0 207.5395802 0.0322291 2.3790
231402.87+001430.2 348.5119799 0.2417368 1.4050
220411.48-000519.9 331.0478516 -0.0888720 2.0145
091247.59-004717.3 138.1983318 -0.7881638 2.8750
113613.37+033840.9 174.0557251 3.6447001 1.1874
142808.27+044825.9 217.0344696 4.8072181 1.7020
014028.40-004555.9 25.1183512 -0.7655369 2.7310
235513.65+025225.5 358.8068961 2.8737736 1.0458
113701.68+000438.1 174.2570121 0.0772620 2.2920
013459.19+003017.4 23.7466372 0.5048442 3.1600
022254.06-004251.4 35.7252808 -0.7143040 1.0003
143231.19-003742.8 218.1299896 -0.6285610 1.8205
234509.42-005506.7 356.2892761 -0.9185360 1.3544
001012.71+014840.4  2.5529937 1.8112331 1.2119
133854.62-022152.0 204.7276171 -2.3644633 2.1980
002735.62+001938.5  6.8984262 0.3273659 2.0448
120127.71+022059.4 180.3654812 2.3498440 2.3950
015755.81-000535.2 29.4825518 -0.0931181 1.2250
022238.84-004404.6 35.6618567 -0.7346361 2.6290
132833.25-021858.1 202.1385498 -2.3161490 1.5825
142038.32+035257.6 215.1596985 3.8826821 2.1375
150936.70+445430.1 227.4029215 44.9083619 1.5630
221158.06+061614.2 332.9919198 6.2706189 2.4100
022933.30+005004.8 37.3887832 0.8346684 1.3920
092217.02+002038.7 140.5709292 0.3441056 3.3240
022930.21+023958.8 37.3759044 2.6663353 1.3050
123824.90+001834.5 189.6037702 0.3096070 2.1520
095827.20+041723.4 149.6133370 4.2898416 2.5300
011716.18+021649.5 19.3174289 2.2804337 1.0491
142228.70+013530.9 215.6195999 1.5919227 2.7420
235022.34+023723.1 357.5930925 2.6230937 3.2240
155644.94+441253.6 239.1872711 44.2149048 1.8702
221648.18+054211.9 334.2007548 5.7033202 2.4490
001403.54+022922.6  3.5147565 2.4896290 1.6874
150544.60+025352.6 226.4358521 2.8979571 1.0432
102343.55+004214.0 155.9314649 0.7039107 2.7730
142557.61+433418.7 216.4900604 43.5718887 1.1332
091443.03+004634.8 138.6793213 0.7763430 1.8612
120117.10+010046.0 180.3212786 1.0127848 2.3840
124604.03-010954.6 191.5168177 -1.1651768 1.7370
133709.29+011351.1 204.2887115 1.2308860 1.8944
012559.21+001828.7 21.4967090 0.3079772 1.2843
084723.03+014346.8 131.8459700 1.7296787 2.4540
230432.60+023124.6 346.1358707 2.5235075 2.4570
110710.08+030117.5 166.7920380 3.0215299 1.9043
022159.71-014512.0 35.4988043 -1.7533342 2.3600
224854.76+055444.6 342.2281703 5.9124114 2.3930
114602.78+003445.4 176.5116009 0.5793027 3.0400
144742.94-015919.6 221.9289168 -1.9887993 3.1060
013816.71-003151.1 24.5696463 -0.5308815 1.0724
092115.29-004507.2 140.3137360 -0.7520260 1.2492
010507.29+002440.5 16.2803822 0.4112690 1.7733
154759.04+420855.5 236.9960327 42.1487656 2.7442
121322.46+002446.7 183.3435992 0.4129747 2.7270
130047.68+041320.4 195.1986859 4.2223515 2.3580
222129.86+000429.8 335.3744356 0.0749579 2.4990
135758.96+025346.8 209.4957001 2.8963456 3.3010
144107.41+021106.5 220.2808838 2.1851470 1.1969
230251.92+024915.0 345.7163659 2.8208544 1.4170
222319.91+010619.4 335.8329771 1.1054115 2.3860
121024.13+033849.8 182.6005554 3.6471729 1.6607
220325.00-004002.8 330.8542052 -0.6674681 2.5690
225049.03-013126.0 342.7043199 -1.5238950 2.3330
012743.94+003048.3 21.9331171 0.5134380 1.5263
012920.46-002206.3 22.3352645 -0.3684252 1.7078
023606.55-020410.3 39.0273079 -2.0695390 1.3019
011314.17+011023.9 18.3090761 1.1733060 1.6985
023536.57-011608.6 38.9024122 -1.2690589 1.2897
144114.45+031047.2 220.3102444 3.1797925 2.7940
021122.21-014126.3 32.8425638 -1.6906586 3.0510
141003.70+015901.8 212.5154419 1.9838430 1.5975
021526.83-041906.8 33.8618061 -4.3185654 1.0470
120642.90-002805.3 181.6787648 -0.4681532 2.3050
220842.95-010403.0 332.1789701 -1.0675247 3.9690
084852.78+011532.1 132.2199197 1.2589305 2.6750
014052.65+002830.1 25.2193859 0.4750278 1.2076
092802.64+053404.9 142.0110016 5.5680318 1.3538
142012.80+430637.6 215.0533376 43.1104448 1.7769
001018.41+002513.3  2.5767328 0.4203614 1.0494
010144.09+022427.1 15.4337134 2.4075357 1.7852
021900.59-053120.9 34.7524765 -5.5224864 1.1620
024009.25-010642.3 40.0385513 -1.1117710 1.8108
141114.28-013348.8 212.8095216 -1.5635568 2.7830
132144.15+035243.8 200.4339812 3.8788445 2.1970
104030.77+050932.7 160.1282120 5.1590946 2.9410
233823.40+005534.5 354.5975342 0.9262610 2.0852
000135.17+021104.8  0.3965713 2.1846940 1.4711
220812.37+012606.4 332.0515752 1.4351299 2.5740
093027.60+003804.0 142.6150223 0.6344699 1.8400
230954.90-011113.0 347.4787598 -1.1869640 1.6472
224614.59+013537.6 341.5607943 1.5937817 2.8930
020928.55-012455.9 32.3689594 -1.4155385 1.7840
092040.95+035933.1 140.1706478 3.9925308 1.5770
145802.46+434031.4 224.5102874 43.6754126 2.1362
002952.42-001325.3  7.4684304 -0.2237128 1.7155
235232.07-001503.9 358.1336365 -0.2510960 1.7286
022219.46-025129.6 35.5810882 -2.8582300 1.2960
233225.33+000042.5 353.1055605 0.0118288 3.2590
013131.25-001443.8 22.8802344 -0.2455058 3.3780
113826.12-003220.9 174.6088480 -0.5391607 3.0220
100935.02+004536.5 152.3959351 0.7601580 1.2352
132821.08-014210.4 202.0878640 -1.7029144 2.3650
122726.90-001003.9 186.8621216 -0.1677640 1.5398
022015.14+025025.3 35.0631208 2.8403763 2.3250
022240.40-021737.8 35.6683453 -2.2938483 1.8438
150414.02+020112.0 226.0584271 2.0200112 2.4760
021448.54-010043.7 33.7022570 -1.0121560 3.0296
105716.18+033930.0 164.3174407 3.6583377 2.2110
122107.66-011952.9 185.2819331 -1.3313734 2.7300
023044.13-041021.3 37.6838936 -4.1726037 2.1770
004022.40+005939.6 10.0933462 0.9943550 2.5630
090212.77+044451.9 135.5532227 4.7477660 1.6280
122012.23+024316.8 185.0509768 2.7213515 3.2110
235945.20+001615.5 359.9383697 0.2709739 2.6480
235333.56+022820.5 358.3898712 2.4723742 1.2284
000047.43+004337.1  0.1976630 0.7269782 1.1764
145327.33+022542.5 223.3639043 2.4284831 2.6210
022655.45-015733.6 36.7310585 -1.9593494 2.0892
135917.69-015145.9 209.8237159 -1.8627711 3.0910
125216.06+003141.1 193.0669250 0.5280840 1.2573
104109.85+001051.8 160.2910452 0.1810714 2.2610
133413.63+022932.1 203.5568133 2.4922507 2.9170
011836.62-010044.8 19.6526069 -1.0124503 2.4860
002143.06-003021.7  5.4294189 -0.5060372 3.5050
163238.76+423313.9 248.1615295 42.5538673 1.7135
114220.26-001216.3 175.5844283 -0.2045320 2.5010
145806.94+431606.2 224.5289191 43.2683919 1.9531
015122.14-002625.8 27.8422781 -0.4405206 2.3010
125344.63+024323.0 193.4359996 2.7230829 2.3700
020001.50-034401.6 30.0062893 -3.7338023 1.8932
010249.02-010544.8 15.7042608 -1.0958010 1.0368
020425.44+003741.6 31.1060120 0.6282253 1.9921
010107.50-001132.8 15.2812757 -0.1924518 1.2740
015343.74-005559.8 28.4322840 -0.9332966 2.0170
221042.18+004703.0 332.6757812 0.7841740 1.8587
132255.63+033659.4 200.7317927 3.6165150 2.7030
090240.23+031151.4 135.6676331 3.1976140 1.8975
144752.01+001005.0 221.9667278 0.1680828 2.4620
103737.45+005836.6 159.4060682 0.9768442 2.1130
021308.30-024234.6 33.2846118 -2.7096309 1.2394
021621.53-032359.7 34.0897223 -3.3999276 2.1120
152112.96+441452.5 230.3040009 44.2479286 1.1995
123916.97+014654.2 189.8207397 1.7817440 2.1227
105722.86+001311.9 164.3452647 0.2199927 2.3420
234400.35-005733.3 356.0014904 -0.9592657 2.3610
151216.53+430012.4 228.0689043 43.0034471 2.1250
125532.37+035358.4 193.8849153 3.8995648 3.0750
223326.59+003715.4 338.3608318 0.6209606 2.2100
121936.45-022244.6 184.9018868 -2.3790626 2.3000
003318.27+001617.1  8.3261586 0.2714355 3.3600
132652.05+041451.1 201.7168884 4.2475328 1.7199
232821.40-004045.2 352.0892029 -0.6792360 2.0862
122110.21-001205.2 185.2925720 -0.2014550 1.0619
022913.08+010959.3 37.3045319 1.1664921 2.9140
095437.03+044956.7 148.6543089 4.8324184 3.4900
124310.79-003640.8 190.7949829 -0.6113380 2.0556
133855.04-010229.9 204.7293549 -1.0416660 1.2942
140356.10-013620.4 210.9837774 -1.6056840 2.4690
150752.83+425305.4 226.9701559 42.8848498 2.1960
114643.22+023014.5 176.6801199 2.5040446 2.2840
013633.63+000819.8 24.1401367 0.1388420 1.0494
011047.95+002444.4 17.6998105 0.4123351 2.6310
022224.64+012718.3 35.6026888 1.4550887 2.0700
131459.86+015640.7 198.7494276 1.9446413 2.3050
083340.23+034947.4 128.4176592 3.8298387 2.3880
115733.72+023142.1 179.3905019 2.5283824 2.8360
021907.35-022715.2 34.7806490 -2.4542340 1.1836
093344.15+005314.9 143.4339905 0.8874750 1.1035
023433.98+013818.4 38.6416171 1.6384514 1.3913
021249.47+003448.6 33.2061653 0.5801880 1.2133
022146.50+020806.0 35.4437588 2.1350261 1.2222
224413.58+055600.4 341.0566120 5.9334676 2.4370
131343.31+030333.6 198.4304853 3.0593334 1.6260
140622.44-011230.8 211.5935364 -1.2085561 1.1541
150038.39+024511.5 225.1599912 2.7532117 2.5830
020019.11+023446.3 30.0796476 2.5795283 1.4478
022950.46-000227.3 37.4602521 -0.0409194 1.7220
115019.14+011134.1 177.5797657 1.1928222 2.7900
234521.96+003754.4 356.3415062 0.6317982 1.0830
144718.50+001716.7 221.8271114 0.2879857 2.2890
010512.72-003242.0 16.3030056 -0.5450079 1.6091
215949.70+062426.2 329.9571227 6.4072799 2.2430
124110.55-000441.7 190.2939655 -0.0782527 2.3300
220235.76+065828.7 330.6490039 6.9746394 2.2930
105234.88+002713.1 163.1453714 0.4536433 2.1630
151434.38+434507.1 228.6432840 43.7519957 2.5330
232641.07-002512.0 351.6711344 -0.4200199 2.5950
011924.10-004151.3 19.8504312 -0.6975960 3.0430
003031.86-000609.9  7.6327696 -0.1027577 1.2705
163241.75+444914.7 248.1739765 44.8207531 2.0890
161433.77+443842.9 243.6407318 44.6452560 1.3028
023915.64-010352.9 39.8151868 -1.0647181 1.5000
230451.68+005135.1 346.2153374 0.8597634 4.1660
224215.95-005326.2 340.5664966 -0.8906303 3.3780
091628.21+013318.7 139.1175690 1.5552170 2.0932
090743.72+043508.0 136.9322052 4.5855589 1.4824
230933.26+022828.0 347.3885902 2.4744486 2.8770
093750.13+020827.1 144.4588776 2.1408739 1.6917
233743.11-010421.9 354.4296275 -1.0727770 2.1460
111125.81+035122.9 167.8575509 3.8563775 2.2730
133243.13+010146.3 203.1797485 1.0295360 1.1019
010605.35-005950.8 16.5223274 -0.9974580 1.8569
083050.35-003050.4 127.7098145 -0.5140182 2.2590
133733.71+011249.9 204.3904653 1.2138712 2.9850
020836.33+021653.2 32.1513911 2.2814524 2.0081
093209.46+024351.6 143.0394287 2.7310190 1.0036
233544.22-002359.2 353.9342651 -0.3998050 2.0895
120309.61+043333.5 180.7900757 4.5593109 2.9740
015604.78+021320.8 29.0199224 2.2224656 1.5810
000508.37+010806.4  1.2848790 1.1351219 1.3131
154415.71+442545.5 236.0654906 44.4293184 1.9200
235227.93+021128.3 358.1163829 2.1912022 2.2590
015903.74-003016.6 29.7656018 -0.5046132 2.8880
083242.18+004442.7 128.1757904 0.7452177 2.9350
224548.56+004620.0 341.4523699 0.7722327 2.3040
141313.01+023248.3 213.3042266 2.5467509 2.5340
010500.10+015249.8 16.2504281 1.8805065 2.2010
020234.72-011014.7 30.6446701 -1.1707658 1.4536
142800.89+441925.2 217.0037167 44.3236779 2.1830
011435.02-011746.6 18.6459460 -1.2962778 1.7526
010724.36-002133.7 16.8515280 -0.3593731 1.0291
111151.51+032106.7 167.9646451 3.3518635 2.6730
020440.94-022043.1 31.1705996 -2.3453114 2.2083
231854.69-012725.9 349.7278854 -1.4572141 2.3360
020316.63+014025.2 30.8193076 1.6736737 1.1520
115550.89+011955.8 178.9620514 1.3321871 1.1875
003011.26-004147.8  7.5469353 -0.6966215 1.0400
221926.32-004612.9 334.8596802 -0.7702730 1.0089
115414.98+023655.2 178.5624447 2.6153400 3.3310
003756.25+010949.1  9.4844031 1.1636552 1.7445
084118.84+014423.7 130.3285133 1.7399350 2.4890
225111.19+005944.2 342.7966507 0.9956158 3.8640
100247.14+002052.9 150.6964305 0.3480540 2.2190
163512.25+435717.5 248.8010433 43.9548778 2.4890
084036.44+000804.9 130.1518539 0.1347106 2.5000
234100.71+011438.3 355.2529834 1.2439856 2.8260
220501.19+003122.8 331.2549744 0.5230220 1.6520
100719.31+030554.5 151.8304749 3.0984919 1.3593
012402.01+010341.6 21.0083936 1.0615648 2.7480
012340.08-000623.9 20.9170122 -0.1066393 1.3779
022516.39-032058.4 36.3183254 -3.3495618 1.1710
000453.83+001546.0  1.2243156 0.2627827 2.8620
124153.74+003648.0 190.4739385 0.6133509 2.0800
151155.48+442013.0 227.9811893 44.3369456 3.2650
012917.92+003527.2 22.3246966 0.5908889 1.8634
022656.91-013214.6 36.7371662 -1.5374019 2.6400
114852.36+001700.6 177.2181762 0.2835139 2.1950
090420.07+004458.2 136.0836502 0.7495199 2.3030
105126.74+030538.5 162.8614502 3.0940380 1.4671
001453.95+003547.6  3.7248178 0.5965707 2.9600
100859.54+035104.4 152.2481232 3.8512290 1.7458
013621.54+021747.4 24.0897534 2.2965213 1.4854
134515.80+041115.9 206.3158670 4.1877715 2.4280
231148.54+004426.0 347.9522705 0.7405690 2.1995
010733.11-001332.8 16.8879944 -0.2257939 1.2340
120109.98+025554.3 180.2915991 2.9317572 1.8870
235515.79-002842.0 358.8157959 -0.4783550 1.9232
021322.86-042134.3 33.3452727 -4.3595391 1.9100
023123.53-005230.0 37.8480761 -0.8750131 1.9500
143316.38+005145.5 218.3182526 0.8626590 2.7665
124452.63-020302.1 191.2192948 -2.0505979 2.3340
224002.10+062358.4 340.0087612 6.3995717 3.4350
115007.07+001627.1 177.5294585 0.2741946 2.3000
023130.05+003611.7 37.8752092 0.6032711 1.2120
094421.69+000327.0 146.0903931 0.0575170 1.0446
225324.37+045635.1 343.3515679 4.9430944 2.2650
020433.71-045931.2 31.1404674 -4.9920037 2.5680
234631.04-001732.5 356.6293589 -0.2923628 2.4520
130931.03+051745.3 197.3793130 5.2959192 3.0800
220753.56+045312.1 331.9731739 4.8867021 2.9480
022837.60+003010.2 37.1566885 0.5028563 1.0150
144231.90+423921.5 220.6329476 42.6559766 2.2800
000537.24+023258.3  1.4051867 2.5495371 1.3251
222834.27+004115.9 337.1428169 0.6877601 2.3750
125506.90+035243.7 193.7787909 3.8788062 2.3300
135619.16+001813.3 209.0798485 0.3036981 2.2890
221540.44+035849.7 333.9185161 3.9804729 3.2110
154116.65+430251.0 235.3194087 43.0475263 2.2680
123939.06+003439.8 189.9127808 0.5777400 2.1390
091741.12+001729.0 139.4213562 0.2914100 1.1739
141238.21+422521.0 213.1592338 42.4225063 1.9394
223204.96-001636.6 338.0206744 -0.2768443 2.5850
105723.86+044019.3 164.3494263 4.6720452 1.2859
224108.48-010937.3 340.2853561 -1.1603756 2.1600
143754.71-015312.1 219.4779663 -1.8867220 1.3128
230528.72+030840.2 346.3696911 3.1445075 1.7760
143049.07+430829.6 217.7044753 43.1415666 2.1970
022715.34-015516.9 36.8139411 -1.9213806 1.3246
143135.79-022330.4 217.8991597 -2.3917848 2.9880
161537.01+444151.2 243.9042294 44.6975612 2.7970
014945.33-003257.4 27.4389107 -0.5492796 1.8191
015952.14+024548.5 29.9672663 2.7634775 2.0642
023502.79-001606.9 38.7616396 -0.2685909 2.1730
145535.24+041938.1 223.8968489 4.3272685 3.0330
162236.67+415256.0 245.6528080 41.8822495 1.1370
230556.46+013757.0 346.4852726 1.6325115 2.9260
142931.58+012123.5 217.3815918 1.3565470 1.5188
003000.32-001705.8  7.5013606 -0.2849527 1.9340
235032.25+004615.6 357.6344081 0.7710067 3.4949
085833.47+010123.8 134.6394864 1.0232859 2.9860
145313.37+012256.7 223.3057251 1.3824400 1.9199
220417.99+043412.2 331.0749831 4.5700570 2.5250
003737.55+010952.9  9.4064582 1.1647202 1.7686
014426.34-001122.7 26.1097836 -0.1896511 3.0614
000837.66-010313.7  2.1569272 -1.0538155 1.3697
145331.62+021928.5 223.3817686 2.3246000 2.8050
222112.97+010115.7 335.3040771 1.0210540 2.0063
235852.60+000052.1 359.7192010 0.0144860 1.7986
132736.60+000305.4 201.9025252 0.0515271 2.1510
022103.73+003517.6 35.2655451 0.5882300 1.3222
233201.42-005655.2 353.0059509 -0.9486750 1.0259
011943.78-010328.2 19.9324294 -1.0578571 1.8304
104134.32-004832.8 160.3930348 -0.8091138 2.7240
010301.13-004407.0 15.7547119 -0.7352926 1.1697
143005.73+443922.7 217.5239149 44.6563191 2.7730
085821.56-002412.2 134.5898699 -0.4034126 2.2400
222347.77+073535.6 335.9490663 7.5932403 2.5010
135212.20-021248.4 208.0508728 -2.2134459 1.7429
000329.74+020047.2  0.8739451 2.0131312 2.2600
085850.15+045527.9 134.7089691 4.9244370 1.4241
083057.75+002700.2 127.7406592 0.4500610 2.3400
231847.34-001748.1 349.6972747 -0.2967088 2.5080
014528.23-003049.6 26.3676254 -0.5137861 1.7937
233359.64+010156.1 353.4985035 1.0322724 2.5250
020325.40+030501.3 30.8558392 3.0837158 2.4450
092811.87+000525.8 142.0494843 0.0905130 1.9178
145722.02+025342.5 224.3417816 2.8951440 1.9255
013439.27+001731.5 23.6636600 0.2921040 1.6626
220034.89-010847.3 330.1454163 -1.1464800 1.0602
144501.19+424641.2 221.2549816 42.7781111 2.3700
020130.46-004448.9 30.3769424 -0.7469284 1.4915
022225.92+003401.7 35.6080001 0.5671636 1.2360
002953.15+003543.8  7.4714901 0.5955050 2.2046
022803.02+005636.2 37.0125908 0.9433997 2.0910
112144.76+011421.9 170.4365234 1.2394381 1.2921
020412.38-070331.1 31.0516166 -7.0586511 3.1070
230744.05+002428.4 346.9335632 0.4079070 1.5732
144407.63-010152.7 221.0318065 -1.0313276 4.5400
224718.31+000419.3 341.8262939 0.0720450 1.7037
090257.75+011111.8 135.7406311 1.1866170 1.0417
112753.39-020142.7 171.9724968 -2.0285502 2.2920
220910.38-001601.5 332.2932739 -0.2670850 1.0867
140033.34-005840.6 210.1389389 -0.9779593 2.3780
012819.61+000048.3 22.0817254 0.0134412 2.1068
015909.22+000736.3 29.7884236 0.1267698 1.4180
132528.52+031930.4 201.3688370 3.3251357 2.7060
102258.15-004052.1 155.7423096 -0.6811420 1.7563
002023.18-001110.6  5.0965881 -0.1862990 1.6416
013653.21+003050.4 24.2217469 0.5140240 1.2471
145202.39+433318.0 223.0099676 43.5550227 1.7560
022254.94-043508.0 35.7289523 -4.5855646 1.2220
231230.69-000125.3 348.1278992 -0.0237180 1.6897
013221.31+001605.1 23.0887976 0.2680902 1.5164
122913.10+033218.7 187.3046084 3.5385428 2.3620
123821.66+010518.6 189.5902810 1.0885192 3.1590
131812.29+015624.1 199.5512412 1.9400422 2.5560
022558.98-022515.1 36.4957533 -2.4208710 1.7961
000730.77+022435.2  1.8782495 2.4097845 3.5590
100636.66+021320.9 151.6527555 2.2224753 1.0570
233109.20-010120.2 352.7883456 -1.0222854 2.3920
020819.68-020944.6 32.0820278 -2.1623912 1.8100
143050.28-012848.4 217.7095189 -1.4801161 3.1090
124942.72+033432.0 192.4280323 3.5755651 1.8250
141645.65+434256.3 214.1902301 43.7156474 2.4160
162438.11+433114.8 246.1588004 43.5207783 2.6060
222225.73+042033.0 335.6072136 4.3425255 3.7120
231849.15-011437.9 349.7048282 -1.2438834 2.7150
023828.87-051339.6 39.6202994 -5.2276684 1.9505
111829.41+041349.9 169.6225632 4.2305320 2.4470
233455.93+011422.7 353.7330627 1.2396430 1.9145
015508.07+005010.8 28.7836637 0.8363348 1.7407
235359.81+013541.3 358.4992498 1.5948098 2.0054
225206.51+003514.7 343.0271596 0.5874181 3.0740
120121.33+023102.3 180.3389092 2.5173297 2.8830
133303.35+000451.3 203.2639618 0.0809410 1.5112
083313.28+015019.9 128.3053437 1.8388653 2.4530
135356.74+022228.5 208.4864197 2.3745980 1.3018
234718.40-000956.0 356.8266946 -0.1655640 2.6410
093446.27+003137.3 143.6928099 0.5270544 2.6380
142457.23+031141.4 216.2384949 3.1948540 1.2099
122652.42-005316.0 186.7184488 -0.8877977 2.6120
161306.95+441215.0 243.2789633 44.2041943 2.8210
144145.09+023743.0 220.4378815 2.6286371 1.1601
120417.10+003653.7 181.0712855 0.6149404 2.1790
094122.71+051821.5 145.3446503 5.3059959 1.5467
125141.90+031140.9 192.9246216 3.1947091 1.2233
085752.41+025520.0 134.4684070 2.9222493 2.9340
223405.88+011333.0 338.5245361 1.2258379 1.6458
001113.76+002032.3  2.8073409 0.3423231 2.9550
155257.34+432738.7 238.2389221 43.4607697 1.1171
145705.66+430856.7 224.2735964 43.1491049 2.3010
154139.45+423025.4 235.4143931 42.5070753 2.2760
021949.67+012714.8 34.9569632 1.4541117 1.4497
110556.27+003203.4 166.4844761 0.5342816 2.3900
215947.30-011201.5 329.9471130 -1.2004280 1.9726
093431.42-022508.7 143.6309468 -2.4190940 1.9540
114921.99+010025.4 177.3416458 1.0070820 3.1880
222713.99-005958.5 336.8083148 -0.9996013 2.2280
235637.86+005859.3 359.1577626 0.9831625 2.3490
142749.77+415918.7 216.9573988 41.9885300 2.1619
102408.35-003854.3 156.0348254 -0.6484195 2.2410
003701.33+001546.2  9.2555660 0.2628572 1.1550
134900.22-005449.7 207.2509215 -0.9138165 2.4210
114809.83-011445.1 177.0409742 -1.2458653 2.6840
141907.10+430437.6 214.7795905 43.0771335 1.7582
105715.58+041159.4 164.3149331 4.1998554 2.6540
120623.64+044938.5 181.5985035 4.8273746 2.3700
022045.29+011252.8 35.1887321 1.2146770 1.6549
124808.68+014312.5 192.0361682 1.7201582 2.2730
143158.17-005500.4 217.9924033 -0.9167790 2.2870
093859.23+020925.8 144.7467957 2.1571820 1.4100
225834.36+002014.9 344.6431934 0.3374769 1.3790
121912.94+035142.2 184.8039424 3.8617324 2.5520
022316.74-052147.4 35.8197739 -5.3631683 1.9160
163551.52+420538.0 248.9647064 42.0938950 1.5632
084432.20+010337.5 131.1341858 1.0604320 1.4109
001222.48-002356.2  3.0936737 -0.3989637 1.2472
023054.68-000636.7 37.7278469 -0.1102060 1.0280
112402.31-015042.9 171.0096529 -1.8452701 1.1000
235926.14-002451.7 359.8589193 -0.4143883 1.8218
095407.58+023833.3 148.5315999 2.6425898 2.0350
013303.49-001255.3 23.2645832 -0.2153639 1.7675
022601.65-030128.7 36.5068832 -3.0246399 1.1130
020549.43-010306.0 31.4559609 -1.0516848 1.7525
001750.24+023759.4  4.4593613 2.6331802 1.9157
123503.09-003602.2 188.7628932 -0.6006298 2.6940
220239.30+000650.0 330.6637878 0.1138900 2.1376
010731.89+011348.7 16.8828865 1.2302041 1.3641
140259.92+034333.7 210.7497046 3.7260325 2.8300
001206.26+023704.7  3.0261044 2.6179833 1.5316
001904.83+003436.5  4.7701440 0.5768250 2.1170
141103.31-010829.4 212.7638261 -1.1415135 3.1040
225622.82-001809.9 344.0950928 -0.3027530 1.0482
150053.30+434343.3 225.2220920 43.7287079 1.7491
223514.15+002102.1 338.8089834 0.3505834 2.5450
010349.19+001827.4 15.9549843 0.3076320 1.6597
150152.93+440421.2 225.4705720 44.0725708 1.5266
143545.28-015447.6 218.9387041 -1.9132441 2.5220
000602.17-005358.1  1.5090441 -0.8994940 1.8554
154231.78+443316.9 235.6324474 44.5547192 2.0680
144245.50+041619.4 220.6895905 4.2720671 2.0118
001803.59+015921.8  4.5149757 1.9893939 1.7422
141526.99+035717.3 213.8624927 3.9548105 2.3520
233635.74-010733.7 354.1489563 -1.1260360 1.2929
215927.96+054159.8 329.8665114 5.6999550 2.5620
115110.89+004532.3 177.7953876 0.7589757 2.2550
105409.83+042435.6 163.5409820 4.4099096 2.7140
114641.46-020404.6 176.6727905 -2.0679619 1.9300
012916.14-003211.4 22.3172533 -0.5365004 1.8370
102518.76-003558.9 156.3281676 -0.5996951 2.4900
000955.88-010335.3  2.4828345 -1.0598217 1.9981
131210.01+024314.7 198.0417238 2.7207557 2.6620
000129.98+001911.3  0.3749295 0.3198331 1.9599
124226.73+000956.3 190.6114076 0.1656613 3.0690
233526.63-010634.9 353.8609970 -1.1097213 2.6100
001115.06+015734.7  2.8127686 1.9596427 1.0628
095449.80-004350.3 148.7075043 -0.7306530 1.2930
125825.08+044129.4 194.6045074 4.6915040 2.4288
012202.05+003644.3 20.5085774 0.6123204 1.6492
232201.35+000035.3 350.5056586 0.0098270 3.8630
103132.17+015640.3 157.8840596 1.9445386 2.2330
230524.47+005209.7 346.3519592 0.8693770 1.8499
115805.22-022204.1 179.5217629 -2.3678090 2.6830
101940.90+044359.6 154.9204191 4.7332322 2.2880
143604.88+423242.1 219.0203547 42.5450443 1.3750
090207.03+013013.3 135.5293115 1.5037146 2.5400
012836.06+000228.2 22.1502703 0.0411792 1.0890
222050.95-001744.5 335.2123298 -0.2957136 1.6040
230149.68-003322.1 345.4570312 -0.5561640 2.0059
023049.21+011951.6 37.7050425 1.3310174 1.5569
002705.84-003756.6  6.7743589 -0.6323920 1.0680
000723.16+002559.2  1.8465273 0.4331302 1.8405
160930.52+414701.7 242.3771962 41.7838150 2.9890
023537.04+022804.9 38.9043725 2.4680481 2.1488
123101.66+031118.2 187.7569373 3.1883950 1.3340
022552.11-024029.9 36.4671271 -2.6749988 1.6983
142944.25+042202.6 217.4343872 4.3674002 1.1484
094234.37+033221.6 145.6432087 3.5393405 3.1970
102439.39-020600.5 156.1641419 -2.1001533 2.2150
023722.32-034048.4 39.3430324 -3.6801386 1.4797
123242.97-000916.4 188.1790775 -0.1545720 2.3550
150257.02+023917.7 225.7376099 2.6549289 1.1724
001525.98+002328.6  3.8582690 0.3912930 1.7488
125258.75-004236.1 193.2448120 -0.7100300 1.3731
024125.73-011235.8 40.3572182 -1.2099477 1.0626
220516.42-003346.4 331.3184417 -0.5629009 1.9500
092946.83+000158.2 142.4451458 0.0328369 3.0600
100716.69+030438.7 151.8195441 3.0774332 2.1270
153342.05+442106.5 233.4252401 44.3518096 3.0420
021026.46+022557.3 32.6102754 2.4325884 3.2240
142720.52-015935.0 216.8355190 -1.9930705 1.6120
130029.01+004637.2 195.1209106 0.7770230 1.8653
015929.08+022630.4 29.8711729 2.4417881 1.9947
143556.24+420409.7 218.9843746 42.0693866 1.7930
022125.31+013053.7 35.3554937 1.5149324 2.1834
083216.99+040405.2 128.0708160 4.0681190 1.1160
085939.69+010104.2 134.9153900 1.0178510 1.7684
162003.80+424017.5 245.0158458 42.6715353 2.2440
001441.27+021251.3  3.6719670 2.2142631 3.6915
225342.32+061752.8 343.4263514 6.2980013 2.2850
105302.94+033355.8 163.2622631 3.5655272 2.8610
090553.07-000733.3 136.4711304 -0.1259430 1.5776
123003.25+050649.7 187.5135803 5.1138301 1.5460
215824.40+035217.5 329.6017058 3.8715395 2.2070
143012.35+430333.0 217.5514779 43.0591785 2.7290
144638.87-003805.8 221.6619873 -0.6349540 1.9266
144137.18-001324.9 220.4049377 -0.2235957 3.6220
011720.55-010337.8 19.3356438 -1.0605140 1.0111
221126.42+020305.8 332.8601051 2.0516129 2.2050
002702.36+004120.5  6.7598388 0.6890325 1.6331
221545.77-002405.7 333.9407429 -0.4015949 2.5470
135003.07-022616.5 207.5128326 -2.4379201 1.8359
091645.56+010013.9 139.1898499 1.0038800 1.2198
130222.65+034534.9 195.5943853 3.7597134 2.4830
123150.92+033926.0 187.9622040 3.6572299 1.8619
154303.03+430902.3 235.7626339 43.1506660 2.5130
231229.50+023948.3 348.1229329 2.6634328 2.2570
163538.78+423816.9 248.9116058 42.6380424 1.1271
114120.26+002256.7 175.3344441 0.3824308 2.2010
015654.09+022830.8 29.2253866 2.4752440 2.2350
091258.20+014457.1 138.2425091 1.7492029 2.4360
230453.61-010924.4 346.2233857 -1.1567879 2.2290
085157.62+013036.0 132.9901056 1.5100069 2.3650
014722.58-002856.3 26.8440976 -0.4823306 2.4614
134144.89+022017.0 205.4370480 2.3380738 3.2520
010419.83+022012.3 16.0826629 2.3367669 1.6011
222647.89+061113.7 336.6995441 6.1871399 2.6800
021832.12-012407.9 34.6338663 -1.4022183 1.3138
022724.52+010556.2 36.8522005 1.0989628 1.6820
221520.44+050718.6 333.8352050 5.1218482 1.0030
021958.59+023116.9 34.9941385 2.5213739 3.3110
015450.25-004818.0 28.7094100 -0.8050156 1.4758
122336.32+024417.8 185.9013748 2.7382819 3.4330
114756.23-001318.8 176.9843032 -0.2218947 2.5910
223746.11+020758.3 339.4421543 2.1328623 2.5340
143452.74-002828.0 218.7197571 -0.4744710 2.2553
223407.77+002043.4 338.5324141 0.3453969 2.3410
104802.22+050301.0 162.0092880 5.0502815 2.2780
022612.96+025202.3 36.5540061 2.8673280 1.7971
020553.63-025719.2 31.4734633 -2.9553371 1.2710
123514.36+030416.7 188.8098531 3.0713325 2.1950
101444.48-015244.2 153.6853543 -1.8789680 3.6970
222627.98+002638.2 336.6166051 0.4439521 1.4870
101720.35+011529.5 154.3348120 1.2582105 2.2850
161042.83+442949.4 242.6784725 44.4970763 2.4770
102614.83+040730.6 156.5618233 4.1251908 1.6710
092310.01+020438.4 140.7917243 2.0773378 2.2430
143327.12+043547.6 218.3630061 4.5965830 2.3400
000844.04+001501.1  2.1835015 0.2503116 2.3800
112548.79+004547.1 171.4532998 0.7630922 3.2580
145501.43+422037.6 223.7559639 42.3437998 2.0900
000515.59-012409.1  1.3149859 -1.4025434 1.7060
104837.40-002813.6 162.1558438 -0.4704582 4.0300
022346.50+011526.8 35.9437549 1.2574464 2.4210
140830.38+442915.3 212.1265882 44.4875843 1.9831
130319.59+024141.6 195.8316487 2.6949092 3.2360
021423.02+022013.2 33.5959511 2.3370188 1.3284
130953.52+050443.3 197.4730054 5.0787132 2.4680
020815.56-013200.9 32.0648629 -1.5336005 1.4867
225616.67-003357.8 344.0694885 -0.5660760 1.6484
234925.88+021119.8 357.3578349 2.1888340 1.3826
011431.13-010829.2 18.6297325 -1.1414652 2.1610
115815.42-014709.7 179.5642746 -1.7860517 2.3050
014612.42-001547.6 26.5517812 -0.2632283 1.2788
222041.31-005015.5 335.1721255 -0.8376481 2.6020
235237.62+030006.1 358.1567523 3.0016987 1.9430
124108.16-014646.2 190.2840002 -1.7795236 2.5070
021510.94-010209.6 33.7955886 -1.0360029 2.2745
003614.26+020354.9  9.0594564 2.0652707 2.4479
152133.11+421628.7 230.3879754 42.2746473 2.4450
020428.38+020815.7 31.1182861 2.1377099 1.1847
134436.14+003323.7 206.1506136 0.5566087 1.4290
084539.86+004140.3 131.4161060 0.6945304 2.3250
012354.49+010020.1 20.9770590 1.0055956 1.8001
154942.53+425132.2 237.4272125 42.8589624 2.6640
014024.09+022701.8 25.1003791 2.4505081 1.3972
022640.08+022006.2 36.6670148 2.3350587 1.1377
020452.73-010822.4 31.2197489 -1.1395573 2.5790
023446.10+022026.0 38.6920909 2.3405821 1.9764
143822.97-015557.9 219.5957294 -1.9327577 3.5680
145337.45+435735.3 223.4060491 43.9598303 1.8059
023629.70+020327.5 39.1237648 2.0576610 2.0223
022832.82-042245.9 37.1367515 -4.3794409 1.7557
011424.76+004113.7 18.6031960 0.6871435 1.8795
021756.39+022227.5 34.4849593 2.3743113 1.8052
142824.52+420321.5 217.1021767 42.0559934 2.4140
002131.13+015214.9  5.3797266 1.8708073 2.2900
143459.73+421640.1 218.7489128 42.2778320 1.3197
120242.56+035707.5 180.6773350 3.9521016 2.5870
011728.83+023309.9 19.3701448 2.5527610 1.7552
091608.57-015941.6 139.0357147 -1.9949065 2.2990
233846.86+003215.1 354.6952820 0.5375410 2.1016
093956.66-021520.6 144.9861157 -2.2557233 2.5260
093413.78-010913.7 143.5574432 -1.1538286 2.9700
235120.82-011920.1 357.8367618 -1.3222702 1.2307
145201.59-011945.3 223.0066528 -1.3292580 1.8709
122353.61+050320.9 185.9733953 5.0558204 2.4450
223716.43+023232.6 339.3184799 2.5424052 3.2610
222057.44+000329.8 335.2393377 0.0582941 2.2600
022159.43+001617.6 35.4976565 0.2715668 3.6421
220929.13+055716.4 332.3714121 5.9545831 1.2790
000427.91+023820.4  1.1163230 2.6390049 1.0840
224428.92-000502.4 341.1205250 -0.0840089 3.0070
001455.62+021104.2  3.7317565 2.1845167 2.1290
143301.76+430447.5 218.2573378 43.0798802 1.3823
090033.55+025727.9 135.1398243 2.9577692 2.2360
010241.37-000731.8 15.6723750 -0.1255011 2.9464
010607.50+002911.3 16.5312877 0.4864901 1.7670
085244.38+050325.6 133.1849365 5.0571232 1.7542
002830.42-000818.7  7.1267651 -0.1385445 1.7642
021322.99-042134.3 33.3458307 -4.3595282 1.9053
160026.01+423230.8 240.1083984 42.5419006 1.9893
232555.33+004109.9 351.4805603 0.6860870 1.1780
220422.46+073138.3 331.0936082 7.5273197 2.9880
235335.91-010639.3 358.3996277 -1.1109329 1.2966
000119.36+010524.7  0.3307035 1.0902159 2.3050
232610.23-010427.8 351.5426437 -1.0744104 2.5410
013407.16+014055.6 23.5298548 1.6821369 1.4621
085008.33+023523.0 132.5347439 2.5897232 2.5590
003454.63-002048.2  8.7276260 -0.3467313 1.1438
161142.35+435752.7 242.9264900 43.9646446 2.8180
143832.01+033829.9 219.6333790 3.6416485 2.9120
010829.26+000027.3 17.1219357 0.0075938 2.4294
124854.40+041151.4 192.2266998 4.1976228 1.1205
231739.42+011534.4 349.4142841 1.2595670 2.3020
235817.79-002419.8 359.5741311 -0.4055259 1.3990
093411.51+002952.0 143.5479584 0.4977960 1.9177
132451.81-002843.8 201.2158863 -0.4788538 2.4970
020921.15+011701.9 32.3381381 1.2838798 1.7207
162634.31+431017.4 246.6429973 43.1715219 2.4500
023553.87-000537.3 38.9744949 -0.0937084 2.6370
142239.88+420220.3 215.6661741 42.0389822 3.2330
020434.12-021540.6 31.1422031 -2.2612867 2.4230
090900.80-004021.6 137.2533639 -0.6726753 2.2530
223151.82-010149.4 337.9659424 -1.0304140 1.0522
023247.76+013539.5 38.1990185 1.5943116 1.4838
222506.62-005022.4 336.2775879 -0.8395790 1.2048
222444.62+065500.4 336.1859198 6.9168035 2.4120
010436.63+005654.7 16.1526508 0.9485287 2.5650
020009.10+012848.5 30.0379175 1.4801458 1.4876
021217.84-002522.1 33.0743657 -0.4228196 2.7850
020647.58+004919.3 31.6982594 0.8220417 1.8395
021907.28-034434.6 34.7803595 -3.7429583 1.0470
024024.24-005259.8 40.1010379 -0.8832861 1.0210
12486.427+011602.5 192.0267792 1.2673870 2.1141
144009.57+023137.4 220.0399080 2.5270576 2.1990
145411.91+000341.5 223.5496521 0.0615390 1.7091
084700.66+010710.4 131.7527592 1.1195705 1.6960
162029.46+420420.7 245.1227875 42.0724258 1.4695
160141.11+421538.6 240.4213013 42.2607418 2.1380
004112.41+011128.9 10.3017178 1.1913630 1.7556
134005.94-005012.5 205.0247736 -0.8368328 2.3800
092322.92+002056.2 140.8455392 0.3489722 1.9470
021414.17-013708.8 33.5590627 -1.6191139 2.1739
223525.16-002529.7 338.8548584 -0.4249250 1.6538
100547.80+013348.4 151.4491882 1.5634520 2.0594
013341.35-004516.6 23.4223111 -0.7546236 3.2730
234348.33+000202.8 355.9513855 0.0341220 1.8117
152220.22+431631.6 230.5842885 43.2754547 2.2360
220608.58+000039.0 331.5357666 0.0108590 1.6284
144938.90+434317.1 222.4121094 43.7214317 1.1665
145108.53-013833.0 222.7855651 -1.6425185 2.3900
114056.80-002329.9 175.2366993 -0.3916529 3.6030
230322.74-001438.2 345.8447813 -0.2439687 3.2220
114337.95+004927.9 175.9081317 0.8244310 2.1130
145347.46+003927.0 223.4477844 0.6575230 1.0905
002421.90+013622.3  6.0912650 1.6062069 1.5212
225301.27+060258.7 343.2553117 6.0496622 2.3130
022935.76+014046.4 37.3990269 1.6795798 1.8951
221511.68+044918.4 333.7986850 4.8218014 2.2290
003833.46+015214.2  9.6394477 1.8706339 1.7900
221751.04-004604.6 334.4626770 -0.7679590 1.5211
023228.58+022730.4 38.1191143 2.4584561 1.2640
013346.58-004729.5 23.4440994 -0.7915320 1.7455
091941.56+020654.7 139.9232049 2.1152208 2.7830
022744.22-061756.1 36.9342911 -6.2989253 2.0660
