count_i, smass, sfr, m_age, l_age, AV 
0 5.824 -3.794 -0.003 -0.405 0.377
1 5.828 -3.833 0.192 -0.372 0.224
10 5.624 -3.713 0.245 -0.280 3.248
100 5.326 -4.121 0.257 -0.186 0.109
1000 8.119 -1.024 0.385 0.018 0.460
1001 7.776 -1.773 -0.219 -0.691 0.740
1002 7.793 -0.826 0.219 -0.570 0.877
1003 7.966 -2.492 0.203 -0.011 0.477
1004 7.994 -3.377 0.241 0.168 0.356
1005 7.831 -1.353 0.392 -0.068 0.359
1006 7.909 -3.599 0.008 -0.016 0.303
1007 8.005 -3.298 0.257 0.176 0.271
1008 7.828 -2.394 0.226 -0.216 0.878
1009 7.907 -3.339 0.468 0.400 0.398
101 5.900 -3.520 0.248 -0.410 3.667
1010 7.640 -3.191 0.226 -0.096 0.897
1011 7.449 -2.667 0.016 -0.302 0.924
1012 7.425 -3.271 0.048 -0.048 0.652
1013 7.520 -3.358 0.035 -0.026 1.582
1014 7.619 -3.293 0.455 0.384 1.701
1015 6.116 -2.493 -0.114 -1.569 1.574
1016 7.272 -2.832 -0.038 -0.171 3.019
1017 7.192 -3.227 0.337 0.065 1.704
1018 5.973 -2.520 -0.111 -1.365 0.243
1019 5.648 -3.242 0.168 -1.129 3.895
102 5.247 -4.182 0.292 -0.150 0.050
1020 7.103 -3.745 0.449 0.363 3.788
1021 6.173 -2.681 0.100 -1.223 0.483
1022 6.197 -2.567 0.045 -1.414 1.639
1023 6.289 -2.539 0.225 -1.270 1.030
1024 7.270 -2.448 0.425 -0.160 0.487
1025 7.471 -2.646 0.435 0.089 0.873
1026 7.619 -3.392 0.392 0.302 0.323
1027 7.566 -3.619 0.012 -0.049 0.563
1028 7.483 -2.087 0.340 -0.122 0.310
1029 7.681 -3.429 0.438 0.359 0.284
103 6.363 -3.154 0.152 -0.573 3.140
1030 7.263 -1.267 -0.240 -0.686 0.602
1031 7.548 -2.170 0.222 -0.076 0.279
1032 7.685 -3.466 0.250 0.144 0.419
1033 9.480 1.040 -0.768 -1.338 2.043
1034 7.875 -1.757 0.398 0.127 0.410
1035 8.004 -3.445 0.288 0.215 0.261
1036 8.004 -2.159 0.023 -0.066 0.224
1037 8.137 -1.932 0.267 -0.003 0.392
1038 8.140 -1.454 0.130 -0.236 0.410
1039 8.272 -1.155 0.280 0.039 0.317
104 6.153 -3.504 -0.117 -0.481 0.119
1040 8.270 -3.017 0.059 0.015 0.444
1041 8.363 -3.696 0.359 0.297 0.558
1042 8.405 -3.398 0.358 0.296 0.289
1043 8.355 -3.327 0.073 0.039 0.538
1044 8.425 -3.034 0.231 0.143 0.228
1045 7.795 -0.589 -0.414 -1.200 0.728
1046 7.636 -0.624 -1.155 -1.448 0.791
1047 8.380 -1.001 0.210 -0.072 0.506
1048 8.279 -1.874 0.064 -0.222 0.269
1049 8.614 -1.104 0.423 0.142 1.519
105 5.490 -3.758 0.196 -0.322 0.275
1050 8.108 -0.618 0.070 -0.552 0.817
1051 8.040 -0.790 -0.110 -0.551 0.789
1052 8.010 -1.439 -0.067 -0.486 0.771
1053 8.134 -2.841 0.197 0.079 0.686
1054 8.079 -2.052 0.423 0.232 0.270
1055 7.885 -1.306 0.021 -0.215 0.721
1056 7.923 -3.055 0.015 -0.047 0.706
1057 8.061 -3.807 0.419 0.359 0.285
1058 8.026 -3.182 0.381 0.314 0.357
1059 7.924 -2.986 0.372 0.277 0.243
106 5.923 -3.520 -0.058 -0.459 0.203
1060 7.572 -2.181 -0.270 -0.635 1.324
1061 7.741 -3.077 0.367 0.262 0.156
1062 7.604 -2.140 0.180 -0.140 1.049
1063 7.502 -3.276 0.073 -0.003 0.802
1064 7.552 -3.297 0.469 0.401 0.803
1065 7.314 -3.564 0.078 0.003 0.498
1066 6.278 -2.634 0.179 -1.276 1.318
1067 7.330 -3.309 0.041 -0.044 1.935
1068 6.004 -2.466 -0.172 -1.490 0.322
1069 5.982 -2.929 0.093 -1.249 0.880
107 5.814 -3.130 0.129 -0.875 0.414
1070 6.543 -3.738 -0.220 -0.446 0.342
1071 6.033 -2.666 -0.056 -1.339 1.171
1072 6.260 -2.241 -0.183 -1.322 0.211
1073 6.215 -2.606 -0.064 -1.379 0.853
1074 7.392 -2.871 0.342 0.139 0.396
1075 7.230 -2.504 0.414 -0.352 0.576
1076 7.788 -3.358 0.469 0.415 1.534
1077 7.804 -3.208 0.037 -0.037 2.413
1078 7.765 -3.505 0.029 -0.033 1.676
1079 7.711 -2.491 0.451 0.186 0.454
108 5.490 -3.810 0.262 -0.259 0.969
1080 7.667 -3.078 0.279 0.138 0.522
1081 7.619 -2.681 0.316 0.138 0.432
1082 7.645 -2.370 0.335 0.042 0.261
1083 7.178 -1.967 0.093 -0.745 1.331
1084 7.767 -3.438 -0.058 -0.175 0.185
1085 7.904 -3.165 0.188 0.055 0.359
1086 7.881 -1.352 -0.050 -0.297 0.518
1087 8.121 -3.549 -0.004 -0.017 0.244
1088 8.124 -1.521 0.139 -0.234 0.307
1089 8.147 -1.504 -0.046 -0.337 0.342
109 6.246 -2.544 -0.021 -0.790 1.870
1090 8.334 -2.164 0.210 0.087 0.159
1091 7.874 -0.453 -0.376 -1.002 0.762
1092 8.208 -0.773 0.345 -0.256 0.301
1093 8.392 -1.367 0.411 0.065 0.527
1094 8.116 -0.279 -0.054 -0.746 0.762
1095 7.977 -0.306 -0.842 -1.122 0.734
1096 8.643 -3.130 -0.020 -0.049 0.855
1097 8.753 -2.425 0.042 -0.002 1.400
1098 8.013 -0.305 -0.644 -1.257 1.109
1099 10.022 1.028 -0.237 -1.281 1.518
11 5.758 -3.352 0.224 -0.675 0.282
110 5.973 -2.994 0.149 -0.935 0.311
1100 8.521 -1.438 0.432 0.080 0.397
1101 7.922 -0.641 -0.626 -1.219 1.119
1102 8.139 -0.289 -0.190 -0.766 1.488
1103 8.269 -1.541 0.293 -0.012 0.389
1104 8.261 -2.559 0.323 0.233 0.486
1105 8.186 -2.331 0.413 0.261 0.280
1106 8.009 -1.597 0.228 -0.037 0.553
1107 13.546 0.711 0.016 0.012 0.962
1108 7.993 -3.533 0.290 0.202 0.517
1109 7.814 -1.667 0.352 -0.147 0.871
111 5.289 -4.082 0.262 -0.223 0.064
1110 7.927 -2.288 0.435 0.322 0.223
1111 7.811 -2.063 0.391 0.027 0.893
1112 7.891 -3.266 0.457 0.392 1.102
1113 6.645 -2.219 0.162 -1.277 0.793
1114 7.031 -1.563 0.033 -1.037 1.087
1115 7.370 -3.076 0.056 -0.037 0.383
1116 6.514 -2.590 -0.207 -1.253 0.455
1117 6.572 -1.968 -0.092 -1.201 0.654
1118 6.209 -2.575 0.029 -1.372 0.843
1119 7.413 -3.321 0.469 0.392 1.714
112 5.635 -3.281 0.203 -0.626 0.163
1120 6.315 -2.058 -0.249 -1.149 0.360
1121 7.264 -3.825 0.442 0.354 3.788
1122 7.130 -3.335 0.438 0.295 1.561
1123 6.076 -2.659 0.126 -1.358 0.634
1124 6.524 -1.857 -0.413 -1.313 0.607
1125 7.515 -3.156 0.013 -0.049 1.814
1126 6.459 -2.096 -0.161 -1.633 3.374
1127 7.517 -3.058 -0.411 -0.534 0.578
1128 7.650 -1.529 -0.040 -0.546 1.885
1129 8.203 -3.189 0.460 0.414 3.437
113 6.351 -3.052 0.139 -0.134 0.537
1130 7.794 -2.807 0.061 -0.029 1.290
1131 14.181 5.751 -1.383 -1.909 2.730
1132 7.565 -2.221 0.427 -0.153 0.398
1133 7.686 -1.890 0.432 -0.024 0.490
1134 7.711 -2.053 -0.013 -0.146 0.532
1135 7.842 -1.689 0.027 -0.140 0.670
1136 8.003 -1.863 0.447 0.144 0.506
1137 7.802 -0.993 -0.511 -0.697 0.975
1138 8.204 -3.110 0.160 0.086 0.438
1139 8.346 -3.162 0.268 0.153 0.360
114 6.070 -3.064 0.233 -0.690 0.790
1140 8.369 -1.416 0.231 0.052 0.203
1141 8.409 -3.152 0.058 -0.020 0.316
1142 8.050 -0.218 -0.726 -0.915 0.843
1143 8.412 -0.353 -0.141 -0.573 1.093
1144 8.419 -2.433 -0.001 -0.097 0.188
1145 8.533 -3.316 0.042 0.014 0.381
1146 8.629 -0.684 -0.087 -0.283 0.560
1147 7.940 -0.274 -0.905 -1.028 0.298
1148 8.478 -0.661 0.376 -0.450 0.302
1149 8.741 -1.955 -0.124 -0.299 0.495
115 5.998 -3.169 0.139 -0.944 1.446
1150 8.756 -1.879 0.055 -0.036 0.524
1151 8.342 -0.455 -0.205 -0.976 1.213
1152 7.925 -0.359 -0.914 -1.440 1.208
1153 7.861 -0.447 -0.840 -1.393 1.190
1154 8.267 -0.810 -0.096 -0.438 0.669
1155 8.360 -2.221 0.331 0.031 0.668
1156 7.878 -0.504 -0.108 -0.854 1.348
1157 8.138 -1.248 0.341 0.087 0.636
1158 7.855 -2.148 -0.234 -0.529 0.911
1159 7.924 -1.809 0.114 -0.136 0.717
116 5.876 -2.760 -0.065 -1.230 0.374
1160 7.884 -1.357 0.265 -0.034 0.667
1161 7.907 -1.578 0.325 0.104 0.660
1162 7.844 -3.853 0.288 0.113 0.461
1163 7.767 -2.980 0.320 0.073 0.976
1164 7.196 -1.291 -0.259 -1.084 1.587
1165 7.663 -3.746 0.347 0.269 0.304
1166 7.448 -1.012 -0.116 -0.716 1.733
1167 7.530 -3.292 0.447 0.379 0.469
1168 7.427 -3.309 0.461 0.379 0.625
1169 6.813 -1.789 0.109 -0.992 1.448
117 5.870 -3.148 0.124 -1.126 0.806
1170 6.078 -2.502 -0.086 -1.477 0.482
1171 6.630 -1.924 -0.439 -0.792 0.207
1172 6.135 -2.362 -0.120 -1.068 0.427
1173 5.975 -2.602 -0.073 -1.317 0.213
1174 7.174 -3.632 -0.215 -0.341 2.185
1175 7.200 -2.821 0.439 -0.087 0.927
1176 7.623 -3.605 0.475 0.424 1.376
1177 7.909 -3.464 0.477 0.442 3.069
1178 7.926 -3.180 0.439 0.389 1.569
1179 8.048 -3.146 0.454 0.390 1.364
118 7.075 -3.264 0.449 0.178 3.767
1180 8.097 -2.677 0.472 0.321 1.531
1181 7.851 -1.920 -0.018 -0.227 1.584
1182 7.420 -0.933 -0.420 -0.801 1.148
1183 7.791 -3.015 0.380 0.268 0.285
1184 7.368 -0.960 -0.483 -0.866 0.929
1185 7.730 -1.643 -0.009 -0.192 0.441
1186 7.920 -2.186 0.284 0.109 0.268
1187 7.868 -1.350 -0.035 -0.372 0.641
1188 8.012 -1.265 -0.131 -0.353 0.955
1189 8.308 -3.527 0.332 0.251 0.427
119 6.555 -3.638 -0.240 -0.481 0.122
1190 8.357 -3.442 0.021 -0.002 0.602
1191 8.460 -3.227 0.045 -0.009 0.451
1192 8.584 -3.505 0.295 0.212 0.158
1193 8.672 -2.300 0.281 0.153 0.286
1194 8.713 -1.047 0.417 0.071 0.465
1195 8.604 -0.831 -0.014 -0.180 0.579
1196 8.945 -2.971 0.466 0.441 0.160
1197 8.663 -0.833 -0.144 -0.468 0.362
1198 8.331 0.086 -0.943 -1.308 1.623
1199 8.333 0.086 -0.910 -1.204 0.455
12 6.165 -3.663 0.341 0.060 1.474
120 5.940 -2.845 0.192 -0.788 0.140
1200 8.539 -1.302 -0.379 -0.517 0.335
1201 9.040 -0.692 0.053 -0.440 1.816
1202 8.792 -0.265 0.379 -0.471 1.164
1203 8.805 -1.986 -0.252 -0.460 1.512
1204 8.585 -0.126 0.251 -0.490 1.097
1205 8.617 -0.988 0.318 -0.192 0.973
1206 8.361 -0.885 -0.042 -0.335 0.915
1207 8.327 -0.839 0.313 -0.051 0.833
1208 7.595 -0.821 -0.621 -1.284 1.392
1209 8.202 -2.943 0.448 0.399 0.194
121 6.106 -2.361 -0.221 -1.203 0.287
1210 8.039 -3.060 0.249 0.080 0.731
1211 8.057 -3.457 0.453 0.404 0.250
1212 7.994 -3.356 0.458 0.409 0.415
1213 7.700 -1.332 0.233 -0.178 0.525
1214 7.825 -3.169 0.410 0.319 0.485
1215 8.129 -3.169 0.473 0.427 3.293
1216 7.738 -2.466 0.459 0.286 1.075
1217 6.146 -2.318 -0.212 -1.681 0.790
1218 10.759 0.073 -0.375 -0.478 2.653
1219 7.381 -3.403 0.052 -0.037 1.267
122 5.688 -3.130 0.120 -1.281 0.361
1220 6.606 -3.677 0.451 0.278 3.947
1221 7.216 -3.548 0.062 -0.033 2.038
1222 6.115 -2.751 0.166 -1.261 0.779
1223 6.223 -2.226 -0.135 -1.208 0.822
1224 7.126 -3.355 0.450 0.229 1.374
1225 7.160 -3.480 0.239 0.121 0.687
1226 6.615 -1.841 -0.323 -1.242 0.687
1227 7.488 -3.351 0.381 0.276 0.478
1228 7.212 -2.388 0.393 -0.512 1.434
1229 8.086 -3.272 0.466 0.423 2.884
123 5.899 -3.065 0.235 -0.976 1.229
1230 8.181 -3.252 0.464 0.414 1.503
1231 7.320 -1.920 0.346 -0.858 1.339
1232 7.983 -2.189 0.098 -0.073 1.638
1233 7.551 -1.167 0.053 -0.770 1.698
1234 7.540 -1.453 0.274 -0.568 1.090
1235 7.915 -3.534 0.324 0.249 0.273
1236 7.846 -1.655 0.393 -0.010 0.385
1237 11.914 3.663 -1.306 -1.464 2.833
1238 8.014 -1.809 0.409 0.110 0.374
1239 8.131 -1.549 0.427 0.002 0.369
124 5.994 -2.886 0.166 -1.270 3.173
1240 10.666 2.451 -0.878 -0.988 3.045
1241 8.472 -0.235 0.216 -0.402 1.166
1242 8.523 -2.848 0.209 0.112 0.255
1243 7.958 -0.409 -0.490 -1.325 0.953
1244 8.653 -1.316 0.014 -0.193 0.462
1245 8.832 -1.415 0.324 0.137 0.348
1246 8.850 -2.634 0.007 -0.024 0.647
1247 8.376 -1.012 0.117 -0.794 0.429
1248 9.352 -0.254 0.437 0.291 0.721
1249 8.731 0.466 -1.108 -1.457 0.162
125 6.344 -3.381 -0.139 -0.649 0.235
1250 9.738 0.508 -0.102 -0.315 3.655
1251 8.663 -2.647 -0.411 -0.475 0.370
1252 8.094 -0.287 -1.023 -1.637 0.974
1253 9.125 -2.025 0.050 -0.168 1.377
1254 8.646 0.307 -0.779 -0.935 1.624
1255 8.854 -0.649 0.071 -0.207 1.022
1256 8.113 -0.348 -0.748 -1.273 1.231
1257 8.063 -1.055 0.002 -0.855 1.208
1258 8.206 -1.260 -0.217 -0.546 1.191
1259 7.669 -0.781 -0.487 -1.266 1.416
126 6.855 -3.569 0.459 0.318 1.371
1260 8.239 -3.004 0.343 0.242 0.684
1261 7.541 -0.721 -0.762 -1.061 1.223
1262 7.559 -0.995 -0.034 -0.943 1.277
1263 7.985 -1.708 0.441 0.276 0.444
1264 7.789 -1.910 0.444 -0.084 0.686
1265 7.815 -3.204 0.021 -0.037 1.517
1266 7.834 -3.451 0.471 0.414 0.823
1267 7.034 -1.390 -0.291 -1.237 1.700
1268 7.121 -1.650 -0.222 -0.976 0.895
1269 7.193 -1.979 -0.285 -0.759 1.065
127 5.988 -2.467 -0.151 -1.189 0.243
1270 7.042 -1.241 -0.564 -0.889 1.439
1271 6.569 -1.869 -0.291 -1.247 0.467
1272 7.451 -3.630 0.472 0.418 2.542
1273 7.130 -3.437 0.329 0.105 0.633
1274 7.173 -3.758 0.443 0.354 0.376
1275 6.983 -2.161 -0.027 -0.286 0.212
1276 7.270 -3.207 0.313 0.163 0.333
1277 7.101 -3.303 -0.017 -0.342 0.218
1278 7.454 -3.421 0.002 -0.049 0.842
1279 7.110 -1.404 0.033 -0.952 1.194
128 6.058 -2.455 -0.079 -1.147 0.332
1280 7.849 -2.582 0.447 0.340 0.633
1281 7.455 -1.975 0.396 -0.664 1.481
1282 6.833 -1.757 -0.138 -1.623 2.408
1283 7.901 -2.007 0.029 -0.229 1.225
1284 7.899 -3.354 0.018 -0.021 1.428
1285 7.172 -1.257 -0.307 -1.231 1.172
1286 7.670 -1.596 0.356 -0.322 0.501
1287 7.478 -1.613 -0.481 -0.963 0.669
1288 7.996 -2.590 0.257 0.119 0.392
1289 8.060 -1.600 0.418 0.026 0.517
129 5.875 -2.928 0.009 -1.248 1.882
1290 7.884 -1.187 -0.078 -0.701 0.791
1291 8.223 -2.395 -0.103 -0.349 1.176
1292 8.488 -2.899 0.418 0.357 0.461
1293 8.501 -2.923 0.002 -0.068 0.406
1294 8.533 -2.802 -0.450 -0.505 0.708
1295 8.776 -2.087 0.052 -0.010 0.206
1296 9.025 -3.492 0.416 0.377 0.441
1297 9.075 -2.874 0.433 0.392 0.713
1298 6.894 -1.493 -0.525 -1.803 3.817
1299 9.484 -2.464 0.413 0.361 1.059
13 5.551 -3.907 0.140 -0.316 0.236
130 5.628 -3.948 0.093 -0.337 0.066
1300 8.482 0.243 -1.426 -1.689 0.510
1301 9.039 0.440 -0.741 -1.212 0.125
1302 8.759 0.502 -1.369 -1.594 2.090
1303 8.425 0.108 -0.940 -1.410 1.336
1304 9.174 -3.303 0.197 -0.113 1.509
1305 8.820 -1.229 -0.516 -0.746 1.605
1306 8.834 -3.499 -0.335 -0.395 1.653
1307 8.453 -0.501 -0.048 -0.797 1.296
1308 8.500 -1.942 0.167 -0.305 1.025
1309 8.449 -2.860 0.273 -0.083 1.186
131 6.024 -3.947 -0.017 -0.364 0.401
1310 8.262 -1.928 -0.092 -0.347 1.531
1311 8.049 -1.408 0.238 -0.357 1.043
1312 7.835 -1.387 -0.473 -0.751 1.547
1313 7.497 -0.825 -0.465 -0.928 1.099
1314 7.920 -2.915 0.055 -0.039 1.048
1315 7.848 -1.815 0.146 -0.093 1.058
1316 7.134 -1.192 -0.644 -1.322 1.496
1317 7.843 -3.641 0.464 0.421 0.569
1318 7.597 -3.134 0.004 -0.056 0.657
1319 7.541 -3.631 -0.080 -0.177 0.296
132 6.482 -3.617 -0.228 -0.478 0.140
1320 7.532 -2.438 0.237 0.092 0.243
1321 6.942 -1.355 -0.529 -0.937 0.387
1322 7.333 -3.056 0.319 0.120 0.417
1323 7.257 -3.509 0.135 0.035 1.041
1324 7.304 -3.528 0.460 0.389 0.477
1325 7.272 -3.332 0.020 -0.064 2.108
1326 6.237 -2.729 -0.173 -1.264 0.253
1327 6.629 -1.856 -0.211 -1.188 1.302
1328 7.391 -3.479 0.366 0.266 0.298
1329 7.390 -1.918 0.409 -0.196 0.869
133 6.111 -2.820 0.194 -1.196 3.727
1330 7.677 -3.198 0.425 0.330 0.574
1331 7.784 -2.431 0.442 0.256 0.582
1332 8.011 -3.089 0.466 0.411 1.203
1333 7.617 -2.076 0.406 -0.450 1.057
1334 7.979 -3.095 0.043 -0.005 1.794
1335 7.926 -3.079 0.472 0.432 0.316
1336 7.936 -3.280 0.465 0.410 0.516
1337 7.142 -1.207 -0.498 -1.340 1.139
1338 7.885 -3.087 0.212 0.115 0.442
1339 8.044 -3.352 0.328 0.260 0.404
134 6.897 -3.514 0.448 0.320 3.205
1340 8.016 -3.447 -0.001 -0.046 0.720
1341 8.093 -1.623 0.177 0.031 0.606
1342 8.340 -1.983 0.446 0.345 0.510
1343 8.391 -3.245 0.091 0.041 0.606
1344 8.687 -3.386 0.443 0.395 0.265
1345 8.756 -3.830 0.306 0.241 0.275
1346 8.835 -2.770 0.176 0.108 0.277
1347 8.933 -0.925 -0.004 -0.131 0.969
1348 8.987 -2.836 -0.003 -0.025 1.055
1349 9.158 -1.552 -0.467 -0.538 2.250
135 6.206 -3.409 0.106 -0.519 0.839
1350 9.083 -1.687 -0.150 -0.278 1.204
1351 8.408 -2.552 -0.446 -0.550 1.235
1352 9.355 -2.638 0.346 0.269 0.466
1353 7.688 -0.648 -0.916 -1.839 0.840
1354 9.267 -3.049 0.469 0.449 0.620
1355 8.588 0.329 -0.781 -1.050 1.867
1356 8.335 0.098 -1.161 -1.359 1.998
1357 8.708 -1.397 0.180 -0.383 1.315
1358 8.652 -1.259 -0.009 -0.127 1.022
1359 8.598 -3.395 0.202 0.013 1.123
136 6.036 -3.104 0.142 -0.982 3.235
1360 8.517 -3.112 0.341 0.199 0.967
1361 8.401 -2.927 0.435 0.322 0.571
1362 8.022 -2.366 -0.002 -0.245 0.742
1363 8.156 -2.787 0.464 0.402 0.403
1364 8.048 -3.287 0.458 0.398 0.417
1365 8.002 -3.346 0.471 0.422 0.364
1366 7.957 -2.964 0.478 0.420 0.488
1367 7.274 -2.234 0.405 -0.611 0.568
1368 7.818 -3.356 0.471 0.419 0.419
1369 7.638 -3.236 0.053 -0.015 0.935
137 6.125 -3.879 -0.002 -0.316 0.324
1370 7.451 -2.124 -0.018 -0.387 0.713
1371 7.625 -3.273 0.489 0.404 0.308
1372 7.474 -3.013 0.302 0.173 0.428
1373 7.495 -2.884 0.455 0.331 1.158
1374 6.217 -2.463 0.038 -1.238 0.161
1375 7.154 -3.238 0.059 -0.036 0.938
1376 6.105 -2.681 0.023 -1.319 0.758
1377 7.292 -3.252 0.447 0.343 1.898
1378 6.214 -2.721 -0.067 -1.256 0.507
1379 7.392 -3.721 0.424 0.368 0.441
138 6.198 -2.714 0.209 -0.772 0.401
1380 6.663 -1.674 -0.600 -1.336 0.946
1381 7.684 -3.382 0.460 0.397 1.623
1382 7.678 -3.013 0.466 0.348 1.011
1383 7.686 -1.781 0.009 -0.383 1.649
1384 7.807 -1.691 0.438 -0.056 1.203
1385 7.861 -2.242 0.464 0.242 0.567
1386 6.810 -1.560 -0.408 -1.468 0.205
1387 7.508 -1.488 0.232 -0.564 0.638
1388 7.009 -1.361 -0.370 -1.374 0.766
1389 8.013 -2.735 0.470 0.392 0.851
139 6.752 -3.596 0.093 -0.035 1.483
1390 7.918 -1.780 0.425 -0.014 0.575
1391 7.237 -1.076 -0.819 -1.400 1.092
1392 8.063 -1.695 0.449 0.106 0.398
1393 8.118 -1.689 0.051 -0.217 0.769
1394 7.992 -0.403 -0.450 -0.802 1.207
1395 8.425 -1.365 0.160 -0.185 0.959
1396 8.647 -2.760 0.075 0.025 0.994
1397 8.861 -2.207 0.466 0.382 0.308
1398 8.903 -0.742 0.424 0.214 0.589
1399 8.871 -3.087 -0.014 -0.033 1.039
14 6.047 -3.582 0.004 -0.387 0.087
140 5.740 -3.884 0.133 -0.282 0.248
1400 8.908 -3.002 -0.455 -0.492 1.837
1401 9.195 -2.699 0.470 0.438 0.917
1402 6.918 -2.192 0.100 -0.708 2.133
1403 7.490 -0.894 -0.969 -1.781 0.442
1404 8.909 -2.944 0.339 0.266 0.908
1405 8.963 -1.969 0.480 0.318 0.344
1406 7.996 -0.231 -1.240 -1.560 1.414
1407 8.175 -0.191 -0.713 -1.183 1.231
1408 8.228 -0.087 -0.649 -0.941 1.496
1409 8.568 -2.755 0.233 -0.118 1.116
141 5.813 -2.925 0.101 -0.834 0.372
1410 8.438 -2.342 0.172 -0.058 0.880
1411 8.465 -3.554 0.366 0.318 0.815
1412 8.413 -2.812 0.470 0.422 0.578
1413 7.905 -1.079 0.017 -0.682 1.506
1414 7.973 -2.552 0.021 -0.126 1.014
1415 7.883 -1.735 0.136 -0.222 1.146
1416 7.823 -3.245 0.009 -0.060 0.838
1417 7.920 -3.192 0.477 0.423 0.523
1418 7.688 -3.175 0.025 -0.035 0.742
1419 7.810 -3.151 0.473 0.425 0.539
142 5.735 -3.245 0.184 -0.599 0.140
1420 7.634 -3.072 0.053 -0.028 1.185
1421 6.844 -2.356 0.303 -0.877 0.741
1422 7.505 -3.765 0.318 0.234 0.407
1423 7.565 -3.455 0.456 0.367 1.521
1424 6.263 -2.532 -0.035 -1.383 0.849
1425 6.116 -2.418 -0.080 -1.446 0.495
1426 6.079 -2.600 -0.052 -1.505 1.202
1427 7.160 -2.893 0.448 0.210 1.023
1428 6.846 -3.402 -0.261 -0.468 2.482
1429 7.438 -3.624 0.438 0.364 2.919
143 5.906 -3.061 0.093 -1.007 0.721
1430 5.890 -2.715 -0.038 -1.554 0.307
1431 7.379 -3.396 0.042 -0.047 1.229
1432 7.570 -3.453 0.470 0.393 0.895
1433 7.664 -3.247 0.455 0.373 1.088
1434 7.757 -3.299 0.463 0.400 0.746
1435 7.815 -2.879 0.481 0.375 0.910
1436 7.411 -1.256 -0.025 -0.726 1.047
1437 7.028 -1.412 -0.475 -1.233 0.289
1438 7.444 -1.621 -0.055 -0.673 0.636
1439 7.281 -2.046 0.375 -0.629 0.387
144 5.862 -3.034 0.100 -0.738 0.287
1440 7.708 -1.771 0.416 -0.257 0.388
1441 7.633 -1.530 0.351 -0.493 0.640
1442 8.020 -2.279 0.356 0.247 0.300
1443 7.895 -2.526 -0.015 -0.252 0.353
1444 8.173 -1.747 0.444 0.158 0.373
1445 8.301 -1.728 -0.017 -0.223 1.285
1446 8.446 -1.917 0.462 0.332 0.646
1447 8.535 -2.852 -0.008 -0.045 1.362
1448 8.684 -2.692 0.028 -0.042 1.625
1449 8.672 -0.887 0.282 -0.074 1.117
145 5.732 -3.767 0.189 -0.236 0.285
1450 8.763 -2.154 0.461 0.333 0.532
1451 8.744 -2.928 0.032 -0.024 0.993
1452 8.191 -0.080 -1.262 -1.446 1.873
1453 8.848 -2.219 0.457 0.363 1.335
1454 8.553 -1.813 0.149 -0.002 1.113
1455 8.844 -2.765 0.248 0.079 0.908
1456 8.800 -0.715 0.329 0.129 0.903
1457 7.896 -0.372 -1.093 -1.422 1.324
1458 7.854 -0.440 -1.098 -1.468 1.289
1459 7.895 -0.421 -0.824 -1.317 1.450
146 5.662 -3.549 0.259 -0.758 3.859
1460 8.533 -3.188 0.386 0.227 0.788
1461 8.366 -2.777 0.011 -0.067 0.957
1462 8.352 -2.820 0.041 -0.023 1.350
1463 7.914 -0.575 -0.536 -0.921 1.974
1464 7.924 -0.908 -0.562 -0.716 1.855
1465 7.268 -1.053 -0.720 -1.372 1.407
1466 7.770 -2.268 -0.122 -0.381 1.033
1467 7.686 -2.484 0.003 -0.266 0.591
1468 7.649 -1.294 0.320 -0.226 1.038
1469 7.803 -3.251 0.454 0.377 0.566
147 5.317 -4.133 0.289 -0.174 3.925
1470 7.626 -3.373 0.275 0.023 0.536
1471 7.663 -2.342 0.447 0.210 0.746
1472 7.559 -2.802 0.179 0.019 1.199
1473 7.367 -2.717 0.062 -0.112 1.043
1474 7.340 -2.198 0.428 0.103 0.248
1475 6.735 -2.762 -0.232 -0.857 0.377
1476 6.813 -2.700 0.369 -0.581 0.945
1477 7.217 -3.561 0.073 -0.020 1.617
1478 6.640 -2.031 -0.201 -1.001 1.779
1479 6.353 -3.087 -0.164 -0.825 0.740
148 5.756 -3.012 0.052 -0.875 0.183
1480 6.885 -2.916 0.396 -0.273 1.436
1481 7.325 -3.157 0.453 0.338 1.456
1482 6.837 -2.655 0.041 -0.605 0.635
1483 7.326 -3.020 0.447 0.214 0.704
1484 7.506 -3.443 0.396 0.310 0.474
1485 7.608 -3.341 0.473 0.399 0.608
1486 7.708 -3.217 0.057 0.002 2.191
1487 7.707 -3.644 0.420 0.330 0.261
1488 7.810 -3.397 0.485 0.433 0.544
1489 7.790 -3.794 0.404 0.336 0.157
149 5.822 -3.710 0.047 -0.369 0.118
1490 7.760 -3.083 0.143 0.061 0.803
1491 7.567 -1.477 -0.029 -0.648 1.473
1492 7.565 -1.206 0.269 -0.662 1.065
1493 7.959 -3.419 0.319 0.235 0.323
1494 7.961 -2.922 0.051 -0.019 0.739
1495 7.848 -1.621 -0.414 -0.714 1.176
1496 8.087 -1.454 0.362 -0.146 0.651
1497 8.245 -1.873 0.454 0.106 0.313
1498 8.417 -2.013 0.439 0.217 2.625
1499 8.291 -0.634 -0.454 -0.653 1.683
15 6.857 -3.237 0.026 -0.186 1.890
150 6.059 -3.634 0.022 -0.363 0.387
1500 8.581 -2.051 0.478 0.315 0.708
1501 8.402 -1.121 -0.414 -0.704 1.884
1502 8.464 -0.928 -0.038 -0.448 1.376
1503 8.788 -3.367 0.477 0.448 0.603
1504 7.536 -0.828 -1.021 -1.698 1.019
1505 7.203 -1.129 -0.684 -1.818 0.721
1506 8.441 -0.606 -0.465 -0.848 1.748
1507 8.648 -2.566 0.472 0.384 0.394
1508 7.657 -1.219 -0.310 -1.151 1.271
1509 8.530 -1.129 0.446 0.263 0.480
151 6.124 -3.726 0.158 -0.095 0.306
1510 8.249 -1.672 0.020 -0.388 0.590
1511 8.449 -3.487 0.431 0.390 0.252
1512 8.337 -3.003 0.043 -0.015 1.219
1513 8.295 -1.559 0.449 0.151 0.835
1514 8.234 -3.002 0.278 0.184 0.922
1515 10.490 -1.204 -0.022 -0.027 1.118
1516 7.686 -1.306 -0.031 -0.694 1.486
1517 7.937 -2.854 0.474 0.394 0.536
1518 7.283 -1.197 -0.194 -1.050 1.357
1519 7.343 -1.198 0.068 -0.761 1.219
152 5.878 -3.361 0.253 -0.799 3.697
1520 6.812 -2.303 0.323 -0.992 0.413
1521 7.579 -2.142 0.261 0.058 0.545
1522 7.599 -3.642 0.286 0.192 0.393
1523 7.470 -2.953 0.066 -0.048 0.714
1524 7.254 -2.495 0.089 -0.311 0.293
1525 7.359 -3.249 0.307 0.172 0.284
1526 7.638 -3.520 0.457 0.401 3.313
1527 6.659 -2.061 -0.343 -0.994 1.010
1528 6.078 -2.689 -0.059 -1.425 2.268
1529 6.999 -3.866 0.112 0.037 1.026
153 5.953 -3.024 0.090 -0.399 0.238
1530 6.975 -2.993 0.433 0.183 1.639
1531 6.375 -2.029 -0.341 -1.276 2.122
1532 7.024 -3.743 0.019 -0.064 0.293
1533 7.358 -3.622 0.060 0.003 3.721
1534 7.255 -3.228 0.441 0.322 1.227
1535 7.312 -3.482 0.171 0.041 0.519
1536 7.634 -3.249 0.473 0.386 1.620
1537 7.834 -3.419 0.490 0.444 3.437
1538 7.491 -3.256 0.088 -0.039 0.541
1539 7.750 -3.298 0.449 0.376 1.340
154 6.400 -3.403 -0.162 -0.429 0.132
1540 7.653 -2.725 -0.003 -0.102 1.612
1541 7.576 -2.750 0.035 -0.183 0.410
1542 7.822 -3.364 0.385 0.312 0.322
1543 7.741 -1.715 0.410 -0.098 0.344
1544 7.953 -2.540 0.469 0.312 0.336
1545 7.928 -2.055 0.332 0.118 0.198
1546 7.707 -2.282 -0.323 -0.666 0.601
1547 9.314 -1.232 -0.002 -0.068 2.422
1548 8.106 -2.286 0.260 -0.056 0.753
1549 8.185 -1.459 0.321 -0.126 0.701
155 6.353 -3.624 -0.074 -0.386 0.197
1550 8.026 -0.393 -0.241 -0.738 1.472
1551 8.408 -1.983 0.015 -0.112 1.463
1552 8.408 -1.776 0.442 0.090 0.656
1553 8.498 -2.265 0.465 0.236 0.416
1554 7.781 -0.497 -1.056 -1.457 1.949
1555 7.731 -0.548 -1.133 -1.449 1.539
1556 7.769 -0.552 -0.774 -1.367 1.432
1557 8.366 -1.169 0.379 -0.143 0.983
1558 8.354 -1.852 -0.194 -0.391 1.246
1559 8.196 -1.190 -0.424 -0.721 1.490
156 5.843 -2.959 0.080 -0.800 0.618
1560 8.422 -3.346 0.257 0.116 0.868
1561 8.235 -1.125 -0.024 -0.307 0.935
1562 8.394 -2.909 0.465 0.412 0.488
1563 8.241 -3.263 -0.014 -0.049 0.994
1564 8.130 -1.160 0.128 -0.184 1.141
1565 8.155 -3.775 0.285 0.098 0.999
1566 7.073 -1.329 -0.430 -1.504 0.972
1567 7.509 -2.053 0.427 -0.446 0.740
1568 7.770 -2.120 0.426 0.130 0.490
1569 7.780 -3.888 0.419 0.372 0.246
157 5.836 -3.421 0.130 -0.431 0.141
1570 7.491 -3.103 -0.003 -0.190 0.326
1571 7.439 -3.019 -0.219 -0.404 0.819
1572 7.704 -3.174 0.451 0.395 0.590
1573 7.679 -3.111 0.470 0.385 0.733
1574 7.419 -3.619 0.023 -0.052 0.558
1575 6.603 -2.526 0.289 -1.029 0.456
1576 6.264 -2.524 -0.031 -1.365 0.506
1577 7.446 -2.850 0.467 0.087 3.802
1578 7.382 -3.256 0.468 0.383 1.755
1579 6.328 -2.770 0.080 -1.056 1.725
158 5.968 -2.945 0.196 -1.195 3.585
1580 6.870 -3.494 0.018 -0.151 0.971
1581 6.459 -2.870 0.008 -0.411 1.338
1582 6.589 -2.553 -0.270 -0.625 0.563
1583 5.828 -3.472 0.247 -0.650 3.793
1584 7.082 -3.769 0.105 0.022 0.992
1585 7.193 -3.215 0.417 0.252 0.740
1586 6.457 -2.421 0.176 -1.254 3.139
1587 7.442 -3.150 0.462 0.371 0.515
1588 7.040 -1.378 -0.179 -0.856 1.369
1589 7.616 -3.388 0.472 0.379 0.588
159 6.534 -3.597 0.419 0.247 3.771
1590 7.554 -3.645 0.139 0.056 0.750
1591 7.542 -2.872 0.069 -0.041 0.751
1592 7.730 -3.862 0.405 0.338 0.256
1593 7.708 -3.368 0.037 -0.055 0.645
1594 7.801 -3.837 0.262 0.199 0.391
1595 7.762 -1.940 0.070 -0.225 0.792
1596 7.717 -1.626 -0.010 -0.510 0.837
1597 7.580 -0.828 -0.376 -0.791 0.827
1598 8.050 -3.824 0.277 0.211 0.322
1599 7.975 -2.060 0.025 -0.257 0.561
16 5.708 -3.794 0.241 -0.211 0.817
160 6.010 -3.712 0.022 -0.332 0.509
1600 7.863 -1.912 0.320 -0.433 0.471
1601 7.922 -1.789 0.428 -0.411 0.376
1602 8.052 -0.584 -0.387 -0.718 1.762
1603 8.153 -1.101 -0.098 -0.551 1.346
1604 8.281 -1.927 0.449 0.028 0.657
1605 8.408 -3.018 0.383 0.252 0.739
1606 8.382 -3.216 0.066 -0.009 1.071
1607 8.214 -1.908 -0.486 -0.605 1.671
1608 8.373 -1.863 0.391 0.245 0.636
1609 8.372 -2.429 0.372 0.166 0.375
161 5.477 -3.871 0.272 -0.243 3.339
1610 7.936 -0.920 0.162 -0.778 1.685
1611 8.320 -3.342 0.182 -0.009 1.088
1612 8.347 -1.121 0.393 0.108 1.107
1613 8.017 -0.833 -0.073 -0.716 1.673
1614 8.325 -3.431 0.437 0.402 0.550
1615 8.186 -2.246 0.292 0.054 1.210
1616 7.630 -0.624 -0.666 -0.958 1.728
1617 8.010 -3.505 0.399 0.267 0.729
1618 7.687 -1.513 0.362 -0.337 1.039
1619 7.749 -2.956 -0.323 -0.432 2.018
162 6.175 -2.466 -0.008 -0.977 3.246
1620 9.048 -1.099 -0.048 -0.411 2.489
1621 7.773 -3.260 0.464 0.415 1.261
1622 7.217 -2.607 -0.335 -0.755 0.683
1623 7.589 -3.271 0.464 0.408 0.432
1624 7.484 -3.599 0.330 0.248 0.191
1625 7.522 -3.749 0.416 0.346 0.272
1626 7.182 -1.978 0.379 -0.326 0.826
1627 7.465 -3.570 0.469 0.414 2.442
1628 7.144 -2.624 0.348 0.100 0.362
1629 6.845 -2.880 -0.352 -0.791 1.691
163 6.044 -3.040 0.240 -0.970 3.608
1630 5.945 -2.725 -0.053 -1.298 0.258
1631 6.636 -3.434 -0.273 -0.581 0.399
1632 6.235 -3.044 0.062 -0.825 2.296
1633 6.917 -3.392 0.041 -0.118 2.525
1634 6.531 -2.997 0.368 -0.442 1.419
1635 6.057 -2.411 -0.083 -1.267 0.297
1636 6.137 -2.490 -0.053 -1.331 0.342
1637 6.237 -2.637 0.188 -1.283 1.795
1638 6.419 -2.134 -0.065 -1.305 0.586
1639 6.807 -1.713 -0.339 -1.140 0.932
164 5.933 -3.699 0.166 -0.280 0.476
1640 6.341 -2.268 -0.350 -1.482 0.244
1641 6.508 -2.413 0.210 -1.221 0.613
1642 7.119 -1.583 0.196 -0.902 1.020
1643 7.591 -3.081 0.009 -0.047 0.664
1644 7.611 -2.468 0.451 0.078 0.577
1645 8.729 0.008 -0.155 -1.624 2.444
1646 7.530 -1.190 0.072 -0.717 1.130
1647 7.668 -1.801 0.168 -0.398 0.496
1648 7.999 -3.454 0.352 0.264 0.274
1649 7.927 -2.198 0.047 -0.078 0.447
165 7.006 -3.445 0.470 0.345 3.549
1650 8.079 -2.136 0.364 0.156 0.431
1651 8.099 -2.488 0.273 -0.055 0.807
1652 8.120 -0.940 0.253 -0.110 1.009
1653 8.227 -1.640 0.443 0.163 0.464
1654 8.257 -3.043 0.338 0.149 0.505
1655 8.114 -2.050 -0.112 -0.361 0.938
1656 8.069 -1.073 -0.022 -0.599 1.304
1657 8.394 -2.931 0.473 0.412 0.378
1658 8.030 -1.061 -0.081 -0.652 1.280
1659 8.185 -0.736 0.270 -0.199 1.013
166 6.450 -2.421 -0.286 -0.637 0.267
1660 8.335 -1.716 0.452 0.342 0.310
1661 8.200 -1.909 -0.120 -0.267 1.307
1662 8.123 -0.998 -0.155 -0.467 1.394
1663 8.249 -2.700 -0.127 -0.230 1.824
1664 8.283 -2.775 0.336 0.115 1.296
1665 8.265 -2.980 0.461 0.395 0.720
1666 8.190 -3.593 0.392 0.336 1.102
1667 8.040 -2.321 0.448 0.307 0.623
1668 7.803 -2.599 0.103 -0.142 0.766
1669 7.758 -2.600 0.468 0.177 0.570
167 6.033 -2.747 0.082 -1.170 0.570
1670 7.801 -3.091 0.463 0.375 0.721
1671 7.624 -2.879 0.010 -0.077 1.245
1672 7.669 -3.315 0.055 -0.018 1.487
1673 7.191 -1.773 -0.378 -0.907 1.031
1674 7.501 -2.716 0.462 0.122 0.619
1675 6.314 -2.221 -0.168 -1.479 0.405
1676 7.515 -2.802 0.451 0.326 0.723
1677 7.080 -2.033 -0.031 -0.560 0.815
1678 6.479 -1.961 -0.219 -1.238 0.298
1679 7.305 -3.166 0.454 0.351 1.113
168 6.336 -3.735 -0.173 -0.450 0.198
1680 6.255 -2.282 -0.064 -1.195 0.326
1681 6.041 -3.006 0.157 -1.097 0.398
1682 6.306 -2.210 -0.116 -0.934 0.421
1683 6.054 -2.698 0.091 -0.932 0.346
1684 7.045 -3.489 0.059 -0.027 3.704
1685 6.925 -3.326 -0.250 -0.432 3.262
1686 6.738 -2.566 -0.184 -0.467 0.230
1687 6.341 -2.138 -0.355 -1.216 0.657
1688 7.336 -3.050 0.450 0.321 1.823
1689 7.476 -3.000 0.473 0.386 1.774
169 6.536 -2.722 -0.084 -0.412 0.262
1690 7.233 -3.923 -0.040 -0.153 0.320
1691 7.357 -2.997 0.221 0.098 0.197
1692 7.335 -1.656 0.318 -0.523 3.644
1693 7.656 -3.315 0.443 0.361 1.357
1694 7.314 -2.544 0.418 -0.245 0.647
1695 7.675 -2.147 0.424 0.105 0.506
1696 7.374 -1.298 -0.096 -0.651 0.750
1697 7.789 -3.345 0.366 0.297 0.521
1698 7.627 -1.675 -0.386 -0.626 0.917
1699 7.786 -2.177 -0.362 -0.480 1.293
17 6.157 -3.549 -0.060 -0.368 0.274
170 6.503 -2.008 0.056 -0.655 0.283
1700 7.939 -3.167 0.041 -0.013 0.624
1701 7.953 -2.306 0.039 -0.106 0.655
1702 7.561 -0.841 -0.321 -0.988 1.077
1703 8.009 -2.186 0.025 -0.229 0.697
1704 8.203 -2.280 0.326 0.162 0.653
1705 8.230 -3.545 0.438 0.288 0.436
1706 8.240 -2.386 0.385 0.180 0.681
1707 8.153 -3.409 -0.012 -0.036 0.964
1708 8.141 -3.209 0.017 -0.053 0.774
1709 7.703 -1.812 -0.368 -0.910 0.685
171 6.836 -3.259 -0.144 -0.318 0.309
1710 8.152 -1.838 0.078 -0.067 1.041
1711 8.246 -2.393 0.458 0.348 0.543
1712 8.191 -1.809 0.135 -0.084 1.230
1713 8.230 -3.209 0.169 0.090 1.215
1714 8.216 -1.958 0.453 0.123 0.941
1715 7.879 -1.151 -0.307 -0.753 1.683
1716 7.570 -0.700 -0.756 -0.978 1.381
1717 8.036 -3.377 0.246 0.043 1.400
1718 8.010 -2.789 0.447 0.360 0.805
1719 6.907 -2.097 0.313 -1.110 0.783
172 6.802 -3.755 -0.360 -0.501 0.262
1720 7.818 -3.433 0.467 0.433 0.279
1721 6.731 -2.174 0.284 -1.146 0.312
1722 7.641 -3.819 0.330 0.245 0.330
1723 7.561 -3.338 0.284 0.141 0.175
1724 9.079 -1.186 -0.457 -0.530 2.651
1725 7.555 -3.719 0.441 0.367 0.388
1726 6.360 -2.362 -0.072 -1.464 1.625
1727 7.368 -3.387 0.012 -0.070 0.903
1728 7.425 -3.654 0.450 0.387 0.320
1729 6.355 -2.161 -0.215 -1.356 0.523
173 6.841 -3.437 -0.045 -0.234 0.388
1730 6.652 -2.037 0.000 -1.012 1.235
1731 6.221 -2.590 -0.010 -1.402 2.920
1732 5.897 -2.895 0.084 -1.354 0.446
1733 6.102 -2.621 0.078 -1.054 0.259
1734 6.466 -3.928 -0.218 -0.459 0.417
1735 6.532 -3.573 0.282 0.013 1.164
1736 6.921 -3.444 0.065 -0.081 1.407
1737 7.086 -3.542 0.072 -0.014 2.868
1738 6.742 -3.292 0.075 -0.244 0.841
1739 6.264 -2.195 -0.215 -1.289 0.402
174 6.994 -3.551 0.446 0.344 2.475
1740 7.358 -3.639 0.046 -0.014 2.864
1741 7.230 -3.066 0.204 -0.003 1.609
1742 7.318 -3.739 0.477 0.433 3.956
1743 7.508 -3.074 0.457 0.334 0.751
1744 7.404 -2.093 0.390 -0.107 1.073
1745 6.930 -2.432 0.336 -0.785 0.870
1746 7.013 -2.196 0.342 -0.756 0.473
1747 7.834 -3.387 0.448 0.396 0.353
1748 7.875 -2.998 0.470 0.402 0.367
1749 7.894 -3.221 0.402 0.298 0.252
175 6.096 -3.004 0.155 -0.945 1.099
1750 7.872 -3.354 0.023 -0.015 0.757
1751 8.358 -0.234 -0.109 -1.048 1.868
1752 7.948 -1.786 0.348 0.077 0.323
1753 8.036 -3.116 0.233 0.077 0.600
1754 8.070 -2.192 0.416 0.199 0.227
1755 8.125 -2.982 0.412 0.325 0.368
1756 8.205 -2.605 0.484 0.394 0.522
1757 8.244 -2.773 0.461 0.415 0.421
1758 8.215 -3.787 0.463 0.445 0.219
1759 8.155 -3.396 0.314 0.242 0.468
176 6.598 -3.727 -0.218 -0.428 0.166
1760 7.928 -1.106 0.125 -0.444 1.032
1761 8.150 -3.524 0.024 -0.010 1.403
1762 8.244 -3.699 0.493 0.475 0.603
1763 7.679 -0.669 -0.395 -0.997 1.587
1764 7.640 -0.959 -0.222 -1.088 1.695
1765 8.139 -3.348 0.414 0.366 0.283
1766 8.068 -2.128 0.472 0.285 0.305
1767 7.592 -1.177 -0.509 -0.858 1.413
1768 7.210 -1.401 -0.288 -1.169 1.257
1769 7.836 -2.249 0.442 0.205 0.643
177 5.902 -2.973 0.095 -1.309 0.723
1770 7.545 -1.182 0.210 -0.437 1.224
1771 7.758 -3.457 0.469 0.417 0.418
1772 7.300 -2.032 0.326 -0.319 0.701
1773 7.206 -1.283 -0.263 -0.761 0.863
1774 6.975 -2.134 0.333 -0.744 0.436
1775 7.499 -3.485 0.381 0.267 0.119
1776 7.266 -2.405 -0.005 -0.179 0.369
1777 7.470 -3.249 0.047 -0.015 1.803
1778 6.420 -2.043 -0.311 -1.352 0.429
1779 7.167 -3.627 -0.103 -0.286 0.906
178 6.824 -2.562 0.109 -0.274 0.430
1780 7.224 -3.213 0.457 0.332 0.433
1781 7.198 -3.245 0.370 0.241 2.548
1782 7.134 -3.529 0.447 0.358 0.332
1783 6.852 -3.711 -0.077 -0.224 0.292
1784 6.398 -2.413 0.144 -0.860 0.541
1785 5.807 -3.155 0.243 -1.145 0.300
1786 5.937 -2.725 0.009 -1.138 0.336
1787 5.896 -2.710 -0.004 -1.245 0.254
1788 6.644 -2.425 -0.043 -0.372 0.183
1789 6.082 -2.564 -0.009 -1.254 0.395
179 6.871 -3.655 0.434 0.313 0.628
1790 6.186 -2.877 0.182 -1.098 0.719
1791 6.734 -2.310 -0.183 -0.779 0.248
1792 7.222 -3.065 0.030 -0.084 0.289
1793 6.664 -2.483 0.292 -0.969 1.872
1794 7.509 -2.666 -0.008 -0.133 3.330
1795 7.355 -3.312 0.059 -0.036 0.451
1796 7.378 -2.543 0.274 -0.343 0.814
1797 7.496 -2.027 0.417 -0.089 0.644
1798 7.777 -3.002 0.028 -0.040 1.944
1799 6.771 -2.172 0.215 -1.190 0.800
18 5.931 -3.828 0.009 -0.357 0.268
180 6.261 -3.478 -0.146 -0.465 0.111
1800 7.782 -2.128 0.450 0.174 0.619
1801 7.831 -3.517 0.262 0.182 0.239
1802 7.731 -2.650 0.001 -0.225 0.291
1803 7.997 -2.568 0.445 0.309 0.312
1804 8.090 -3.230 0.420 0.358 0.382
1805 8.095 -3.810 0.364 0.308 0.418
1806 7.998 -3.620 0.055 0.030 0.655
1807 8.041 -3.024 0.035 -0.038 0.679
1808 7.964 -1.977 0.149 -0.218 0.689
1809 8.173 -3.620 0.467 0.431 0.188
181 6.837 -3.439 0.423 0.250 2.502
1810 8.031 -2.017 0.008 -0.154 1.207
1811 8.168 -2.928 0.427 0.338 0.577
1812 8.183 -3.213 0.444 0.397 0.680
1813 8.135 -3.658 0.322 0.244 0.622
1814 8.013 -1.880 0.103 -0.068 0.867
1815 7.929 -2.165 -0.120 -0.299 1.177
1816 7.915 -1.865 0.232 -0.101 0.833
1817 7.939 -3.407 0.310 0.045 0.792
1818 7.938 -3.189 0.328 0.226 0.824
1819 7.351 -1.327 0.023 -0.883 1.682
182 6.108 -2.947 0.041 -0.605 1.135
1820 7.618 -2.634 -0.025 -0.227 0.879
1821 7.606 -2.891 0.178 0.045 0.343
1822 7.458 -2.052 0.140 -0.298 0.591
1823 7.453 -3.591 0.009 -0.057 0.380
1824 7.398 -2.585 -0.022 -0.328 0.706
1825 6.227 -2.352 -0.204 -1.622 1.553
1826 7.504 -2.559 0.467 0.272 0.834
1827 7.391 -2.945 0.468 0.313 0.332
1828 7.292 -3.323 0.054 -0.030 1.204
1829 7.109 -2.130 0.392 -0.290 0.680
183 5.630 -3.775 0.217 -0.279 2.182
1830 7.517 -3.571 0.455 0.401 3.417
1831 7.026 -3.882 0.004 -0.109 0.317
1832 7.166 -3.255 0.068 -0.029 2.367
1833 6.790 -2.897 -0.110 -0.498 0.456
1834 6.607 -3.196 0.319 -0.066 1.215
1835 5.919 -2.822 0.079 -1.372 0.372
1836 6.031 -2.707 -0.042 -1.329 2.413
1837 6.413 -2.712 -0.057 -0.419 0.219
1838 5.712 -3.043 0.072 -1.347 3.906
1839 6.339 -2.286 0.015 -1.025 0.538
184 5.682 -3.294 0.098 -1.135 1.313
1840 6.995 -3.301 0.018 -0.106 1.332
1841 7.197 -3.365 0.457 0.357 1.484
1842 7.150 -3.501 0.003 -0.078 0.386
1843 7.169 -3.007 0.073 -0.083 0.264
1844 6.134 -2.506 -0.078 -1.508 1.329
1845 6.442 -1.971 -0.276 -1.366 0.467
1846 6.113 -2.593 0.041 -1.467 0.192
1847 6.720 -2.500 -0.233 -1.163 0.605
1848 6.446 -2.377 0.173 -1.368 0.341
1849 7.096 -1.360 -0.197 -0.949 0.961
185 6.351 -3.841 0.076 -0.083 0.318
1850 7.552 -2.578 -0.177 -0.391 1.198
1851 7.633 -3.249 -0.049 -0.202 0.745
1852 7.782 -3.699 0.291 0.215 0.175
1853 7.702 -1.514 -0.100 -0.284 0.885
1854 7.942 -3.226 0.022 -0.047 1.467
1855 8.057 -3.003 0.479 0.404 0.531
1856 8.033 -2.770 0.318 0.200 0.201
1857 8.022 -3.252 0.335 0.264 0.264
1858 8.074 -3.081 0.401 0.231 0.432
1859 8.036 -3.140 0.092 -0.016 0.737
186 5.342 -3.951 0.279 -0.431 3.927
1860 8.130 -3.324 0.470 0.417 0.688
1861 7.901 -2.797 -0.456 -0.534 1.457
1862 8.106 -2.997 0.473 0.418 0.286
1863 8.094 -2.243 0.468 0.311 0.719
1864 7.470 -1.152 -0.547 -1.164 1.397
1865 7.800 -2.094 -0.265 -0.577 1.442
1866 7.822 -2.707 -0.019 -0.209 0.581
1867 7.173 -1.243 -0.660 -1.336 1.327
1868 7.928 -2.952 0.466 0.401 0.515
1869 7.833 -3.649 0.464 0.420 0.222
187 6.672 -3.500 0.027 -0.136 1.555
1870 7.218 -1.518 -0.128 -0.857 1.190
1871 7.303 -2.462 -0.332 -0.714 0.884
1872 6.951 -1.462 -0.239 -1.237 1.182
1873 7.567 -3.486 0.216 0.025 0.364
1874 7.476 -2.718 0.040 -0.078 1.044
1875 7.102 -1.629 -0.234 -0.723 0.828
1876 7.478 -2.594 0.441 0.156 0.708
1877 7.613 -3.304 0.449 0.369 1.844
1878 6.202 -2.464 -0.059 -1.526 2.098
1879 7.442 -3.418 0.441 0.322 0.996
188 6.411 -2.682 0.134 -0.474 2.134
1880 7.252 -2.740 0.036 -0.091 0.308
1881 7.108 -3.648 -0.034 -0.147 0.338
1882 7.048 -3.503 0.041 -0.051 1.062
1883 6.901 -1.872 0.280 -0.321 0.531
1884 6.181 -2.545 -0.053 -1.258 1.554
1885 6.174 -2.272 -0.196 -1.184 0.454
1886 5.768 -3.175 0.149 -1.214 3.913
1887 6.229 -2.252 -0.039 -0.698 0.402
1888 6.705 -3.583 0.118 -0.033 2.224
1889 6.066 -2.907 0.079 -1.163 3.703
189 5.434 -3.881 0.258 -0.285 2.601
1890 5.998 -2.730 0.088 -1.193 0.205
1891 6.933 -3.353 0.441 0.274 1.064
1892 6.260 -2.170 -0.284 -1.296 0.234
1893 7.129 -3.459 0.075 -0.028 0.317
1894 6.561 -2.002 0.025 -1.024 0.816
1895 5.816 -2.922 0.108 -1.402 3.898
1896 6.641 -1.945 -0.313 -1.121 1.334
1897 6.169 -2.360 -0.209 -1.608 3.881
1898 5.920 -2.903 0.106 -1.255 3.877
1899 7.303 -2.872 0.254 -0.253 0.731
19 6.240 -3.646 -0.118 -0.407 0.348
190 6.097 -3.778 0.064 -0.222 0.378
1900 6.299 -2.206 -0.260 -1.582 0.343
1901 7.569 -2.822 0.260 0.115 0.370
1902 7.698 -3.602 0.320 0.237 0.407
1903 7.486 -2.486 0.145 -0.313 0.518
1904 7.756 -3.759 0.251 0.174 0.324
1905 7.846 -2.232 0.357 0.210 0.328
1906 7.899 -2.394 0.358 0.203 0.251
1907 7.867 -2.411 0.000 -0.137 0.620
1908 7.895 -2.597 0.121 -0.049 0.633
1909 7.917 -1.850 0.293 0.045 0.332
191 5.883 -2.699 0.029 -0.740 0.221
1910 8.011 -3.467 0.346 0.262 0.309
1911 7.985 -2.960 0.333 0.147 0.422
1912 7.889 -2.980 0.165 0.009 0.255
1913 7.940 -2.665 0.308 0.110 0.343
1914 7.195 -1.140 -0.699 -1.362 1.197
1915 7.151 -1.130 -0.920 -1.419 1.353
1916 6.590 -1.949 -0.405 -1.633 0.269
1917 6.582 -1.728 -0.637 -1.635 0.250
1918 7.626 -1.859 0.099 -0.391 1.083
1919 7.254 -1.686 -0.356 -0.975 1.410
192 6.416 -3.826 -0.156 -0.406 0.199
1920 7.720 -3.438 0.456 0.406 0.524
1921 7.137 -2.426 0.337 -0.589 0.648
1922 7.378 -1.750 -0.314 -0.614 0.976
1923 7.056 -2.376 -0.343 -0.978 1.002
1924 9.892 1.033 -0.089 -0.439 2.570
1925 7.300 -2.139 0.279 -0.269 0.511
1926 11.211 1.130 0.283 -0.028 2.098
1927 7.255 -2.863 0.216 -0.027 0.186
1928 6.174 -2.631 0.057 -1.353 0.440
1929 7.104 -2.104 0.296 -0.328 1.050
193 5.995 -2.647 -0.045 -0.939 0.349
1930 7.431 -3.192 0.464 0.385 1.437
1931 6.900 -3.446 -0.318 -0.509 0.313
1932 7.380 -3.573 0.468 0.406 2.590
1933 6.026 -2.922 0.173 -1.247 0.788
1934 7.719 -0.942 0.148 -0.865 2.167
1935 5.969 -2.666 0.000 -1.347 0.381
1936 6.115 -2.442 -0.028 -1.241 0.633
1937 5.914 -3.057 0.157 -1.130 0.927
1938 6.131 -2.513 0.047 -0.581 0.503
1939 6.620 -3.664 -0.039 -0.201 0.237
194 5.821 -3.580 0.298 -0.168 1.200
1940 6.906 -3.514 0.416 0.305 0.249
1941 6.252 -2.299 -0.096 -1.206 0.464
1942 6.237 -2.220 -0.166 -1.234 0.349
1943 6.001 -2.725 0.017 -1.325 0.294
1944 7.134 -3.896 0.053 -0.025 2.149
1945 7.150 -3.721 0.308 0.216 0.246
1946 6.078 -2.876 0.180 -1.160 0.781
1947 6.131 -2.752 0.107 -1.295 1.530
1948 5.906 -2.708 -0.026 -1.508 3.867
1949 6.032 -2.563 -0.148 -1.596 0.776
195 6.285 -3.398 0.202 -0.174 2.254
1950 7.772 -3.414 0.464 0.406 3.519
1951 7.594 -3.450 0.456 0.398 0.987
1952 7.580 -3.271 -0.018 -0.082 1.407
1953 7.702 -3.275 0.450 0.375 0.611
1954 6.859 -1.503 -0.483 -1.358 0.813
1955 7.405 -1.663 0.272 -0.443 0.656
1956 7.698 -1.644 0.390 -0.196 0.875
1957 7.314 -1.866 0.334 -0.725 0.358
1958 7.807 -1.958 0.437 0.050 0.406
1959 7.948 -3.455 0.449 0.404 0.180
196 5.799 -2.998 0.064 -1.096 0.739
1960 7.791 -3.299 -0.083 -0.232 0.870
1961 7.735 -2.628 0.027 -0.171 0.260
1962 7.465 -1.357 -0.084 -0.866 1.033
1963 7.792 -0.844 0.111 -0.545 1.407
1964 7.432 -2.185 -0.127 -0.679 0.333
1965 7.225 -1.123 -0.594 -1.154 0.937
1966 7.724 -2.960 -0.091 -0.384 1.510
1967 6.392 -2.155 -0.265 -1.626 0.412
1968 7.084 -1.293 -0.467 -1.324 2.706
1969 7.792 -3.411 0.469 0.403 0.730
197 5.868 -3.217 0.235 -0.523 1.001
1970 7.092 -1.732 -0.335 -1.046 1.215
1971 7.503 -2.126 0.422 -0.054 0.543
1972 7.529 -3.160 0.351 0.228 0.570
1973 6.775 -2.427 -0.093 -1.074 0.596
1974 7.253 -2.699 -0.328 -0.643 1.222
1975 6.807 -2.516 0.377 -0.724 0.747
1976 7.368 -3.009 -0.004 -0.109 1.395
1977 7.590 -3.059 0.450 0.366 2.964
1978 7.145 -3.513 0.104 -0.002 0.395
1979 6.154 -2.596 -0.085 -1.440 1.074
198 5.920 -3.209 0.174 -0.889 3.806
1980 7.371 -3.608 0.452 0.393 1.050
1981 7.184 -3.159 0.444 0.333 1.055
1982 6.282 -3.085 -0.127 -0.797 0.258
1983 6.702 -2.283 -0.248 -0.573 0.319
1984 6.265 -2.279 0.023 -1.125 0.277
1985 6.291 -3.966 0.103 -0.074 0.222
1986 6.898 -3.321 0.046 -0.096 0.533
1987 6.236 -2.352 -0.032 -1.014 3.164
1988 6.490 -2.094 -0.044 -1.065 1.862
1989 6.121 -2.582 -0.003 -0.955 0.405
199 5.403 -3.929 0.253 -0.284 3.853
1990 5.935 -2.899 0.107 -1.218 3.770
1991 6.707 -4.021 0.032 -0.082 0.289
1992 6.345 -2.984 0.227 -0.445 2.398
1993 6.084 -2.810 0.037 -0.740 0.494
1994 6.147 -2.661 0.089 -1.076 0.330
1995 6.490 -3.193 -0.176 -0.693 0.387
1996 5.950 -2.949 0.113 -1.180 1.355
1997 6.845 -3.075 0.025 -0.177 1.397
1998 6.251 -2.820 0.083 -1.138 0.798
1999 6.203 -2.467 -0.184 -1.557 2.905
2 5.997 -3.371 0.299 -0.592 2.698
20 5.751 -3.662 0.064 -0.427 0.116
200 5.726 -3.623 0.248 -0.420 1.161
2000 6.969 -1.357 -0.348 -0.859 3.082
2001 6.510 -2.217 0.057 -1.110 0.602
2002 7.145 -3.255 -0.386 -0.513 1.126
2003 6.778 -1.652 -0.323 -1.049 0.646
2004 6.270 -2.127 -0.396 -1.624 0.234
2005 7.317 -1.398 0.246 -0.529 1.035
2006 6.443 -2.204 -0.178 -1.580 1.834
2007 7.372 -1.525 -0.156 -0.834 1.442
2008 7.335 -1.021 -0.360 -0.839 1.386
2009 7.518 -1.816 0.026 -0.643 1.807
201 5.336 -3.994 0.272 -0.313 3.866
2010 7.633 -3.187 -0.325 -0.456 1.296
2011 7.915 -2.977 0.454 0.385 1.352
2012 7.751 -2.233 0.446 0.180 0.618
2013 7.566 -1.289 -0.026 -0.639 1.322
2014 6.967 -1.428 -0.444 -1.223 0.543
2015 6.492 -1.873 -0.552 -1.648 0.336
2016 7.512 -1.747 -0.082 -0.563 1.254
2017 7.499 -1.779 0.210 -0.380 1.031
2018 7.402 -1.023 -0.207 -0.784 2.267
2019 7.634 -2.277 0.423 0.150 1.047
202 5.347 -4.064 0.267 -0.208 0.121
2020 7.403 -1.958 0.397 -0.190 0.582
2021 7.320 -1.828 0.202 -0.344 0.603
2022 7.064 -2.585 -0.288 -0.858 0.816
2023 7.509 -2.998 0.419 0.276 0.557
2024 7.087 -2.610 -0.362 -0.748 1.097
2025 6.212 -2.419 0.033 -1.489 0.676
2026 5.899 -3.081 0.152 -1.141 3.945
2027 6.363 -2.551 -0.016 -1.209 0.788
2028 7.233 -3.009 0.341 0.035 1.202
2029 6.144 -2.539 0.081 -1.402 1.347
203 5.696 -3.849 0.123 -0.318 0.457
2030 5.963 -2.935 0.194 -1.181 3.949
2031 6.247 -2.409 -0.002 -1.491 3.823
2032 6.938 -2.836 0.020 -0.429 1.016
2033 7.376 -3.539 0.468 0.403 3.619
2034 7.121 -3.737 0.367 0.267 0.402
2035 6.366 -2.838 -0.215 -0.903 0.384
2036 6.880 -3.889 0.223 0.116 0.343
2037 6.048 -2.894 0.095 -1.249 3.510
2038 6.193 -2.386 -0.004 -0.985 0.647
2039 6.047 -2.936 0.150 -0.544 0.686
204 6.012 -3.830 0.022 -0.343 0.311
2040 6.343 -2.451 0.133 -0.798 3.207
2041 5.832 -2.988 0.111 -0.669 0.598
2042 6.261 -3.284 -0.191 -0.715 0.201
2043 6.382 -2.012 -0.299 -1.254 3.545
2044 5.946 -2.697 -0.007 -1.065 0.801
2045 6.325 -2.262 -0.065 -1.061 1.304
2046 5.988 -2.860 0.080 -0.929 0.461
2047 6.865 -3.251 0.068 -0.085 1.474
2048 6.175 -2.909 0.205 -1.082 0.849
2049 5.927 -2.668 -0.033 -1.555 3.842
205 6.141 -3.221 -0.028 -0.522 0.278
2050 7.240 -3.349 0.460 0.374 0.879
2051 6.180 -2.728 0.098 -1.282 1.164
2052 6.306 -2.355 -0.135 -1.516 3.377
2053 6.085 -2.518 -0.090 -1.555 1.845
2054 7.574 -3.475 0.466 0.397 2.239
2055 7.081 -2.504 0.398 -0.474 1.541
2056 7.576 -3.525 0.014 -0.055 2.474
2057 6.383 -2.309 -0.031 -1.418 0.360
2058 6.677 -1.743 -0.524 -1.398 0.798
2059 6.747 -1.681 -0.300 -1.395 0.960
206 5.912 -3.672 0.283 -0.198 0.969
2060 7.484 -2.970 0.171 -0.072 0.143
2061 7.604 -3.458 0.048 -0.022 1.069
2062 7.470 -1.748 0.402 -0.294 0.822
2063 6.413 -2.169 -0.178 -1.540 0.290
2064 6.690 -1.893 0.028 -1.279 0.279
2065 6.605 -1.918 -0.191 -1.426 0.424
2066 7.528 -3.008 0.237 -0.219 0.788
2067 7.485 -2.222 -0.249 -0.433 1.723
2068 7.470 -2.717 0.065 -0.386 1.737
2069 7.530 -3.072 -0.299 -0.429 2.235
207 5.712 -3.541 0.146 -0.371 1.571
2070 7.145 -2.584 0.395 -0.370 0.450
2071 7.332 -2.789 0.210 -0.164 0.339
2072 6.625 -1.760 -0.341 -1.371 0.929
2073 7.513 -3.504 0.465 0.388 0.736
2074 7.471 -3.917 0.473 0.430 0.306
2075 7.475 -3.791 0.063 0.014 2.298
2076 6.337 -2.431 0.050 -1.430 1.829
2077 6.338 -2.562 0.158 -1.238 1.384
2078 7.244 -3.077 0.027 -0.046 1.116
2079 6.144 -2.610 0.061 -1.366 0.216
208 5.388 -3.896 0.267 -0.278 0.207
2080 5.969 -2.665 -0.061 -1.542 1.745
2081 6.232 -2.703 0.115 -1.235 1.634
2082 6.308 -2.220 -0.162 -1.267 0.862
2083 6.916 -3.729 0.458 0.370 3.961
2084 6.599 -3.174 -0.272 -0.741 0.577
2085 6.178 -2.715 0.170 -1.223 1.394
2086 6.412 -3.625 -0.156 -0.422 0.425
2087 5.817 -2.868 0.057 -1.285 0.940
2088 6.544 -3.662 -0.179 -0.410 0.379
2089 6.465 -3.137 -0.055 -0.655 1.321
209 5.620 -3.429 0.149 -0.363 2.100
2090 6.470 -3.308 -0.118 -0.426 0.914
2091 6.070 -3.790 -0.079 -0.394 0.347
2092 6.437 -3.648 0.333 0.064 1.257
2093 5.852 -3.019 0.062 -1.301 1.025
2094 6.757 -3.514 0.068 -0.105 1.671
2095 6.889 -3.398 0.031 -0.099 2.632
2096 6.567 -3.442 0.057 -0.142 0.490
2097 6.906 -2.923 -0.014 -0.191 3.661
2098 6.952 -3.570 0.336 0.159 0.455
2099 6.293 -2.158 -0.293 -1.192 0.891
21 6.211 -3.540 -0.184 -0.488 0.241
210 5.199 -4.264 0.303 -0.124 3.998
2100 6.451 -1.989 -0.249 -1.202 3.000
2101 6.481 -1.941 -0.313 -1.255 2.753
2102 6.618 -1.896 -0.191 -1.177 2.146
2103 6.398 -2.285 0.037 -1.141 0.946
2104 6.093 -2.451 -0.106 -1.597 3.802
2105 7.524 -3.476 0.461 0.397 3.188
2106 7.593 -3.778 0.468 0.434 3.577
2107 6.320 -2.348 -0.049 -1.495 2.694
2108 6.704 -1.696 -0.372 -1.251 1.790
2109 6.338 -2.304 -0.213 -1.435 0.372
211 6.000 -2.641 0.036 -0.704 0.964
2110 6.493 -2.006 -0.199 -1.405 0.628
2111 6.327 -2.216 -0.171 -1.609 2.262
2112 7.573 -2.125 0.405 0.037 1.238
2113 7.282 -2.875 -0.357 -0.635 1.332
2114 6.401 -2.293 -0.123 -1.515 1.417
2115 7.358 -2.734 0.459 0.008 0.463
2116 6.530 -1.924 -0.351 -1.431 0.364
2117 7.234 -2.995 -0.460 -0.660 0.605
2118 7.380 -3.497 -0.344 -0.440 2.000
2119 6.225 -2.418 -0.027 -1.528 1.001
212 6.448 -3.784 -0.114 -0.379 0.322
2120 7.482 -2.295 0.409 0.196 0.769
2121 6.074 -2.462 -0.181 -1.629 0.553
2122 6.350 -2.112 -0.234 -1.504 0.837
2123 7.162 -2.812 -0.396 -0.682 1.266
2124 7.425 -3.445 0.353 0.264 0.968
2125 6.557 -2.409 -0.013 -1.247 2.284
2126 6.099 -2.578 -0.010 -1.454 1.102
2127 6.474 -2.626 -0.204 -1.113 0.903
2128 6.277 -2.239 -0.115 -1.345 0.819
2129 6.942 -3.219 0.040 -0.311 0.405
213 6.291 -2.197 -0.174 -0.852 1.266
2130 6.283 -2.320 0.024 -1.147 0.423
2131 5.573 -3.543 0.250 -0.887 3.887
2132 6.339 -2.126 -0.227 -1.239 0.552
2133 7.113 -3.341 0.084 -0.021 2.289
2134 6.279 -3.559 0.222 -0.040 0.707
2135 7.048 -3.377 0.444 0.332 2.078
2136 5.989 -2.888 0.079 -1.276 1.220
2137 6.314 -2.466 -0.054 -1.040 0.828
2138 6.533 -3.445 -0.178 -0.431 0.492
2139 6.080 -3.214 0.151 -0.851 1.844
214 6.027 -2.688 0.052 -0.667 0.632
2140 5.299 -4.117 0.288 -0.159 3.885
2141 6.069 -3.624 0.076 -0.331 0.801
2142 6.044 -2.688 0.072 -0.886 0.646
2143 6.156 -2.463 0.010 -1.104 2.470
2144 6.562 -3.384 -0.173 -0.388 0.310
2145 6.552 -3.646 0.414 0.225 0.539
2146 6.557 -2.628 0.032 -0.385 0.289
2147 5.930 -3.034 0.192 -1.112 0.458
2148 6.851 -3.564 0.069 -0.040 2.990
2149 6.234 -3.546 -0.043 -0.475 0.324
215 6.082 -3.875 -0.061 -0.350 0.193
2150 6.283 -3.305 0.104 -0.621 0.582
2151 6.711 -3.573 0.075 -0.068 0.760
2152 6.278 -2.714 0.202 -0.927 0.904
2153 13.291 1.275 0.463 0.443 2.172
2154 6.260 -2.207 -0.218 -1.188 0.293
2155 6.298 -2.657 0.139 -1.260 1.871
2156 6.147 -2.594 0.054 -1.424 1.818
2157 6.053 -2.522 -0.028 -1.392 0.328
2158 6.239 -2.724 0.227 -1.205 0.599
2159 7.400 -3.452 0.055 -0.019 2.834
216 6.561 -3.465 0.344 0.117 1.122
2160 7.415 -3.298 0.444 0.355 0.939
2161 7.491 -3.110 0.037 -0.079 3.231
2162 6.504 -2.183 -0.402 -1.358 0.865
2163 7.499 -3.329 0.473 0.410 0.749
2164 7.563 -3.029 0.446 0.351 1.395
2165 7.609 -3.471 0.471 0.425 1.372
2166 7.544 -3.291 0.452 0.385 1.080
2167 7.513 -3.364 0.445 0.373 0.585
2168 6.277 -2.294 -0.129 -1.475 0.283
2169 7.232 -3.176 -0.023 -0.249 0.632
217 5.995 -2.829 -0.004 -1.008 0.530
2170 6.281 -2.452 -0.059 -1.454 0.789
2171 6.225 -2.464 -0.037 -1.491 1.159
2172 6.365 -2.397 0.072 -1.424 2.453
2173 7.507 -3.259 0.436 0.357 2.014
2174 7.352 -3.250 0.454 0.373 0.528
2175 6.084 -2.565 -0.015 -1.500 1.675
2176 6.644 -1.781 -0.356 -1.275 2.310
2177 5.992 -2.491 -0.151 -1.623 3.794
2178 6.586 -2.251 0.146 -0.939 0.947
2179 6.757 -2.720 -0.255 -0.888 2.384
218 6.253 -2.152 -0.236 -1.237 3.565
2180 7.004 -2.685 0.140 -0.294 0.768
2181 6.281 -2.309 -0.103 -1.143 0.224
2182 6.097 -2.470 -0.132 -1.247 0.286
2183 6.225 -2.480 -0.006 -1.247 3.780
2184 6.582 -2.811 0.067 -0.696 0.439
2185 6.963 -3.437 0.031 -0.063 1.850
2186 6.320 -2.907 0.007 -0.925 0.374
2187 6.046 -2.817 0.140 -1.225 1.803
2188 6.853 -2.951 0.413 0.172 1.284
2189 6.168 -2.492 -0.035 -1.071 0.333
219 5.914 -3.229 0.216 -0.909 0.951
2190 5.965 -2.964 0.135 -0.764 0.824
2191 5.884 -3.660 0.051 -0.346 0.763
2192 5.942 -2.782 0.048 -0.882 0.177
2193 6.607 -3.392 0.075 -0.146 1.462
2194 5.798 -3.874 0.026 -0.350 0.083
2195 5.824 -3.372 0.146 -0.856 0.681
2196 6.373 -3.769 -0.179 -0.421 0.090
2197 6.630 -3.356 0.375 0.141 1.198
2198 6.093 -2.562 -0.049 -1.020 0.363
2199 5.592 -3.851 0.178 -0.323 0.217
22 6.388 -3.519 0.156 -0.182 0.505
220 6.858 -3.696 0.117 -0.001 1.482
2200 6.273 -3.556 0.080 -0.206 0.222
2201 5.821 -3.466 0.141 -0.360 0.440
2202 6.034 -2.757 0.014 -1.009 0.299
2203 6.311 -2.222 -0.164 -1.125 0.699
2204 5.979 -2.871 0.104 -1.244 0.210
2205 6.140 -2.668 0.081 -1.103 0.362
2206 6.064 -2.614 -0.025 -1.501 3.900
2207 6.202 -2.233 -0.189 -1.331 1.264
2208 6.045 -2.744 -0.009 -1.365 1.070
2209 5.453 -3.978 0.281 -0.284 3.856
221 6.907 -3.567 0.023 -0.068 1.629
2210 7.316 -3.456 0.029 -0.047 3.001
2211 7.185 -2.962 0.085 -0.027 1.314
2212 6.883 -2.030 0.294 -0.619 1.495
2213 7.595 -3.402 0.447 0.377 3.626
2214 6.568 -2.563 0.311 -0.881 0.313
2215 7.426 -3.128 0.451 0.371 2.021
2216 6.304 -2.511 0.072 -1.314 1.982
2217 6.889 -2.138 0.283 -0.545 0.297
2218 7.286 -2.813 0.437 0.266 0.881
2219 6.255 -2.503 0.052 -1.392 1.997
222 6.580 -2.446 -0.277 -0.930 0.355
2220 7.103 -3.988 0.001 -0.049 0.173
2221 6.821 -1.620 -0.166 -0.791 0.613
2222 6.112 -2.658 0.102 -1.360 1.199
2223 7.101 -3.594 0.081 -0.037 0.553
2224 6.762 -2.881 -0.324 -0.790 0.582
2225 6.077 -2.746 0.038 -1.352 0.557
2226 6.088 -2.576 -0.023 -1.492 3.918
2227 5.941 -2.820 0.052 -1.361 0.567
2228 7.027 -3.588 0.068 -0.042 1.136
2229 5.979 -2.850 0.103 -1.312 0.878
223 7.030 -3.591 -0.209 -0.332 0.311
2230 6.361 -2.817 0.248 -0.963 2.350
2231 7.024 -3.542 0.379 0.245 0.595
2232 6.048 -2.641 0.062 -1.455 3.401
2233 5.983 -2.697 0.005 -1.457 3.789
2234 5.838 -2.845 0.049 -1.458 3.858
2235 5.993 -2.974 0.212 -1.138 1.566
2236 6.422 -3.088 0.295 -0.424 1.823
2237 6.943 -3.514 0.451 0.316 3.158
2238 5.793 -2.873 0.064 -1.431 3.891
2239 6.216 -3.761 -0.214 -0.491 0.130
224 6.687 -1.871 -0.316 -0.918 0.120
2240 6.388 -2.585 0.248 -0.561 0.592
2241 6.107 -3.665 0.053 -0.289 0.425
2242 6.004 -2.576 -0.031 -1.157 0.308
2243 5.989 -2.871 0.115 -1.038 2.112
2244 5.811 -3.920 0.050 -0.352 0.053
2245 5.767 -3.088 0.087 -1.272 3.810
2246 6.325 -3.723 -0.245 -0.459 0.136
2247 6.092 -3.819 -0.012 -0.395 0.256
2248 5.946 -3.090 0.176 -1.018 1.904
2249 6.658 -3.693 0.436 0.284 2.692
225 6.976 -3.321 0.096 -0.065 0.297
2250 6.198 -2.320 -0.173 -1.152 2.182
2251 5.803 -3.046 0.145 -0.732 0.132
2252 6.351 -3.422 -0.140 -0.468 0.196
2253 6.411 -2.326 -0.115 -0.953 1.111
2254 6.597 -2.269 -0.377 -0.920 1.407
2255 6.269 -2.910 0.157 -0.997 1.888
2256 6.226 -2.258 -0.181 -1.193 1.166
2257 6.806 -3.638 0.170 0.037 0.153
2258 6.198 -2.535 0.016 -1.283 1.862
2259 7.018 -2.936 0.019 -0.140 2.164
226 6.043 -2.709 0.023 -1.442 3.461
2260 6.466 -1.961 -0.222 -0.843 0.332
2261 6.136 -2.538 0.003 -1.265 0.449
2262 6.040 -2.533 -0.114 -1.585 3.208
2263 6.775 -1.941 -0.126 -0.529 0.571
2264 6.490 -1.883 -0.337 -0.929 0.489
2265 6.172 -2.540 -0.007 -1.423 3.707
2266 6.867 -1.748 -0.021 -0.786 2.199
2267 6.898 -2.918 0.031 -0.503 2.081
2268 6.429 -2.033 -0.239 -1.212 0.723
2269 7.092 -2.844 0.395 0.178 1.127
227 6.638 -3.282 -0.257 -0.484 0.462
2270 6.914 -2.092 0.081 -0.522 1.131
2271 7.253 -3.113 0.300 0.158 1.336
2272 6.218 -2.437 0.138 -1.213 0.413
2273 7.152 -3.158 0.436 0.322 1.016
2274 6.313 -2.201 -0.162 -1.280 0.695
2275 6.411 -2.000 -0.279 -1.238 0.758
2276 5.891 -2.836 0.039 -1.432 0.371
2277 6.247 -2.300 -0.189 -1.221 0.373
2278 6.066 -2.593 0.023 -1.272 0.471
2279 6.765 -3.773 0.092 0.023 0.452
228 6.285 -2.396 0.201 -0.890 0.240
2280 5.988 -2.838 0.018 -1.132 0.238
2281 6.018 -2.866 0.031 -1.290 3.624
2282 6.148 -2.970 0.158 -1.040 0.626
2283 6.404 -2.500 -0.198 -0.934 0.362
2284 6.359 -2.122 -0.219 -1.196 2.285
2285 6.464 -3.301 -0.260 -0.523 0.891
2286 6.652 -2.554 0.350 -0.106 0.667
2287 6.158 -2.436 0.079 -0.989 1.788
2288 6.131 -3.020 0.188 -0.437 0.924
2289 6.475 -3.723 0.097 -0.084 0.594
229 6.980 -3.482 0.274 0.124 0.463
2290 5.334 -4.073 0.270 -0.180 3.404
2291 6.151 -2.862 0.140 -0.648 0.548
2292 6.200 -2.697 0.208 -0.681 0.287
2293 6.192 -2.283 -0.092 -1.161 2.562
2294 5.989 -2.871 0.111 -0.759 0.720
2295 5.256 -4.209 0.288 -0.156 0.061
2296 6.576 -3.019 0.352 -0.083 1.315
2297 6.326 -2.481 0.006 -0.850 1.336
2298 5.854 -3.107 0.181 -1.110 3.643
2299 5.842 -2.827 0.094 -1.365 3.718
23 5.504 -3.861 0.295 -0.327 3.636
230 5.972 -2.955 0.183 -1.181 0.312
2300 6.348 -3.498 -0.196 -0.440 0.162
2301 6.109 -2.456 -0.153 -1.090 1.633
2302 6.330 -3.859 0.002 -0.321 0.345
2303 5.968 -3.149 0.217 -0.953 3.591
2304 6.627 -3.018 0.405 0.014 1.727
2305 7.336 -3.432 0.462 0.398 3.827
2306 6.059 -2.479 -0.119 -1.104 0.143
2307 5.948 -2.819 0.065 -1.344 3.798
2308 6.235 -2.365 -0.018 -0.817 0.967
2309 6.261 -2.128 -0.298 -0.969 0.618
231 6.035 -2.744 0.092 -1.164 0.307
2310 6.103 -2.808 0.096 -1.233 3.488
2311 6.174 -2.382 -0.066 -1.061 0.372
2312 6.227 -2.325 -0.043 -1.245 0.977
2313 6.218 -2.820 -0.087 -1.141 0.495
2314 6.267 -2.770 0.115 -1.148 2.421
2315 6.267 -2.156 -0.275 -1.240 2.723
2316 6.444 -2.159 0.018 -1.038 0.790
2317 6.368 -2.033 -0.421 -1.272 0.807
2318 6.116 -2.603 -0.007 -1.459 2.639
2319 6.035 -2.349 -0.278 -1.414 0.427
232 6.468 -1.924 -0.155 -0.770 0.552
2320 6.150 -2.281 -0.218 -1.271 0.257
2321 6.790 -3.904 -0.126 -0.297 0.320
2322 6.867 -3.462 -0.027 -0.245 0.338
2323 7.261 -3.428 0.462 0.342 1.822
2324 6.346 -2.281 -0.095 -1.115 0.801
2325 6.248 -2.281 -0.232 -1.121 0.372
2326 6.038 -2.458 -0.119 -1.324 0.301
2327 7.206 -3.791 0.469 0.398 3.768
2328 6.014 -2.598 -0.015 -1.215 0.277
2329 6.089 -2.832 0.111 -1.211 0.785
233 6.647 -3.270 0.080 -0.127 0.315
2330 6.598 -2.145 0.170 -0.820 1.910
2331 6.981 -3.279 0.463 0.301 1.498
2332 6.555 -3.273 0.138 -0.101 1.002
2333 5.995 -2.845 0.139 -1.223 3.011
2334 5.328 -4.142 0.282 -0.159 2.036
2335 5.991 -3.692 0.174 -0.240 1.114
2336 5.718 -3.465 0.216 -0.792 3.801
2337 6.448 -3.283 0.368 0.083 1.471
2338 6.032 -3.653 0.053 -0.349 0.860
2339 6.034 -2.480 -0.081 -1.147 0.448
234 6.016 -3.014 0.030 -1.158 0.259
2340 6.152 -2.600 0.093 -0.967 3.507
2341 5.761 -3.405 0.206 -0.454 0.799
2342 5.322 -4.087 0.276 -0.186 2.915
2343 5.999 -3.674 -0.079 -0.394 0.262
2344 5.397 -3.822 0.242 -0.357 0.136
2345 5.561 -3.755 0.252 -0.279 0.241
2346 5.380 -3.967 0.262 -0.206 2.200
2347 5.619 -3.913 0.211 -0.254 0.182
2348 5.272 -4.152 0.275 -0.193 3.910
2349 5.929 -3.813 -0.013 -0.394 0.389
235 6.492 -3.292 -0.153 -0.652 0.614
2350 6.152 -3.718 -0.090 -0.390 0.385
2351 6.478 -3.385 0.392 0.050 0.988
2352 6.081 -2.970 0.167 -1.053 3.560
2353 6.417 -2.879 -0.098 -0.558 0.493
2354 6.254 -3.716 -0.153 -0.459 0.233
2355 6.627 -2.121 -0.089 -0.502 2.376
2356 6.372 -2.116 -0.081 -0.900 3.332
2357 6.922 -3.471 0.458 0.288 1.880
2358 6.258 -2.210 -0.181 -1.209 2.637
2359 7.130 -2.295 0.263 -0.093 3.355
236 6.882 -3.464 0.446 0.308 1.745
2360 6.242 -2.404 -0.004 -0.987 1.790
2361 5.248 -4.196 0.286 -0.147 3.967
2362 6.206 -2.230 -0.217 -1.005 0.385
2363 5.876 -2.911 0.084 -1.278 0.690
2364 6.450 -3.029 0.017 -0.383 0.221
2365 6.413 -2.483 -0.115 -0.848 0.354
2366 6.222 -2.439 -0.031 -1.069 0.838
2367 7.270 -3.296 0.472 0.373 3.449
2368 7.103 -3.526 0.432 0.339 0.423
2369 7.040 -3.180 0.445 0.300 1.278
237 6.535 -3.126 -0.276 -0.502 0.140
2370 6.846 -3.717 0.063 -0.044 1.905
2371 6.847 -3.190 -0.055 -0.256 0.289
2372 6.389 -1.987 -0.360 -1.060 0.155
2373 6.088 -2.654 0.017 -1.118 0.405
2374 6.269 -2.962 0.335 -0.865 3.886
2375 5.226 -4.225 0.289 -0.144 3.984
2376 6.896 -3.187 -0.353 -0.555 3.338
2377 6.349 -2.872 0.160 -0.841 3.423
2378 6.022 -2.688 0.036 -1.411 2.908
2379 6.210 -2.308 -0.041 -1.236 0.501
238 6.212 -2.207 -0.304 -1.256 1.499
2380 6.955 -3.073 0.030 -0.115 3.170
2381 6.125 -3.692 -0.058 -0.426 0.330
2382 5.302 -4.114 0.274 -0.175 3.798
2383 6.845 -3.232 0.029 -0.082 1.309
2384 6.441 -3.858 -0.040 -0.328 0.331
2385 6.076 -2.764 0.052 -0.732 1.646
2386 6.447 -3.196 0.286 -0.074 0.716
2387 5.940 -3.000 0.176 -1.081 3.476
2388 5.823 -3.448 0.216 -0.333 1.372
2389 6.755 -3.314 0.428 0.229 2.374
239 6.432 -3.648 -0.229 -0.457 0.196
2390 5.626 -3.488 0.236 -0.460 0.189
2391 5.862 -2.915 0.147 -0.448 1.716
2392 5.594 -3.966 0.227 -0.192 0.123
2393 5.336 -3.981 0.268 -0.195 2.776
2394 5.197 -4.263 0.301 -0.122 4.000
2395 6.065 -2.550 0.003 -0.884 0.394
2396 5.455 -3.863 0.261 -0.242 2.580
2397 5.625 -3.649 0.251 -0.570 3.733
2398 6.123 -3.150 0.159 -0.807 3.727
2399 5.912 -2.794 0.024 -0.929 0.096
24 5.643 -3.539 0.219 -0.808 0.384
240 5.862 -2.902 0.129 -1.338 3.870
2400 5.910 -3.859 0.102 -0.276 0.131
2401 6.167 -2.682 0.140 -0.776 2.777
2402 5.286 -4.195 0.285 -0.152 3.933
2403 5.883 -3.836 -0.014 -0.421 0.851
2404 6.315 -2.423 0.041 -0.872 2.020
2405 6.430 -2.256 -0.041 -0.512 0.491
2406 6.349 -3.868 -0.225 -0.445 0.200
2407 5.887 -3.870 -0.006 -0.373 0.159
2408 6.299 -3.957 0.010 -0.202 0.336
2409 5.872 -2.745 0.001 -0.969 0.449
241 5.954 -2.845 0.140 -1.359 3.828
2410 6.203 -2.992 0.264 -0.870 3.453
2411 5.541 -3.776 0.283 -0.495 3.855
2412 6.489 -1.954 -0.126 -0.884 3.739
2413 6.103 -2.466 -0.040 -1.083 0.284
2414 6.037 -2.744 0.034 -1.286 3.140
2415 6.099 -2.746 0.071 -1.050 0.819
2416 6.298 -2.286 -0.073 -1.060 1.203
2417 5.897 -2.712 -0.044 -1.041 0.150
2418 6.247 -2.988 0.288 -0.911 1.358
2419 6.241 -2.292 -0.097 -1.317 3.617
242 6.552 -3.429 0.037 -0.119 0.382
2420 6.468 -2.231 -0.030 -0.515 0.319
2421 6.034 -2.718 -0.057 -1.321 0.257
2422 6.480 -2.729 0.082 -0.953 2.790
2423 5.669 -3.013 0.060 -1.437 3.934
2424 6.098 -2.979 0.178 -0.965 1.223
2425 6.146 -2.622 0.013 -1.071 0.365
2426 6.475 -2.888 0.316 -0.646 0.528
2427 5.668 -3.529 0.260 -0.681 3.816
2428 5.690 -3.145 0.139 -1.285 3.926
2429 6.218 -2.326 -0.066 -1.167 0.877
243 6.058 -2.420 -0.204 -1.192 0.673
2430 6.456 -2.995 0.232 -0.670 1.894
2431 6.627 -3.374 0.064 -0.102 2.558
2432 6.065 -3.799 -0.096 -0.390 0.296
2433 5.779 -3.445 0.090 -0.402 0.989
2434 5.754 -3.475 0.240 -0.809 0.522
2435 6.032 -3.492 0.054 -0.334 1.038
2436 6.831 -2.850 0.398 0.169 3.746
2437 6.435 -2.342 0.229 -0.407 1.899
2438 5.725 -3.492 0.197 -0.696 3.814
2439 6.030 -2.744 0.199 -0.937 2.807
244 6.106 -2.877 0.133 -0.877 0.625
2440 6.223 -3.718 -0.047 -0.336 0.195
2441 5.375 -3.911 0.257 -0.298 3.544
2442 6.138 -2.609 0.159 -0.846 1.733
2443 5.675 -3.273 0.224 -0.593 2.652
2444 5.995 -3.850 0.037 -0.297 3.291
2445 5.837 -2.930 0.093 -0.860 0.236
2446 5.333 -4.043 0.273 -0.199 0.147
2447 5.535 -3.486 0.200 -0.522 0.291
2448 5.613 -3.602 0.122 -0.407 0.260
2449 5.963 -3.592 0.080 -0.406 1.207
245 6.567 -3.790 0.138 0.008 2.010
2450 5.951 -2.588 -0.098 -0.738 0.467
2451 5.893 -2.780 -0.004 -0.976 0.242
2452 5.618 -3.958 0.150 -0.263 0.676
2453 5.641 -3.772 0.124 -0.312 0.076
2454 6.028 -3.218 0.187 -0.575 2.083
2455 6.173 -3.742 -0.145 -0.438 0.310
2456 5.980 -3.323 -0.031 -0.624 0.344
2457 6.867 -3.466 0.444 0.267 2.043
2458 6.246 -3.649 -0.133 -0.417 0.176
2459 6.224 -3.698 0.376 0.046 3.801
246 6.322 -3.406 -0.118 -0.392 0.315
2460 5.997 -3.540 0.331 -0.079 0.827
2461 6.776 -3.714 0.057 -0.077 2.285
2462 6.533 -3.631 0.171 -0.036 3.552
2463 5.955 -3.056 0.128 -1.112 3.823
2464 6.606 -1.935 0.087 -0.619 3.182
2465 6.635 -3.002 0.355 -0.360 2.771
2466 6.758 -3.757 0.414 0.276 0.889
2467 5.961 -2.906 0.009 -0.780 0.425
2468 6.144 -2.528 0.051 -0.951 2.910
2469 6.446 -3.042 0.248 -0.545 2.823
247 6.307 -3.594 -0.078 -0.404 0.388
2470 5.975 -2.493 -0.199 -1.159 0.177
2471 6.365 -3.716 -0.120 -0.389 0.208
2472 6.820 -3.057 0.280 0.086 0.953
2473 5.981 -2.999 0.214 -1.083 0.991
2474 6.135 -2.323 -0.217 -1.200 0.380
2475 6.371 -2.591 -0.146 -0.885 0.352
2476 6.427 -3.185 0.099 -0.581 0.512
2477 6.781 -3.732 0.064 -0.073 0.565
2478 7.045 -3.295 0.434 0.270 3.145
2479 5.909 -3.010 0.025 -1.281 3.513
248 6.421 -1.975 -0.314 -0.819 1.701
2480 5.719 -3.021 0.094 -0.761 0.253
2481 5.248 -4.188 0.280 -0.156 3.899
2482 5.882 -3.093 0.098 -1.139 3.598
2483 5.801 -3.191 0.125 -0.800 0.595
2484 6.179 -2.942 0.096 -0.444 1.012
2485 5.410 -3.958 0.278 -0.245 0.475
2486 5.879 -3.606 0.020 -0.419 0.070
2487 5.903 -3.786 0.103 -0.315 0.175
2488 6.094 -3.576 -0.009 -0.372 0.156
2489 5.641 -3.920 0.222 -0.238 0.303
249 6.246 -2.300 0.004 -1.049 3.137
2490 5.722 -3.912 0.198 -0.188 0.124
2491 5.726 -3.388 0.209 -0.394 3.254
2492 6.249 -2.875 0.171 -0.493 3.396
2493 5.262 -4.207 0.287 -0.137 3.948
2494 5.678 -3.699 0.243 -0.350 1.666
2495 5.928 -3.189 0.173 -0.641 3.773
2496 6.053 -3.595 -0.059 -0.435 0.119
2497 5.660 -3.807 0.164 -0.284 0.354
2498 5.549 -3.681 0.279 -0.681 3.905
2499 6.622 -3.735 0.402 0.229 3.053
25 5.924 -3.104 0.242 -0.936 0.591
250 5.718 -3.296 0.166 -1.034 3.742
2500 5.924 -3.021 0.006 -1.136 3.496
2501 6.435 -2.674 0.308 -0.468 3.864
2502 5.198 -4.263 0.293 -0.132 4.001
2503 5.207 -4.251 0.284 -0.144 3.992
2504 6.012 -2.781 0.106 -0.922 3.702
2505 6.016 -3.793 -0.076 -0.396 0.114
2506 5.233 -4.227 0.284 -0.147 3.975
2507 5.915 -3.658 0.078 -0.314 3.322
2508 5.957 -3.427 0.232 -0.429 3.898
2509 5.306 -4.158 0.273 -0.168 0.207
251 5.699 -3.263 0.243 -0.546 2.245
2510 5.308 -4.155 0.295 -0.148 3.920
2511 5.959 -3.231 0.234 -0.834 3.706
2512 6.157 -3.575 -0.035 -0.371 0.285
2513 6.239 -3.391 -0.122 -0.434 0.249
2514 6.225 -3.590 -0.059 -0.499 1.250
2515 6.110 -2.830 0.048 -0.740 1.980
2516 6.077 -2.704 0.021 -0.894 2.544
2517 6.214 -3.057 0.014 -0.567 0.725
2518 6.262 -3.748 -0.142 -0.406 0.174
2519 6.750 -3.877 0.066 -0.064 2.318
252 5.266 -4.168 0.282 -0.163 3.934
2520 6.727 -3.601 0.432 0.259 1.970
2521 5.893 -2.974 0.071 -1.040 1.692
2522 6.720 -3.602 0.074 -0.078 0.337
2523 6.070 -2.673 0.023 -1.184 0.874
2524 6.013 -2.976 0.228 -1.049 0.530
2525 6.541 -3.726 0.113 -0.082 3.833
2526 6.317 -3.834 -0.228 -0.430 0.218
2527 5.975 -2.843 0.077 -1.268 3.645
2528 6.001 -2.433 -0.158 -1.181 0.257
2529 5.805 -3.069 0.121 -1.076 0.335
253 5.858 -2.674 -0.086 -0.985 0.118
2530 6.173 -3.831 -0.116 -0.395 0.455
2531 6.750 -2.875 0.069 -0.175 3.038
2532 5.812 -3.481 0.213 -0.356 0.518
2533 5.789 -3.882 0.158 -0.158 0.929
2534 5.552 -3.564 0.225 -0.461 0.238
2535 5.475 -4.098 0.220 -0.233 0.372
2536 5.438 -3.811 0.234 -0.339 0.132
2537 5.294 -4.163 0.275 -0.160 3.640
2538 5.500 -3.586 0.250 -0.462 0.222
2539 5.904 -2.935 0.234 -0.718 0.142
254 5.791 -3.307 0.137 -0.950 2.129
2540 5.395 -4.041 0.248 -0.216 0.272
2541 6.108 -3.358 -0.011 -0.487 0.547
2542 5.909 -2.969 0.069 -0.760 0.171
2543 5.309 -4.057 0.272 -0.194 0.770
2544 5.503 -4.055 0.214 -0.241 0.098
2545 5.333 -4.148 0.276 -0.186 3.898
2546 5.439 -4.073 0.255 -0.216 0.303
2547 5.264 -4.192 0.287 -0.169 3.933
2548 5.983 -3.751 0.068 -0.323 0.430
2549 5.760 -3.795 0.146 -0.254 0.499
255 5.887 -3.600 0.070 -0.329 0.340
2550 5.856 -3.855 0.011 -0.374 0.195
2551 5.626 -3.876 0.151 -0.330 0.127
2552 5.796 -3.133 0.168 -1.150 3.837
2553 5.247 -4.218 0.289 -0.146 3.934
2554 5.616 -3.108 0.108 -0.507 3.513
2555 5.594 -3.388 0.194 -0.623 0.405
2556 5.671 -3.834 0.232 -0.182 0.600
2557 5.920 -3.183 0.213 -0.978 3.781
2558 5.618 -3.746 0.155 -0.300 0.376
2559 5.233 -4.217 0.297 -0.143 3.959
256 6.060 -3.690 -0.034 -0.454 0.387
2560 6.434 -3.482 0.102 -0.140 1.291
2561 6.067 -2.849 0.180 -0.737 0.811
2562 5.900 -3.369 0.161 -0.809 3.710
2563 6.391 -3.601 0.102 -0.092 0.280
2564 5.823 -3.269 0.199 -0.915 3.739
2565 5.953 -2.992 0.174 -0.631 0.408
2566 5.818 -3.167 0.155 -0.671 1.508
2567 5.610 -3.471 0.246 -0.844 3.921
2568 6.161 -2.317 -0.165 -1.138 3.312
2569 5.647 -3.533 0.243 -0.402 0.127
257 6.160 -2.518 0.145 -0.923 0.149
2570 5.706 -3.909 0.079 -0.342 0.066
2571 5.766 -3.341 0.260 -0.850 1.283
2572 5.979 -3.902 -0.050 -0.351 0.063
2573 6.243 -3.563 0.158 -0.214 0.918
2574 6.279 -2.313 0.028 -0.640 0.617
2575 6.428 -2.170 -0.146 -1.079 2.020
2576 6.129 -2.620 0.078 -0.885 0.135
2577 5.659 -3.569 0.226 -0.399 0.490
2578 6.355 -2.373 0.039 -0.901 3.520
2579 6.758 -1.782 -0.386 -0.810 2.870
258 6.021 -2.610 -0.000 -1.022 0.348
2580 5.709 -3.492 0.217 -0.771 3.806
2581 6.292 -2.218 -0.212 -0.873 2.659
2582 5.822 -2.932 0.047 -1.099 0.465
2583 6.035 -2.844 0.140 -0.763 1.078
2584 5.832 -3.923 0.022 -0.333 0.135
2585 5.720 -3.424 0.188 -0.833 1.047
2586 5.368 -4.130 0.275 -0.155 0.081
2587 6.738 -3.593 0.402 0.185 0.848
2588 6.038 -2.574 0.044 -0.994 0.210
2589 5.794 -3.343 0.174 -0.528 3.718
259 5.293 -4.095 0.278 -0.209 0.146
2590 5.819 -3.789 0.096 -0.325 0.146
2591 5.520 -3.731 0.265 -0.331 0.895
2592 5.227 -4.217 0.294 -0.153 3.955
2593 5.621 -3.733 0.175 -0.327 0.577
2594 5.802 -3.692 0.045 -0.357 0.071
2595 5.892 -3.860 0.095 -0.293 0.226
2596 5.787 -3.113 0.112 -0.677 0.347
2597 5.198 -4.262 0.302 -0.129 4.001
2599 5.906 -3.695 0.065 -0.359 0.119
26 6.225 -3.772 0.109 -0.154 1.025
260 6.262 -3.783 0.147 -0.202 0.542
2600 5.716 -3.786 0.192 -0.249 0.421
261 6.310 -3.750 -0.140 -0.407 0.327
262 5.991 -2.608 0.004 -1.005 0.269
263 6.346 -2.239 -0.052 -1.116 3.446
264 5.979 -2.875 0.080 -0.999 0.627
265 5.841 -3.220 0.206 -0.915 0.422
266 6.907 -3.774 0.456 0.355 3.817
267 6.115 -2.838 0.236 -1.016 3.291
268 5.856 -2.907 0.083 -1.253 2.214
269 6.023 -2.756 0.100 -1.108 0.692
27 5.772 -3.258 0.259 -0.521 1.840
270 5.946 -3.079 0.054 -1.141 0.526
271 6.147 -2.750 0.126 -1.278 2.976
272 5.934 -2.554 -0.092 -1.216 0.268
273 6.428 -2.956 0.159 -0.844 0.206
274 6.061 -2.665 0.052 -1.367 0.698
275 6.485 -2.010 -0.332 -1.173 0.186
276 6.780 -3.348 -0.302 -0.484 0.147
277 6.711 -3.605 -0.089 -0.325 0.225
278 6.925 -3.515 0.150 0.019 0.263
279 6.199 -2.318 -0.155 -1.228 0.200
28 6.787 -3.859 0.443 0.377 3.935
280 6.873 -3.674 -0.075 -0.229 0.315
281 7.253 -3.314 0.444 0.334 2.274
282 6.091 -2.398 -0.184 -1.356 0.279
283 5.917 -2.755 -0.020 -1.372 0.264
284 6.241 -2.252 -0.053 -1.182 0.553
285 6.679 -2.826 0.005 -0.286 0.646
286 6.747 -3.426 0.089 -0.141 0.954
287 6.042 -2.702 0.048 -1.393 2.992
288 7.044 -3.091 0.077 -0.037 1.571
289 6.162 -2.495 -0.027 -0.989 0.861
29 5.873 -2.784 -0.027 -0.954 0.282
290 6.215 -2.356 -0.136 -1.109 0.691
291 6.962 -2.024 0.128 -0.778 2.220
292 5.997 -2.544 -0.091 -1.212 0.361
293 6.055 -2.336 -0.287 -1.355 1.207
294 6.148 -2.455 -0.063 -1.032 0.323
295 6.672 -3.606 0.135 -0.036 0.372
296 6.382 -3.603 -0.132 -0.392 0.162
297 6.254 -3.496 0.142 -0.127 0.962
298 5.798 -3.220 0.231 -1.037 0.874
299 5.880 -2.801 -0.083 -0.953 0.371
3 5.815 -3.756 0.224 -0.420 3.587
30 5.282 -4.130 0.305 -0.153 1.960
300 6.351 -3.054 0.129 -0.417 2.072
301 6.437 -3.220 -0.095 -0.388 2.509
302 6.459 -3.843 0.110 -0.052 2.747
303 5.264 -4.183 0.284 -0.151 3.898
304 5.651 -3.903 0.094 -0.361 0.142
305 6.140 -3.771 -0.094 -0.395 0.599
306 6.048 -2.598 -0.024 -1.029 0.258
307 6.367 -2.475 -0.067 -0.722 0.479
308 5.994 -2.904 0.117 -1.202 1.367
309 6.128 -2.308 -0.213 -1.105 0.338
31 6.090 -3.379 0.224 -0.204 1.726
310 5.986 -2.748 0.012 -1.062 0.279
311 6.049 -2.640 0.040 -0.872 0.813
312 6.931 -3.496 0.445 0.319 0.921
313 6.168 -2.464 -0.031 -1.009 0.780
314 6.085 -2.599 -0.092 -1.010 0.569
315 6.141 -2.389 -0.160 -1.093 2.542
316 6.148 -2.388 -0.108 -1.120 0.812
317 7.022 -3.345 0.104 -0.044 2.311
318 6.132 -2.573 -0.007 -1.413 3.780
319 6.129 -2.729 0.014 -1.265 3.350
32 5.635 -3.355 0.167 -0.876 1.090
320 6.993 -3.454 0.434 0.313 1.989
321 6.906 -3.282 0.438 0.266 1.181
322 6.450 -3.638 -0.191 -0.446 0.674
323 6.038 -2.848 0.081 -1.220 0.512
324 6.392 -2.855 0.321 -0.822 1.712
325 6.250 -2.317 -0.071 -1.267 0.302
326 6.256 -2.149 -0.227 -1.357 0.655
327 7.112 -3.446 0.270 0.084 0.930
328 6.256 -2.269 -0.219 -1.300 0.311
329 6.273 -2.634 0.117 -1.211 2.676
33 6.255 -3.792 -0.093 -0.365 0.171
330 6.706 -2.564 -0.143 -0.647 0.311
331 6.723 -3.431 -0.248 -0.433 0.121
332 6.985 -3.764 -0.056 -0.185 0.237
333 6.482 -1.826 -0.335 -1.043 0.275
334 6.182 -2.255 -0.140 -1.326 0.235
335 7.214 -3.178 0.434 0.301 1.734
336 7.108 -3.858 0.392 0.300 0.314
337 6.039 -2.844 0.069 -1.182 0.928
338 6.165 -2.494 -0.119 -1.546 3.544
339 6.189 -2.502 -0.026 -1.481 3.641
34 5.968 -2.763 0.076 -0.917 0.735
340 6.011 -2.621 -0.027 -1.513 3.695
341 6.036 -3.058 0.245 -0.980 1.164
342 6.552 -2.360 -0.158 -0.688 1.897
343 6.577 -3.834 -0.249 -0.446 0.129
344 6.703 -3.605 0.105 -0.045 1.826
345 5.896 -2.677 -0.013 -1.235 0.334
346 6.425 -3.643 -0.135 -0.400 0.205
347 6.267 -3.264 -0.101 -0.746 0.526
348 6.317 -3.569 0.294 -0.173 1.285
349 6.396 -2.419 0.286 -0.799 1.483
35 6.165 -3.892 -0.095 -0.374 0.104
350 6.272 -2.884 -0.210 -0.721 0.218
351 6.306 -3.581 -0.041 -0.400 0.225
352 6.023 -3.718 -0.043 -0.383 0.099
353 5.872 -3.602 0.005 -0.404 0.072
354 5.807 -3.929 0.076 -0.312 0.114
355 5.224 -4.216 0.299 -0.129 3.974
356 6.039 -2.710 0.097 -0.937 0.261
357 6.698 -3.109 0.124 -0.087 1.241
358 6.023 -2.935 0.150 -1.166 1.271
359 6.875 -2.639 0.419 -0.080 2.440
36 6.082 -3.110 0.219 -0.862 2.755
360 6.834 -2.932 0.014 -0.167 2.194
361 6.296 -2.148 -0.147 -0.835 0.247
362 5.619 -3.480 0.247 -0.853 3.888
363 6.184 -2.264 -0.183 -1.013 0.087
364 6.526 -3.748 -0.001 -0.249 0.325
365 6.331 -2.100 -0.203 -0.936 1.515
366 6.009 -2.931 0.077 -1.199 1.180
367 7.136 -3.448 0.465 0.371 3.446
368 6.148 -2.610 -0.147 -0.940 1.596
369 5.951 -2.696 0.038 -1.252 0.328
37 5.678 -3.619 0.158 -0.435 0.332
370 6.212 -2.339 -0.069 -1.100 0.493
371 6.304 -2.208 -0.249 -1.183 0.577
372 6.307 -2.875 -0.157 -0.964 0.296
373 6.930 -3.536 0.433 0.292 1.541
374 6.072 -2.821 0.127 -1.222 0.582
375 6.489 -1.988 -0.294 -1.215 1.856
376 6.339 -2.098 -0.226 -1.373 1.626
377 6.867 -1.944 -0.082 -0.460 0.181
378 6.751 -2.701 0.347 -0.656 1.156
379 6.638 -1.841 -0.079 -1.180 1.387
38 5.879 -3.260 0.169 -0.480 0.776
380 7.248 -3.402 0.096 0.006 1.517
381 6.659 -2.662 -0.010 -0.843 0.801
382 7.210 -3.201 0.058 -0.085 1.098
383 7.235 -3.150 0.085 -0.004 1.062
384 6.328 -2.247 -0.202 -1.335 0.285
385 6.109 -2.612 -0.039 -1.418 0.467
386 7.084 -3.313 0.026 -0.076 0.827
387 7.075 -3.310 0.176 0.056 0.461
388 7.407 -3.517 0.462 0.405 3.660
389 6.989 -3.032 0.355 0.118 0.697
39 5.988 -2.628 0.051 -1.002 0.189
390 6.128 -2.470 -0.106 -1.535 3.109
391 6.105 -2.576 -0.015 -1.498 3.631
392 6.347 -2.383 0.001 -0.932 1.315
393 7.077 -2.680 0.079 -0.194 2.058
394 6.238 -2.945 0.038 -1.035 0.431
395 6.084 -2.896 0.065 -1.187 2.852
396 6.216 -2.824 0.010 -1.024 1.972
397 6.370 -2.653 0.211 -1.024 3.438
398 6.844 -3.342 0.452 0.266 2.777
399 7.024 -3.230 0.064 -0.106 2.201
4 5.260 -4.186 0.282 -0.154 3.948
40 5.932 -3.255 0.152 -0.815 3.710
400 6.211 -2.316 -0.075 -0.846 0.650
401 6.777 -3.465 0.123 -0.023 1.667
402 6.277 -3.885 -0.191 -0.459 0.118
403 6.719 -3.832 -0.019 -0.187 0.208
404 5.854 -2.978 0.074 -0.813 0.229
405 6.081 -3.847 -0.105 -0.410 0.151
406 6.214 -2.854 0.228 -0.303 1.067
407 6.355 -2.440 -0.143 -0.591 0.278
408 6.382 -3.470 -0.097 -0.432 0.286
409 6.108 -2.642 0.006 -0.861 0.333
41 6.020 -4.029 0.144 -0.079 0.922
410 6.243 -2.280 -0.305 -1.041 0.192
411 5.953 -2.796 0.012 -1.378 2.213
412 6.909 -3.613 0.427 0.311 3.464
413 5.922 -3.184 0.177 -1.029 1.154
414 5.904 -2.996 0.136 -1.152 0.224
415 6.095 -2.617 0.133 -1.061 0.235
416 6.959 -3.249 0.052 -0.097 2.967
417 6.030 -2.857 0.095 -1.262 2.272
418 6.458 -1.966 -0.095 -0.759 0.577
419 6.723 -2.916 0.402 -0.458 2.953
42 5.912 -3.779 0.379 -0.227 3.897
420 5.837 -3.059 0.151 -1.228 3.890
421 7.260 -3.480 0.459 0.374 1.451
422 7.351 -3.651 0.470 0.386 1.523
423 5.955 -2.715 0.018 -1.461 0.429
424 6.195 -2.393 -0.017 -1.290 0.320
425 6.130 -2.598 0.042 -1.170 0.481
426 6.169 -2.277 -0.123 -1.373 0.168
427 7.431 -3.818 0.441 0.392 1.456
428 6.532 -1.936 -0.154 -1.176 0.799
429 6.595 -2.676 0.316 -0.803 0.388
43 5.645 -3.438 0.217 -0.424 1.844
430 7.314 -3.577 0.035 -0.072 1.425
431 6.312 -2.508 0.083 -1.351 1.218
432 7.720 -3.358 0.472 0.414 3.495
433 7.160 -1.882 -0.109 -0.442 1.728
434 7.213 -3.144 -0.023 -0.267 0.261
435 6.997 -1.764 -0.165 -0.631 0.768
436 7.319 -3.703 -0.008 -0.063 1.355
437 7.347 -2.947 0.459 0.297 0.580
438 6.314 -2.265 -0.150 -1.431 2.053
439 6.076 -2.740 0.055 -1.352 0.702
44 5.490 -3.759 0.276 -0.328 0.201
440 7.237 -3.484 0.079 -0.038 1.642
441 6.512 -1.812 -0.371 -1.104 0.508
442 7.247 -3.304 0.448 0.311 1.280
443 6.459 -2.133 -0.196 -1.141 0.807
444 6.078 -2.689 0.086 -1.387 1.728
445 6.268 -2.542 0.050 -1.371 3.053
446 6.007 -2.603 -0.041 -1.545 3.239
447 6.269 -2.663 0.060 -1.139 2.541
448 6.865 -3.051 -0.292 -0.487 3.107
449 6.406 -2.017 -0.231 -1.225 1.299
45 5.513 -3.900 0.228 -0.254 2.551
450 6.282 -2.784 0.233 -1.036 1.871
451 6.052 -2.966 0.078 -1.175 1.676
452 6.304 -3.702 -0.059 -0.376 0.710
453 6.553 -3.674 -0.250 -0.467 0.236
454 6.438 -1.991 -0.152 -0.820 1.095
455 6.146 -2.808 0.138 -1.148 3.127
456 6.199 -3.159 -0.072 -0.441 0.281
457 6.035 -2.832 0.089 -0.891 3.437
458 6.803 -3.516 0.056 -0.039 2.639
459 6.379 -3.702 -0.162 -0.381 0.241
46 6.086 -3.670 0.028 -0.383 0.303
460 6.291 -2.452 0.084 -0.881 3.174
461 5.949 -2.853 0.160 -1.059 0.479
462 6.105 -2.722 -0.000 -1.122 0.677
463 6.303 -2.114 -0.234 -0.892 0.376
464 6.933 -3.511 0.354 0.229 0.529
465 6.181 -2.355 -0.090 -1.138 0.680
466 7.081 -3.471 0.455 0.334 1.105
467 6.091 -2.831 0.121 -1.226 1.454
468 6.656 -3.118 0.390 -0.260 0.864
469 6.169 -2.278 -0.234 -1.207 0.834
47 5.336 -4.127 0.256 -0.208 0.098
470 6.214 -2.434 -0.180 -1.243 0.322
471 6.039 -2.745 -0.002 -1.358 0.873
472 7.183 -3.338 0.071 -0.039 2.339
473 7.384 -3.704 0.455 0.416 3.938
474 6.506 -2.023 -0.006 -0.972 0.713
475 7.249 -3.053 0.428 0.270 0.788
476 7.601 -3.543 0.461 0.422 3.763
477 6.480 -1.819 -0.540 -1.452 1.386
478 6.143 -2.370 -0.136 -1.512 0.354
479 6.764 -1.545 -0.725 -1.408 3.579
48 5.548 -3.928 0.236 -0.200 0.085
480 7.288 -3.237 0.032 -0.070 0.983
481 7.499 -3.590 0.450 0.393 0.405
482 7.211 -2.932 0.129 -0.214 0.235
483 7.537 -3.624 -0.003 -0.045 1.974
484 7.558 -3.175 0.453 0.333 0.832
485 7.347 -3.410 0.008 -0.058 0.355
486 7.428 -3.363 0.227 0.127 0.412
487 7.390 -3.538 0.046 -0.032 0.564
488 7.555 -3.698 0.450 0.385 0.355
489 7.541 -3.449 0.450 0.402 0.560
49 5.476 -3.884 0.247 -0.288 0.157
490 7.492 -3.011 0.466 0.344 0.551
491 7.588 -3.681 0.455 0.395 1.768
492 6.177 -2.454 0.016 -1.456 0.318
493 7.614 -3.448 0.464 0.422 3.558
494 7.395 -3.288 0.010 -0.043 2.816
495 7.370 -3.040 0.471 0.363 1.790
496 7.351 -3.398 0.464 0.376 1.739
497 6.302 -2.130 -0.156 -1.287 0.555
498 7.310 -3.612 0.452 0.387 3.480
499 6.145 -2.711 0.073 -1.196 0.413
5 5.340 -4.107 0.265 -0.209 0.127
50 5.271 -4.153 0.266 -0.175 0.083
500 5.585 -3.341 0.207 -1.053 3.927
501 7.244 -3.383 0.007 -0.103 3.172
502 6.062 -2.481 -0.147 -1.318 0.648
503 6.268 -2.046 -0.333 -0.849 0.174
504 6.046 -2.932 0.141 -0.935 0.506
505 6.412 -3.808 -0.063 -0.334 0.398
506 6.483 -3.501 -0.308 -0.529 0.197
507 6.065 -2.525 -0.060 -1.134 0.284
508 5.786 -2.773 0.014 -1.041 0.158
509 6.827 -3.415 0.378 0.230 0.364
51 5.661 -3.927 0.284 -0.124 1.975
510 6.248 -3.109 -0.095 -0.428 0.317
511 6.291 -3.087 0.065 -0.371 1.136
512 6.351 -2.406 0.144 -0.875 1.644
513 6.064 -2.427 -0.107 -1.220 0.285
514 6.195 -2.420 -0.027 -1.105 0.654
515 6.402 -1.956 -0.327 -1.297 3.644
516 6.078 -2.642 0.016 -1.256 0.415
517 7.040 -3.120 0.377 0.148 1.532
518 6.983 -3.213 0.109 -0.035 0.958
519 6.907 -2.678 0.330 -0.088 0.615
52 5.260 -4.146 0.269 -0.185 3.923
520 7.233 -3.117 0.448 0.322 2.211
521 7.031 -2.689 0.409 0.138 0.560
522 6.867 -2.674 -0.169 -0.648 0.958
523 6.700 -2.563 -0.339 -0.730 0.167
524 6.495 -2.723 -0.287 -1.042 0.289
525 6.725 -2.715 0.400 -0.597 0.288
526 6.751 -1.551 -0.627 -1.364 2.889
527 7.397 -3.585 0.366 0.261 0.490
528 7.368 -3.070 0.057 -0.037 1.116
529 7.025 -2.714 -0.398 -0.789 0.755
53 5.661 -3.569 0.210 -0.390 0.265
530 6.734 -1.688 -0.245 -1.165 0.701
531 7.521 -3.354 0.449 0.362 0.417
532 7.488 -2.612 0.442 0.216 0.530
533 7.040 -1.730 -0.092 -0.915 0.634
534 6.233 -2.282 -0.295 -1.655 0.483
535 7.487 -2.569 0.278 -0.128 0.473
536 7.431 -3.383 -0.383 -0.506 1.021
537 6.938 -1.485 -0.561 -1.286 1.091
538 7.643 -2.655 0.413 0.267 0.213
539 7.634 -3.276 0.446 0.379 0.579
54 5.313 -4.128 0.275 -0.188 3.546
540 6.754 -1.583 -0.645 -1.443 1.019
541 7.433 -3.121 -0.265 -0.410 1.181
542 6.785 -1.551 -0.464 -1.311 1.217
543 7.319 -1.725 -0.083 -0.620 1.391
544 7.510 -3.478 0.114 0.049 1.395
545 7.496 -3.562 0.426 0.354 1.089
546 7.097 -2.996 -0.320 -0.610 0.752
547 7.377 -3.246 0.442 0.367 0.689
548 6.196 -2.727 0.208 -1.143 0.378
549 6.943 -2.924 0.266 -0.068 0.484
55 5.763 -3.688 0.132 -0.362 0.182
550 7.329 -3.481 0.467 0.428 2.406
551 6.883 -2.205 0.295 -0.356 1.774
552 6.054 -2.773 0.085 -1.329 0.414
553 6.227 -2.238 -0.158 -1.179 0.743
554 6.236 -2.466 -0.006 -1.018 0.678
555 6.797 -2.843 0.158 -0.376 0.501
556 6.557 -3.344 0.070 -0.156 0.542
557 6.379 -3.081 -0.108 -0.788 0.233
558 6.825 -2.815 0.431 0.005 0.728
559 6.289 -3.719 -0.197 -0.491 0.244
56 6.071 -3.477 0.249 -0.191 0.837
560 5.925 -2.810 0.057 -0.841 0.408
561 6.017 -2.855 0.047 -1.236 1.014
562 6.082 -2.989 0.050 -0.660 0.101
563 6.156 -2.945 -0.065 -0.661 0.231
564 6.484 -2.035 -0.356 -0.755 0.316
565 6.239 -2.200 -0.155 -0.909 0.383
566 6.248 -2.361 -0.082 -1.035 0.430
567 7.250 -2.115 0.398 -0.230 3.449
568 7.027 -3.663 0.076 -0.031 0.696
569 7.354 -3.586 0.475 0.413 2.271
57 6.069 -3.524 -0.067 -0.402 0.209
570 6.545 -2.022 0.022 -1.064 1.464
571 6.327 -2.281 -0.048 -0.996 0.890
572 7.303 -3.341 0.451 0.327 2.211
573 7.241 -3.463 0.168 0.053 1.074
574 7.550 -3.702 0.452 0.401 2.942
575 6.326 -2.377 -0.049 -1.417 1.722
576 5.863 -2.987 0.093 -1.258 3.950
577 7.339 -3.656 0.097 0.013 0.497
578 6.378 -2.012 -0.448 -1.504 0.376
579 6.623 -2.379 0.310 -1.000 0.299
58 5.786 -3.423 0.175 -0.459 1.882
580 6.373 -2.239 0.063 -1.409 0.315
581 6.451 -2.149 -0.052 -1.410 0.476
582 7.219 -1.814 -0.034 -0.693 0.774
583 7.665 -3.138 0.448 0.375 0.621
584 7.742 -3.381 0.440 0.374 0.416
585 6.884 -1.445 -0.513 -1.363 1.030
586 7.686 -2.545 0.291 0.091 0.336
587 7.650 -2.354 0.208 -0.058 0.288
588 7.223 -1.465 -0.274 -1.017 0.677
589 7.618 -1.877 0.022 -0.346 0.753
59 6.437 -2.962 -0.205 -0.614 0.140
590 7.758 -3.102 0.355 0.265 0.418
591 7.667 -1.985 0.324 -0.073 0.498
592 7.793 -2.718 0.474 0.366 0.495
593 7.519 -1.532 0.346 -0.271 0.849
594 7.720 -3.168 0.428 0.337 0.375
595 6.790 -1.627 -0.421 -1.409 1.048
596 7.572 -2.578 0.469 0.280 0.775
597 7.582 -3.288 0.465 0.371 0.835
598 7.600 -2.941 0.411 0.308 1.624
599 6.443 -2.063 -0.353 -1.360 0.617
6 6.334 -3.527 0.028 -0.239 0.246
60 6.128 -2.651 0.039 -0.631 0.739
600 6.520 -1.919 -0.318 -1.163 0.335
601 7.115 -3.115 0.111 -0.155 0.644
602 6.274 -2.327 0.051 -1.217 0.461
603 6.244 -2.406 -0.164 -1.525 3.054
604 7.073 -3.246 0.304 0.120 0.614
605 5.966 -2.797 0.065 -1.291 0.246
606 7.450 -3.187 0.445 0.354 2.989
607 6.026 -2.949 0.119 -1.140 0.666
608 6.876 -3.643 0.147 0.008 0.293
609 6.081 -2.671 0.070 -1.114 0.335
61 5.817 -3.635 0.289 -0.156 0.995
610 6.082 -2.728 0.074 -0.854 0.432
611 5.424 -4.038 0.233 -0.234 0.144
612 6.242 -2.174 -0.198 -0.936 1.275
613 6.367 -2.162 -0.021 -1.075 2.898
614 6.828 -3.661 0.435 0.285 0.999
615 6.646 -2.268 0.322 -0.620 0.605
616 6.567 -3.050 -0.215 -0.704 2.117
617 6.103 -2.622 0.025 -1.408 1.808
618 7.248 -3.596 0.423 0.312 1.279
619 7.218 -3.283 0.438 0.301 0.991
62 5.469 -3.999 0.216 -0.258 0.149
620 7.280 -3.035 0.453 0.309 0.632
621 7.348 -3.686 0.458 0.383 1.487
622 7.218 -3.260 0.402 0.213 0.611
623 7.274 -3.259 0.070 -0.024 1.380
624 7.549 -3.387 0.474 0.404 2.071
625 7.019 -2.909 -0.177 -0.637 0.739
626 6.260 -2.380 -0.047 -1.550 2.864
627 6.646 -1.787 -0.281 -1.228 0.532
628 7.380 -3.554 0.048 -0.018 0.623
629 7.277 -3.038 -0.399 -0.587 0.906
63 5.884 -2.935 0.023 -0.822 0.205
630 7.703 -1.900 0.248 -0.077 1.653
631 7.316 -2.198 0.009 -0.534 1.143
632 7.601 -3.306 0.023 -0.063 0.356
633 7.588 -1.746 0.418 -0.203 0.749
634 7.726 -3.444 0.264 0.183 0.375
635 7.606 -3.224 -0.406 -0.522 0.980
636 7.771 -3.639 0.219 0.147 0.506
637 7.793 -3.180 0.238 0.114 0.289
638 7.794 -1.588 0.362 -0.027 0.430
639 7.748 -1.355 0.177 -0.208 0.635
64 5.892 -3.172 0.075 -1.096 3.707
640 7.787 -3.345 0.015 -0.056 0.630
641 7.898 -3.225 0.361 0.273 0.324
642 7.868 -3.782 0.329 0.273 0.189
643 7.804 -3.371 0.082 0.019 0.764
644 7.816 -2.372 0.356 0.222 0.295
645 7.376 -1.245 0.013 -0.848 1.129
646 6.777 -1.649 -0.452 -1.450 0.582
647 6.886 -1.449 -0.492 -1.382 1.585
648 6.915 -1.438 -0.500 -1.321 1.627
649 6.292 -2.328 -0.220 -1.554 0.432
65 5.835 -2.859 -0.035 -0.963 0.245
650 7.519 -2.686 0.440 0.201 0.755
651 6.947 -2.301 0.301 -0.646 0.290
652 6.195 -2.478 -0.079 -1.474 0.862
653 7.320 -2.617 0.427 0.143 0.663
654 6.258 -2.275 -0.196 -1.403 0.409
655 6.623 -1.874 -0.160 -1.168 1.193
656 6.071 -2.627 -0.030 -1.436 0.527
657 7.079 -3.167 0.033 -0.071 1.146
658 6.127 -2.284 -0.217 -1.264 0.221
659 6.606 -1.979 -0.127 -0.635 0.141
66 6.293 -3.447 -0.176 -0.430 0.091
660 5.999 -2.540 -0.032 -1.212 0.384
661 6.520 -3.416 -0.250 -0.457 0.327
662 6.474 -3.586 -0.072 -0.331 0.187
663 6.256 -2.106 -0.308 -0.808 0.306
664 6.992 -3.471 0.027 -0.071 0.707
665 6.479 -1.817 -0.439 -0.928 0.146
666 7.128 -3.685 0.443 0.348 0.546
667 7.920 -1.338 0.093 -0.506 1.556
668 6.471 -1.845 -0.408 -0.970 0.195
669 6.881 -3.112 0.033 -0.211 0.415
67 6.095 -3.058 0.235 -0.967 3.152
670 7.569 -3.052 0.472 0.383 2.892
671 6.324 -2.486 0.067 -1.285 1.278
672 6.471 -2.014 -0.086 -1.241 0.283
673 6.364 -2.321 -0.103 -1.326 0.314
674 7.593 -3.452 0.452 0.380 2.558
675 6.175 -2.194 -0.360 -1.559 0.314
676 7.264 -1.655 0.315 -0.320 1.255
677 7.298 -3.486 0.031 -0.045 0.407
678 7.021 -1.609 0.056 -1.085 1.839
679 6.677 -2.370 -0.311 -1.238 0.274
68 5.671 -3.812 0.239 -0.209 1.092
680 7.303 -2.079 0.386 -0.264 0.085
681 7.285 -1.666 0.327 -0.620 0.485
682 7.385 -1.257 -0.030 -0.579 0.321
683 7.609 -2.634 -0.230 -0.473 1.009
684 7.859 -3.735 0.246 0.181 0.530
685 7.792 -3.389 0.112 0.036 0.237
686 7.879 -3.582 0.139 0.068 0.435
687 7.843 -3.123 0.027 -0.060 0.406
688 7.634 -0.891 -0.171 -0.679 0.965
689 7.922 -1.687 0.448 0.023 0.521
69 6.177 -3.735 -0.131 -0.421 0.081
690 7.231 -1.896 -0.095 -1.151 0.749
691 7.963 -1.679 0.392 0.185 0.322
692 7.913 -1.387 0.277 -0.048 0.706
693 8.044 -3.688 0.436 0.401 0.545
694 7.932 -1.785 0.455 0.089 0.782
695 7.796 -1.540 0.065 -0.684 1.654
696 7.923 -1.797 0.369 0.189 0.624
697 7.065 -1.225 -0.743 -1.388 1.339
698 7.056 -1.305 -0.377 -1.283 1.126
699 7.817 -3.692 0.401 0.346 0.363
7 6.172 -3.724 -0.134 -0.431 0.141
70 6.007 -3.185 0.249 -0.829 3.768
700 7.709 -3.204 0.444 0.372 0.248
701 7.345 -2.468 0.425 -0.222 0.495
702 7.206 -1.330 -0.190 -0.725 1.304
703 7.738 -3.468 0.482 0.427 2.457
704 7.320 -3.016 0.094 -0.013 0.475
705 6.673 -1.802 -0.168 -1.176 1.100
706 6.460 -1.936 -0.391 -1.399 1.105
707 6.220 -2.695 0.183 -1.223 0.444
708 7.176 -3.865 0.346 0.255 0.285
709 6.713 -1.959 -0.164 -0.593 0.206
71 6.237 -3.783 -0.131 -0.417 0.187
710 6.663 -3.691 -0.214 -0.424 0.235
711 6.570 -3.355 -0.234 -0.452 0.383
712 5.904 -2.807 0.075 -1.237 0.451
713 6.006 -2.844 0.113 -1.093 0.377
714 6.359 -2.485 0.165 -0.785 0.437
715 6.700 -2.541 0.045 -0.502 0.583
716 6.957 -2.597 0.216 -0.050 0.351
717 6.688 -1.643 -0.356 -0.840 1.505
718 6.808 -2.778 0.382 -0.366 1.210
719 6.097 -2.686 0.181 -1.248 0.360
72 5.860 -2.697 -0.060 -1.044 0.225
720 6.921 -3.429 0.082 -0.041 0.521
721 7.321 -3.357 0.076 -0.015 0.950
722 6.245 -2.569 0.087 -1.293 0.660
723 7.345 -3.039 0.402 0.275 0.198
724 6.377 -2.028 -0.275 -1.448 0.490
725 7.054 -2.093 0.348 -0.509 0.554
726 7.385 -3.781 0.242 0.148 0.243
727 7.300 -2.735 -0.110 -0.349 0.623
728 7.446 -3.479 0.095 -0.003 0.505
729 7.429 -2.100 0.323 -0.168 0.392
73 5.680 -3.495 0.242 -0.814 3.872
730 6.796 -1.934 0.208 -1.106 0.382
731 7.346 -1.183 -0.203 -0.633 0.687
732 7.393 -1.768 -0.038 -0.646 0.389
733 7.744 -3.206 0.090 0.006 0.328
734 7.807 -1.736 0.371 -0.097 0.377
735 7.823 -1.929 0.117 -0.148 0.402
736 8.010 -3.351 0.334 0.251 0.226
737 7.967 -3.472 0.028 -0.005 0.673
738 8.103 -3.613 0.401 0.356 0.226
739 7.944 -2.027 0.147 -0.244 0.727
74 5.900 -3.882 0.050 -0.322 0.106
740 7.968 -2.122 0.208 0.002 0.187
741 8.076 -3.578 0.320 0.238 0.294
742 8.056 -2.389 0.359 0.186 0.271
743 7.985 -1.708 0.410 0.026 0.293
744 9.401 -1.879 0.470 0.429 2.471
745 8.055 -3.051 0.332 0.242 0.519
746 7.899 -2.480 0.095 -0.139 0.615
747 8.060 -3.289 0.471 0.419 0.278
748 7.685 -1.476 0.333 -0.483 0.984
749 7.867 -2.275 0.392 0.182 0.207
75 6.787 -3.738 0.446 0.354 1.217
750 7.328 -1.103 -0.321 -0.987 1.095
751 7.531 -1.406 -0.064 -0.432 0.783
752 11.542 0.191 0.394 0.306 3.131
753 6.274 -2.321 -0.149 -1.586 0.470
754 7.418 -3.342 0.047 -0.060 0.489
755 6.148 -2.360 -0.117 -1.606 0.858
756 7.596 -3.609 0.455 0.414 1.941
757 7.267 -2.174 0.075 -0.312 1.247
758 7.241 -3.614 0.116 0.035 0.188
759 7.160 -3.288 0.040 -0.080 0.509
76 6.069 -3.069 0.265 -0.852 2.527
760 6.351 -2.103 -0.147 -1.198 0.217
761 6.984 -3.582 0.071 -0.019 0.235
762 5.946 -2.983 0.118 -1.181 0.750
763 6.235 -2.723 0.160 -0.928 0.822
764 6.211 -2.457 -0.105 -1.011 0.302
765 6.060 -2.818 0.081 -1.254 1.595
766 6.644 -2.647 -0.303 -0.714 0.374
767 7.023 -3.585 0.075 -0.017 0.845
768 6.642 -2.194 -0.356 -0.947 0.338
769 7.264 -3.406 0.080 -0.019 2.161
77 6.190 -3.802 -0.138 -0.407 0.084
770 6.959 -2.832 0.421 -0.316 0.853
771 7.656 -3.288 0.481 0.419 2.970
772 7.386 -3.009 0.044 -0.066 1.485
773 7.410 -2.714 0.462 0.270 0.708
774 6.940 -2.007 0.316 -0.616 0.247
775 7.376 -3.380 0.062 -0.002 1.024
776 7.362 -3.826 0.010 -0.037 0.470
777 6.351 -2.084 -0.302 -1.518 0.293
778 7.653 -2.938 0.461 0.369 0.998
779 7.651 -3.701 0.415 0.360 0.294
78 6.012 -3.672 0.030 -0.334 0.129
780 7.575 -3.388 0.058 0.003 0.573
781 7.703 -3.723 0.297 0.223 0.214
782 7.743 -2.133 0.316 0.107 0.396
783 7.844 -2.573 0.352 0.116 0.356
784 7.945 -3.757 0.290 0.219 0.406
785 7.928 -2.579 0.184 0.006 0.467
786 8.036 -3.277 0.310 0.223 0.299
787 8.162 -3.325 0.411 0.361 0.370
788 8.109 -2.250 0.370 0.208 0.274
789 8.017 -1.636 -0.037 -0.224 0.517
79 5.811 -3.781 0.087 -0.374 0.094
790 8.123 -2.978 0.270 0.172 0.246
791 7.977 -2.354 0.011 -0.197 0.359
792 8.093 -1.305 0.355 0.114 0.505
793 7.966 -2.434 -0.033 -0.182 0.437
794 7.756 -1.225 -0.072 -0.733 0.856
795 8.460 0.070 -0.440 -0.829 2.109
796 7.992 -1.599 0.157 -0.129 0.580
797 7.433 -0.868 -0.749 -1.240 1.219
798 8.015 -3.590 0.268 0.191 0.537
799 7.917 -1.621 0.055 -0.139 0.878
8 5.198 -4.263 0.286 -0.134 3.998
80 5.620 -3.666 0.136 -0.365 0.161
800 7.837 -1.599 0.410 -0.084 0.684
801 7.947 -3.605 0.419 0.350 0.226
802 7.904 -3.184 0.408 0.260 0.571
803 7.853 -3.214 0.478 0.397 0.590
804 7.711 -2.231 0.411 0.118 0.807
805 6.776 -2.370 -0.274 -1.211 0.534
806 7.475 -2.795 0.410 0.052 0.510
807 6.500 -2.408 0.254 -1.146 0.764
808 6.427 -2.473 0.191 -1.250 0.358
809 7.644 -3.424 0.474 0.423 1.630
81 5.325 -4.122 0.291 -0.225 3.925
810 6.658 -1.757 -0.249 -1.231 1.321
811 7.255 -3.858 0.465 0.390 1.582
812 6.317 -2.159 -0.237 -1.222 0.116
813 6.032 -2.809 -0.041 -1.303 1.694
814 7.259 -3.658 0.445 0.347 2.775
815 7.043 -3.519 0.072 -0.041 1.959
816 6.935 -3.756 -0.017 -0.114 0.185
817 6.713 -3.510 0.054 -0.077 0.503
818 7.043 -3.685 0.042 -0.040 0.397
819 7.454 -3.373 0.466 0.356 2.023
82 5.782 -3.331 0.234 -0.821 3.651
820 7.314 -3.590 0.053 -0.005 1.381
821 7.309 -3.627 0.306 0.206 0.176
822 7.059 -1.663 0.035 -0.426 0.608
823 7.308 -3.013 0.063 -0.038 0.228
824 7.436 -3.371 0.406 0.302 0.549
825 7.221 -2.363 0.084 -0.146 0.210
826 7.319 -3.557 0.027 -0.063 0.289
827 7.519 -3.773 0.350 0.273 0.168
828 6.837 -1.609 -0.324 -1.250 0.928
829 7.739 -3.537 0.032 -0.008 2.385
83 6.138 -2.436 -0.044 -1.058 0.885
830 7.696 -3.337 0.010 -0.017 1.269
831 7.662 -3.006 0.054 -0.072 0.353
832 7.795 -3.100 0.267 0.174 0.445
833 7.889 -3.077 0.257 0.161 0.386
834 7.840 -1.883 0.113 -0.163 0.609
835 8.001 -1.998 0.384 0.149 0.344
836 8.113 -3.302 0.371 0.269 0.250
837 8.078 -3.630 0.035 -0.002 0.747
838 8.233 -3.525 0.390 0.330 0.340
839 8.224 -3.793 0.328 0.258 0.296
84 6.100 -3.271 0.136 -0.318 0.403
840 8.192 -2.284 0.382 0.206 0.216
841 8.203 -3.316 0.353 0.255 0.246
842 8.089 -1.756 0.103 -0.072 0.517
843 7.998 -1.672 0.013 -0.315 0.561
844 8.127 -3.220 0.336 0.113 0.505
845 7.705 -1.084 -0.177 -0.891 0.970
846 8.022 -1.379 0.397 -0.163 0.495
847 8.109 -3.614 0.339 0.253 0.316
848 7.469 -0.839 -0.555 -1.188 1.261
849 7.971 -1.462 0.077 -0.167 0.860
85 5.554 -3.850 0.191 -0.323 0.038
850 7.789 -1.428 -0.020 -0.568 0.838
851 7.831 -1.282 0.164 -0.326 0.560
852 7.922 -3.133 0.235 0.041 0.330
853 7.831 -2.624 -0.007 -0.141 0.850
854 7.784 -3.338 0.079 0.005 0.549
855 7.862 -3.437 0.457 0.387 0.372
856 6.940 -2.292 -0.331 -1.191 0.849
857 11.473 -0.953 0.454 0.400 2.622
858 6.915 -2.579 -0.289 -0.891 0.592
859 6.977 -2.418 0.375 -0.426 0.367
86 5.954 -2.612 -0.050 -1.078 0.560
860 6.673 -1.871 -0.032 -1.145 0.431
861 6.975 -2.107 -0.074 -0.600 0.897
862 6.222 -2.396 0.023 -1.328 0.412
863 7.165 -3.530 0.049 -0.023 1.168
864 6.899 -3.792 0.091 -0.009 0.379
865 6.784 -3.601 -0.020 -0.186 0.098
866 6.531 -1.959 -0.156 -0.732 0.379
867 6.460 -2.427 0.217 -0.704 0.323
868 6.477 -2.811 -0.236 -0.846 0.258
869 6.253 -2.321 -0.013 -1.275 0.506
87 5.951 -2.862 0.068 -1.242 3.576
870 12.432 4.182 -0.899 -0.954 3.207
871 7.095 -2.852 -0.208 -0.597 1.328
872 7.347 -2.550 0.428 0.140 0.369
873 7.327 -3.714 0.072 0.003 0.655
874 7.394 -3.270 0.245 0.119 0.520
875 6.714 -1.646 -0.513 -1.319 0.920
876 7.153 -1.841 -0.070 -0.546 0.266
877 7.212 -2.854 -0.211 -0.442 0.343
878 7.490 -3.244 0.293 0.120 0.374
879 6.783 -1.579 -0.573 -1.333 0.734
88 6.409 -2.734 0.302 -0.170 0.531
880 7.475 -1.715 0.365 -0.375 0.849
881 7.819 -3.412 0.410 0.322 0.415
882 10.951 2.539 -0.028 -0.834 2.700
883 7.794 -2.106 0.119 -0.118 0.333
884 8.009 -3.511 0.346 0.278 0.407
885 8.012 -3.408 0.188 0.111 0.395
886 8.066 -2.585 0.300 0.174 0.356
887 8.196 -3.552 0.371 0.301 0.262
888 8.109 -1.803 -0.026 -0.163 0.842
889 8.191 -1.128 0.400 0.113 0.460
89 6.358 -3.778 0.108 -0.060 0.232
890 8.190 -3.139 0.111 0.040 0.610
891 8.168 -2.883 -0.027 -0.092 0.754
892 8.158 -3.171 0.020 -0.035 0.657
893 8.175 -3.500 0.311 0.223 0.180
894 8.062 -1.721 0.125 -0.166 0.460
895 7.913 -1.555 0.251 -0.366 0.466
896 8.089 -1.733 0.166 -0.187 0.946
897 9.635 1.254 -0.604 -1.302 2.228
898 7.703 -0.815 -0.475 -0.865 1.124
899 8.116 -2.390 0.395 0.273 0.239
9 5.960 -3.764 -0.037 -0.385 0.147
90 6.208 -3.119 0.225 -0.782 3.722
900 8.026 -2.090 0.304 0.119 0.355
901 7.984 -1.645 0.392 -0.029 0.307
902 8.018 -3.274 0.184 0.092 0.281
903 7.965 -2.302 0.274 0.078 0.361
904 7.984 -2.610 0.408 0.282 0.404
905 7.939 -3.676 0.361 0.295 0.240
906 7.392 -1.434 -0.026 -0.824 0.860
907 7.802 -3.184 0.453 0.368 0.461
908 7.765 -3.362 0.049 -0.015 2.690
909 7.011 -1.691 -0.062 -0.941 0.891
91 6.075 -3.715 0.042 -0.355 0.389
910 6.387 -2.171 -0.184 -1.433 0.413
911 6.204 -2.466 -0.070 -1.446 0.389
912 6.266 -2.450 0.094 -1.334 0.390
913 6.220 -2.601 0.105 -1.337 1.100
914 6.385 -2.627 0.123 -1.136 1.556
915 6.954 -3.629 -0.017 -0.142 0.282
916 6.451 -3.691 -0.083 -0.372 0.482
917 6.519 -3.268 0.320 -0.296 1.028
918 6.944 -3.290 0.438 0.323 0.232
919 6.619 -2.864 -0.278 -0.665 0.416
92 5.859 -3.627 0.329 -0.407 3.594
920 6.813 -2.948 -0.337 -0.797 1.352
921 7.125 -3.619 -0.090 -0.265 0.383
922 7.265 -2.703 0.112 -0.117 0.362
923 7.250 -2.589 0.216 -0.099 0.286
924 7.580 -3.218 0.453 0.367 1.154
925 7.483 -3.363 0.074 -0.010 1.290
926 7.407 -2.723 -0.144 -0.376 1.063
927 7.378 -3.602 -0.185 -0.291 0.293
928 7.519 -3.334 0.142 0.032 0.186
929 7.644 -3.715 0.408 0.351 0.174
93 5.671 -3.696 0.280 -0.447 3.858
930 7.067 -1.519 -0.290 -1.082 0.871
931 7.662 -3.478 0.220 0.125 0.489
932 7.309 -1.359 -0.065 -1.545 1.572
933 7.873 -2.045 0.391 0.104 0.407
934 7.928 -3.390 0.055 0.002 0.417
935 8.053 -3.277 0.202 0.098 0.356
936 8.114 -2.262 0.249 0.076 0.470
937 8.258 -3.900 0.345 0.296 0.230
938 8.119 -2.088 -0.018 -0.129 0.564
939 8.265 -2.974 0.429 0.313 0.393
94 6.031 -3.565 0.040 -0.351 0.677
940 8.175 -3.460 0.090 0.029 0.497
941 8.207 -3.741 0.155 0.088 0.331
942 8.328 -3.346 0.435 0.390 0.225
943 8.193 -3.091 0.201 0.125 0.235
944 8.173 -1.234 0.290 -0.017 0.417
945 10.343 0.500 0.436 0.280 2.229
946 8.168 -3.276 0.204 0.121 0.223
947 8.199 -3.853 0.293 0.220 0.337
948 8.108 -1.199 0.347 0.072 0.335
949 8.068 -1.570 0.392 0.035 0.431
95 5.793 -3.615 0.011 -0.437 0.217
950 8.107 -2.048 0.410 0.179 0.518
951 7.753 -1.289 -0.009 -0.659 0.871
952 8.022 -3.672 0.281 0.031 0.710
953 8.104 -2.825 0.444 0.355 0.320
954 12.211 3.831 -1.202 -1.854 2.589
955 7.923 -2.777 0.204 0.099 0.514
956 7.989 -3.297 0.389 0.319 0.369
957 7.094 -1.262 -0.643 -1.402 1.103
958 7.751 -3.493 0.012 -0.037 0.876
959 7.773 -3.386 0.471 0.427 0.856
96 5.970 -3.741 0.140 -0.248 0.483
960 7.648 -1.852 0.426 -0.090 2.304
961 6.274 -2.360 0.004 -1.479 1.042
962 6.956 -1.632 -0.240 -0.914 0.895
963 6.895 -2.159 -0.256 -0.958 1.247
964 6.165 -2.505 -0.051 -1.454 0.993
965 6.503 -2.811 0.337 -0.740 0.640
966 6.581 -1.875 -0.341 -1.210 2.470
967 6.433 -2.902 0.320 -0.745 1.584
968 5.814 -2.968 0.105 -1.318 0.545
969 6.822 -3.421 -0.062 -0.289 0.260
97 5.275 -4.178 0.287 -0.154 3.898
970 6.532 -2.670 -0.209 -0.875 0.463
971 7.307 -3.532 0.025 -0.063 2.583
972 7.196 -2.987 0.011 -0.103 0.644
973 7.367 -3.199 0.044 -0.046 0.608
974 7.228 -1.674 -0.103 -0.429 1.214
975 7.637 -3.089 0.461 0.392 0.445
976 7.598 -3.480 0.374 0.288 0.453
977 7.484 -2.334 0.412 0.074 0.304
978 7.529 -3.211 0.061 -0.022 0.627
979 7.538 -1.997 0.457 -0.040 0.565
98 5.733 -3.716 0.135 -0.310 0.147
980 7.632 -2.982 0.361 0.240 0.262
981 6.886 -1.462 -0.566 -1.318 0.852
982 7.416 -1.638 -0.056 -0.689 0.585
983 7.804 -1.857 0.421 0.014 0.431
984 7.933 -3.474 0.166 0.109 0.336
985 7.989 -2.982 0.170 0.069 0.256
986 8.075 -3.593 0.055 0.013 0.204
987 8.188 -1.204 0.392 0.099 0.320
988 8.198 -1.189 0.429 -0.154 0.695
989 8.164 -1.732 -0.008 -0.221 0.620
99 5.571 -3.923 0.255 -0.184 2.183
990 8.237 -3.132 0.303 0.205 0.454
991 8.247 -3.479 0.194 0.103 0.526
992 8.251 -3.107 0.039 -0.016 0.659
993 8.344 -2.111 0.416 0.265 0.372
994 7.647 -0.736 -0.319 -1.197 0.606
995 7.543 -0.799 -0.640 -1.342 0.766
996 9.623 1.133 -0.330 -1.278 2.991
997 8.247 -3.621 0.196 0.150 0.369
998 8.085 -1.399 -0.085 -0.503 0.640
999 8.013 -1.362 -0.078 -0.540 0.767
