0 141943.58+525431.3 214.93160692630738 52.90871362182564
1 142005.59+530036.7 215.0233219305857 53.01020458328741
2 142008.61+530004.0 215.03590035000232 53.00111935271983
3 aegis_533 214.87553 52.866464
4 aegis_535 214.87419 52.868454
5 aegis_563 214.90516 52.891541
6 aegis_578 214.85028 52.905529
7 aegis_582 214.88322 52.906899
8 aegis_585 214.93166 52.908708
9 aegis_589 214.85927 52.911541
10 aegis_593 214.8752 52.913487
11 aegis_599 214.91516 52.918698
12 aegis_618 214.91608 52.937389
13 aegis_628 214.91317 52.945571
14 aegis_635 214.91309 52.949364
15 aegis_616 214.96201 52.937099
16 aegis_630 214.94242 52.946501
17 aegis_642 214.95546 52.951317
18 aegis_660 214.97703 52.962319
19 aegis_664 214.93089 52.963442
20 aegis_683 214.94779 52.974963
21 aegis_707 214.97619 52.99156
22 aegis_712 215.01108 52.992555
23 aegis_721 215.0086 52.997354
25 aegis_726 215.04556 52.999547
26 aegis_742 215.02339 53.010207
27 aegis_715 215.01187 52.995554
28 aegis_463 214.7768 52.825876
29 aegis_465 214.74245 52.826187
30 aegis_470 214.74942 52.829547
31 aegis_471 214.75108 52.830052
32 aegis_474 214.73503 52.831935
33 aegis_480 214.76423 52.835289
34 aegis_481 214.78571 52.83608
35 aegis_482 214.75522 52.836795
36 aegis_487 214.78539 52.84028
37 aegis_512 214.83072 52.856521
38 aegis_520 214.83917 52.860113
39 aegis_525 214.85389 52.861419
40 aegis_529 214.79279 52.864219
41 aegis_532 214.8506 52.866459
42 aegis_538 214.7938 52.869041
43 aegis_540 214.81535 52.870976
44 aegis_443 214.82918 52.808436
45 aegis_444 214.7934 52.808554
46 aegis_450 214.86344 52.815592
47 aegis_453 214.86539 52.818906
48 aegis_455 214.80862 52.819169
49 aegis_457 214.80469 52.819835
50 aegis_460 214.81224 52.824836
51 aegis_477 214.87073 52.833117
52 aegis_485 214.88598 52.839642
53 aegis_495 214.87124 52.845067
54 aegis_503 214.90834 52.849257
56 aegis_509 214.89874 52.85251
57 aegis_511 214.89561 52.856516
58 aegis_514 214.86994 52.857278