8.54918 4.27036 1409.90477 1435.22672 281.98095
4.84461 2.24254 1562.10376 1486.66400 312.42075
1.57124 0.87606 999.77788 1025.08465 199.95558
5.93599 3.42422 1217.16114 1194.82178 243.43223
4.27416 1.90369 1586.26050 1629.39256 317.25210
3.18397 2.24564 854.43454 817.63661 170.88691
12.26907 6.24673 1281.50919 1387.20910 256.30184
6.39658 3.48313 1310.64252 1290.59290 262.12850
3.74835 1.35640 1696.82402 1786.04257 339.36480
3.88009 1.19343 1765.42692 1908.41276 353.08538
10.11177 3.62090 1872.97712 1869.65976 374.59542
7.76490 0.52290 1528.78598 1555.89952 305.75720
4.21981 2.81421 967.09090 907.63824 193.41818
3.54975 1.09954 1706.85752 1719.77664 341.37150
7.41652 2.66961 1886.37843 1909.05285 377.27569
3.49726 2.54492 791.48780 841.07743 158.29756
3.64738 1.42628 1642.60774 1695.17085 328.52155
3.69308 0.85676 1695.93011 1739.50039 339.18602
3.30352 1.21344 1623.74430 1609.76527 324.74886
7.21283 2.92739 1744.36200 1859.55540 348.87240
4.99081 2.37252 1530.22933 1618.73535 306.04587
10.18054 1.65993 2368.69591 2400.28293 473.73918
3.34053 2.39707 820.58602 777.09198 164.11720
1.15195 0.37407 877.40669 903.83990 175.48134
3.80123 1.54455 1633.81428 1757.85906 326.76286
14.28503 9.54511 749.82959 686.08949 149.96592
2.94607 2.08288 845.52067 901.32248 169.10413
3.33256 1.78025 1318.42134 1346.88716 263.68427
11.38581 3.37729 2079.64438 2246.55161 415.92888
4.00517 1.19166 1789.97810 1757.48197 357.99562
3.55044 0.38762 1175.60164 1176.15721 235.12033
5.89774 3.23129 1308.86442 1354.59878 261.77288
3.99305 2.20968 1295.02722 1396.73771 259.00544
4.23655 2.51122 1186.00426 1143.95685 237.20085
6.50922 4.36430 912.15954 868.24312 182.43191
5.67170 1.89418 1909.48483 1748.41192 381.89697
1.88843 0.97744 1144.03229 1159.87178 228.80646
3.46406 0.49374 1352.37394 1442.99472 270.47479
4.14343 1.07520 1813.77239 1959.96702 362.75448
4.74709 1.73161 1791.55448 1794.86799 358.31090
1.63195 0.74237 1126.45481 1124.37544 225.29096
1.82030 1.32984 718.33389 731.57152 143.66678
2.48357 1.43421 1144.71322 1143.10936 228.94264
9.90299 5.16241 1301.43489 1361.79168 260.28698
7.46541 5.66779 626.84921 606.96419 125.36984
1.65626 0.78075 1123.23107 1186.38400 224.64621
2.88146 1.07373 1539.09489 1497.49258 307.81898
6.88254 0.82505 1905.95489 1988.35122 381.19098
6.42099 1.94210 2010.65079 2121.97768 402.13016
7.88792 3.09188 1784.42398 1611.91962 356.88480
5.93570 3.19553 1338.19515 1336.50811 267.63903
4.74428 3.77312 576.27196 586.99393 115.25439
4.99499 1.86223 1790.84656 1896.48399 358.16931
12.73824 3.19759 2235.59856 2168.65004 447.11971
5.08815 0.87773 1848.26999 1721.64002 369.65400
3.44866 0.86288 1662.36634 1581.02599 332.47327
4.64420 0.85648 1799.34789 1781.28880 359.86958
3.82038 1.37116 1710.07224 1646.08486 342.01445
2.34166 0.96970 1379.36442 1426.20001 275.87288
6.31538 3.14272 1461.32408 1428.01831 292.26482
1.84929 1.26978 823.12681 751.00890 164.62536
7.78192 4.05481 1356.47531 1260.27038 271.29506
9.39296 0.90792 2058.32263 2098.38208 411.66453
3.76526 0.97012 1740.00776 1581.01745 348.00155
3.39656 1.83112 1310.15836 1368.83963 262.03167
6.32054 3.00641 1530.59440 1504.49601 306.11888
4.73074 2.39180 1441.21091 1609.62490 288.24218
2.12302 0.66320 1323.62731 1280.78680 264.72546
3.67197 2.07296 1256.17446 1200.30766 251.23489
3.24593 0.71803 1563.77697 1533.46378 312.75539
1.77555 0.38389 1033.17795 1001.59738 206.63559
5.27556 1.30438 1979.00312 1983.88774 395.80062
3.38541 1.33469 1603.49444 1644.58449 320.69889
7.14966 3.00467 1699.00731 1842.06108 339.80146
2.69606 2.22929 502.01246 491.07688 100.40249
1.61978 0.86945 1042.11100 963.48618 208.42220
4.98618 2.16716 1641.33910 1601.78490 328.26782
9.02402 6.36072 749.62746 733.21086 149.92549
5.03072 1.45530 1928.88909 1878.30661 385.77782
10.92222 5.02908 1485.45784 1547.54586 297.09157
6.94130 1.43542 2151.36353 2168.80287 430.27271
9.97152 4.84132 1421.85806 1426.01702 284.37161
2.45796 1.45678 1108.20524 1125.78940 221.64105
4.80387 2.98017 1100.91308 969.79586 220.18262
16.17027 7.39554 1368.40504 1388.46184 273.68101
1.71068 1.39431 500.57918 492.57387 100.11584
3.38138 1.69476 1399.79400 1394.26341 279.95880
9.68288 4.52606 1491.99670 1406.66878 298.39934
1.42746 0.62495 1050.09007 1011.96768 210.01801
7.85474 0.52958 1542.07232 1609.22975 308.41446
3.33301 1.03255 1663.88161 1576.58018 332.77632
3.61577 1.01498 1720.43322 1746.82275 344.08664
7.07144 2.69155 1822.68575 1949.92775 364.53715
7.22814 5.81480 504.04302 525.03788 100.80860
3.41199 0.92771 1672.56362 1646.09571 334.51272
4.71067 2.60500 1303.52265 1305.16403 260.70453
9.83942 1.65012 2350.79502 2263.71209 470.15900
7.68765 2.33096 2050.24951 1945.20495 410.04990
4.52398 1.60246 1792.87801 1615.00137 358.57560
4.47233 1.28447 1863.52994 1858.28532 372.70599
4.17762 2.69536 1031.87591 1075.73880 206.37518
4.09369 1.58152 1698.12656 1757.69266 339.62531
4.04158 2.30223 1250.53920 1221.91023 250.10784
3.71331 1.05928 1740.52992 1786.22598 348.10598
9.92143 5.27842 1264.97850 1216.26443 252.99570
2.47453 1.38660 1180.20966 1165.15733 236.04193
4.92916 0.95281 1874.37899 1807.10812 374.87580
2.89819 0.58168 1410.97456 1548.87322 282.19491
4.80848 2.06168 1650.61624 1735.27002 330.12325
5.96361 2.45963 1721.32252 1703.87145 344.26450
2.51640 1.03955 1422.92708 1492.15469 284.58542
3.90526 1.20882 1768.44480 1735.30371 353.68896
3.16646 1.36701 1515.61828 1502.12221 303.12366
7.08499 3.18280 1606.45008 1667.95612 321.29002
4.76636 2.20177 1562.79452 1557.33385 312.55890
6.58889 2.18065 1952.98788 2054.88907 390.59758
4.69484 2.06804 1616.73211 1633.80689 323.34642
10.81665 2.21751 2353.90642 2451.20629 470.78128
8.32253 4.56890 1250.74116 1283.11199 250.14823
7.91595 4.85040 1056.02635 1020.35130 211.20527
11.56593 1.38694 2382.24708 2582.42408 476.44942
7.89664 0.95565 2049.56624 2120.78207 409.91325
3.06352 0.89954 1600.19620 1616.64308 320.03924
6.69500 2.86964 1675.29000 1614.41904 335.05800
6.13704 5.49647 271.27745 266.02061 54.25549
10.23982 5.34021 1291.87236 1369.78305 258.37447
3.45249 1.72074 1411.49520 1396.38323 282.29904
5.70727 3.23538 1252.44409 1127.08698 250.48882
6.40764 3.43483 1337.50011 1397.10136 267.50002
3.60756 1.15612 1712.96481 1768.22457 342.59296
4.41526 2.24943 1425.17347 1519.60866 285.03469
7.12685 1.89462 2113.01531 2043.69378 422.60306
8.08858 3.47736 1655.66220 1707.53968 331.13244
2.38510 0.62138 1364.87727 1311.60346 272.97545
8.91650 2.92600 1986.99501 2033.42371 397.39900
2.12052 1.26198 1058.54947 1021.54837 211.70989
16.02012 3.16699 2420.60318 2430.56229 484.12064
5.67421 3.55205 1068.92677 1077.42809 213.78535
5.91512 2.24085 1812.65957 1662.01064 362.53191
12.83561 5.33921 1599.86659 1730.13726 319.97332
3.62889 1.65675 1518.38105 1475.15045 303.67621
8.17822 5.25052 957.90499 888.19293 191.58100
2.90738 0.35541 1084.27804 1064.63768 216.85561
2.83118 2.14255 703.49917 690.03432 140.69983
2.86388 0.93298 1555.29660 1654.24503 311.05932
8.72448 3.85974 1601.07976 1584.11618 320.21595
4.54502 3.75564 488.74232 414.42358 97.74846
11.22017 4.55952 1674.14253 1798.62005 334.82851
4.52514 1.05415 1863.36732 1765.22661 372.67346
1.39681 0.26402 790.86353 799.72358 158.17271
5.74388 1.88079 1926.60316 2136.68855 385.32063
3.48553 1.34951 1627.40661 1799.09716 325.48132
5.51635 0.56689 1552.50483 1587.67267 310.50097
5.95554 2.29758 1795.12304 1753.40775 359.02461
7.19642 2.36951 1971.70063 2037.51336 394.34013
6.81124 3.67708 1317.15734 1359.92410 263.43147
9.53531 3.38800 1890.78809 1857.67718 378.15762
6.53354 1.85603 2050.94800 2090.44601 410.18960
11.51340 3.89592 1922.73601 1950.67012 384.54720
9.08903 5.73683 968.31846 920.51960 193.66369
4.87783 1.65784 1846.73373 1878.10144 369.34675
3.23941 1.20721 1607.32619 1592.55141 321.46524
6.67887 2.84886 1681.80880 1686.20259 336.36176
8.85337 2.41514 2151.68382 2184.27894 430.33676
4.60116 0.31493 1042.46950 942.10500 208.49390
2.33538 1.28937 1177.34184 1086.09827 235.46837
4.90833 2.03353 1690.49789 1732.90840 338.09958
5.03423 2.55893 1435.82539 1431.08386 287.16508
10.25299 5.39907 1274.47734 1294.21944 254.89547
1.68714 0.63984 1173.18113 1218.03175 234.63623
1.73312 1.28840 678.13157 696.53822 135.62631
9.57408 6.56646 792.68355 786.18534 158.53671
5.09101 0.72232 1725.73029 1860.20383 345.14606
4.95863 3.34487 933.83573 932.27936 186.76715
3.08254 1.59248 1340.23318 1276.31240 268.04664
4.74897 0.43282 1301.68733 1306.59627 260.33747
4.79917 3.80180 584.47990 560.22864 116.89598
8.54741 1.13686 2179.89059 2213.93743 435.97812
4.50733 1.65303 1769.56381 1977.48929 353.91276
2.56783 0.30238 958.00436 921.03833 191.60087
3.18198 0.83278 1608.37138 1819.11831 321.67428
3.78766 0.88342 1719.14482 1850.61643 343.82896
3.42801 1.83795 1319.26476 1371.83324 263.85295
9.05111 3.59989 1749.86217 1665.23619 349.97243
4.09297 1.64945 1666.80904 1743.28818 333.36181
5.10859 0.77983 1779.04725 1693.89218 355.80945
1.99241 0.92659 1236.43303 1197.05875 247.28661
5.83619 3.53974 1126.22058 1125.96105 225.24412
5.72311 3.07539 1344.24663 1241.06930 268.84933
5.28393 1.34534 1978.69431 1940.27874 395.73886
2.05669 0.69663 1311.71783 1378.79606 262.34357
3.80174 1.70630 1548.68451 1475.04466 309.73690
4.29466 3.12211 786.77808 778.62447 157.35562
4.49667 1.06527 1861.87190 1833.82898 372.37438
3.25344 1.12995 1632.09623 1644.74133 326.41925
4.46839 2.09475 1535.91067 1651.61622 307.18213
3.68969 0.78091 1657.94863 1556.52393 331.58973
11.83481 1.06845 2239.21429 2389.61181 447.84286
5.25650 0.81998 1820.48786 1851.97125 364.09757
7.27711 5.40740 677.26425 710.52924 135.45285
2.32896 1.76441 687.03739 685.38231 137.40748
6.75609 2.31453 1927.46189 1954.21215 385.49238
4.16010 2.50462 1158.63471 1064.45832 231.72694
7.78753 3.25794 1698.67730 1715.66072 339.73546
2.11203 1.19473 1114.54844 1134.86256 222.90969
4.28462 0.48142 1373.68983 1326.84983 274.73797
10.14622 7.04285 756.37974 757.83665 151.27595
3.61721 1.52536 1586.90062 1435.97554 317.38012
2.70503 0.37978 1118.82279 1164.56592 223.76456
6.32754 3.46746 1300.93330 1354.69916 260.18666
10.46063 3.93668 1800.82011 1619.91920 360.16402
8.91888 2.65041 2083.59124 2069.30729 416.71825
2.44059 1.70545 848.28288 822.51845 169.65658
7.54074 2.21768 2069.62840 2165.52843 413.92568
1.58960 0.98689 906.31991 918.71941 181.26398
5.35647 3.03396 1258.95624 1241.66047 251.79125
3.23070 1.46859 1483.28127 1436.94015 296.65625
3.34814 1.10292 1660.81418 1582.40237 332.16284
7.21100 0.80575 1899.92786 1923.30855 379.98557
3.21198 1.06016 1633.40780 1520.17586 326.68156
3.27322 1.74506 1317.13181 1399.19477 263.42636
8.79912 5.88146 862.19904 805.51525 172.43981
6.24566 1.67907 2056.26623 2049.51232 411.25325
7.92589 2.01861 2168.04977 2039.03714 433.60995
4.78909 3.36484 851.94248 910.22328 170.38850
3.83674 1.04869 1761.98561 1781.92558 352.39712
6.33567 3.58789 1242.52454 1266.53655 248.50491
4.00953 2.17577 1324.90831 1393.03987 264.98166
4.88661 2.72403 1290.05592 1299.36890 258.01118
7.83160 2.67706 1942.96282 1981.27387 388.59256
10.35089 3.30057 2009.80078 1895.29564 401.96016
3.45377 2.28511 981.93789 1064.79727 196.38758
5.67380 0.54494 1523.40492 1721.24964 304.68098
2.61788 0.55380 1348.73806 1325.67220 269.74761
6.69548 2.81899 1698.86065 1577.44613 339.77213
2.61333 1.21040 1379.54244 1491.45385 275.90849
3.03271 0.37949 1137.01241 1218.79932 227.40248
8.87775 7.26519 439.67896 438.46017 87.93579
7.95820 2.11636 2146.44920 2162.24675 429.28984
1.80209 0.50435 1160.93743 1154.24031 232.18749
4.48655 2.08613 1546.45667 1515.71044 309.29133
6.28911 1.71919 2053.20449 2024.25102 410.64090
10.04952 7.30605 665.66597 667.46106 133.13319
4.40301 2.23602 1429.39770 1370.22392 285.87954
5.22219 1.84872 1843.48651 1886.97198 368.69730
3.80301 2.66640 868.46970 895.67937 173.69394
8.45058 6.55788 560.49377 574.97587 112.09875
6.77865 5.14752 640.70293 642.47625 128.14059
6.32683 2.08317 1948.50211 1940.61021 389.70042
6.17326 2.33009 1822.09329 1780.44414 364.41866
7.59607 1.22873 2166.65962 2098.09275 433.33192
1.58485 1.03565 845.98944 827.16175 169.19789
10.95948 3.29437 2069.14933 2015.30695 413.82987
4.86166 2.32067 1522.67572 1545.81083 304.53514
1.50823 0.47513 1061.26768 1013.87862 212.25354
3.78973 1.65537 1573.29733 1530.69885 314.65947
3.85164 1.81650 1500.41332 1598.30713 300.08266
5.03394 2.83547 1271.72771 1259.13514 254.34554
3.71334 0.68550 1591.86862 1500.58828 318.37372
1.55251 1.21346 567.16224 612.93755 113.43245
3.36633 2.36593 863.24657 837.42075 172.64931
7.88318 1.59872 2226.40868 2188.61892 445.28174
2.17496 1.17068 1175.67837 1078.45686 235.13567
3.45486 0.61696 1503.82690 1495.68534 300.76538
4.53025 1.31096 1870.07297 1806.76587 374.01459
2.65573 1.22532 1389.72383 1380.79052 277.94477
2.21849 0.69738 1359.35692 1398.03888 271.87138
2.96264 1.00099 1576.48666 1649.42484 315.29733
5.50490 2.81175 1428.11792 1528.50726 285.62358
4.90491 1.85308 1774.99483 1708.33126 354.99897
2.63633 0.81729 1491.36485 1481.84018 298.27297
5.93028 3.64155 1100.67265 1124.16269 220.13453
5.78434 1.74031 1977.70357 2070.41286 395.54071
3.40718 1.47871 1541.56627 1618.10554 308.31325
7.38847 1.83297 2154.57595 2192.77540 430.91519
2.99261 1.24765 1511.88080 1484.29963 302.37616
5.06505 2.11006 1690.49081 1776.36036 338.09816
12.89312 2.26485 2458.30123 2448.56307 491.66025
1.06623 0.36723 840.46288 845.14296 168.09258
7.52703 4.36303 1171.56055 1161.25495 234.31211
2.75144 1.34585 1357.82669 1361.74667 271.56534
8.35770 0.96520 2073.01482 1817.36854 414.60296
3.61430 1.61775 1535.91866 1612.14116 307.18373
4.06954 1.22225 1798.82676 1867.15607 359.76535
4.69779 2.56587 1323.54540 1252.17957 264.70908
4.46806 2.99681 953.05840 946.26374 190.61168
3.98526 1.25587 1777.21704 1908.23148 355.44341
5.60776 1.51873 2002.51500 2079.60567 400.50300
7.27433 4.60141 1010.35477 989.08914 202.07095
5.44162 3.15034 1219.14752 1145.58908 243.82950
7.18124 1.19872 2133.01135 2098.19343 426.60227
4.24846 3.25209 672.75787 673.79553 134.55157
3.56661 0.67368 1567.49612 1516.58618 313.49922
5.55534 1.75745 1936.30922 1884.05718 387.26184
10.59217 5.52303 1282.95651 1280.78721 256.59130
3.01845 1.59188 1310.43251 1377.32223 262.08650
3.08516 2.12945 895.34490 831.34037 179.06898
5.10982 3.23167 1059.69163 1058.38900 211.93833
2.79027 0.53642 1351.47530 1254.37033 270.29506
4.58944 2.76987 1153.60679 1105.83597 230.72136
2.02978 0.51306 1217.07128 1179.14561 243.41426
4.43258 1.74368 1712.15405 1604.04132 342.43081
4.63618 1.77034 1749.81071 1717.99850 349.96214
3.32170 0.28201 936.57151 930.60248 187.31430
2.04652 1.05040 1189.12135 1219.18163 237.82427
4.22220 1.23923 1825.02906 1924.02270 365.00581
1.97192 1.55921 580.88090 597.09321 116.17618
7.11447 2.23593 2008.79215 2020.91081 401.75843
4.70209 2.23149 1527.07298 1582.76895 305.41460
6.99934 1.58536 2151.99119 2167.76082 430.39824
4.78379 0.78810 1763.83422 1912.32369 352.76684
9.21025 3.15769 1936.90512 2022.51597 387.38102
3.18795 1.29313 1558.50826 1723.15962 311.70165
1.53452 0.58763 1106.27046 1061.53988 221.25409
8.43072 4.92265 1134.40790 1131.08547 226.88158
10.97022 5.83294 1238.67099 1193.60529 247.73420
3.44710 1.04544 1688.03769 1797.77878 337.60754
6.48471 2.56085 1777.04269 1809.80368 355.40854
1.24855 0.32141 853.82432 912.13991 170.76486
1.44472 0.57567 1065.08211 1063.02952 213.01642
4.58828 1.67311 1779.89069 1920.02687 355.97814
4.24418 2.40065 1264.41733 1350.04262 252.88347
7.23964 4.47194 1057.80911 1059.89906 211.56182
5.80030 2.45352 1689.27372 1556.70575 337.85474
6.10361 3.56836 1189.34114 1152.21515 237.86823
2.76611 0.95413 1527.51549 1417.46577 305.50310
1.77971 1.20138 838.34859 849.77227 167.66972
3.23548 0.78592 1599.20166 1626.21637 319.84033
3.07340 0.60061 1449.29802 1510.78375 289.85960
3.98681 2.21355 1289.81656 1311.47846 257.96331
5.71548 3.96545 859.60361 905.17309 171.92072
3.85945 2.28590 1183.92014 1211.70186 236.78403
3.69648 1.75184 1485.01419 1488.96879 297.00284
5.66821 2.37719 1697.62038 1622.15286 339.52408
8.34221 4.50394 1280.15187 1355.96362 256.03037
7.96116 3.31901 1701.22291 1835.23104 340.24458
3.32619 0.84583 1637.04268 1542.87946 327.40854
1.87655 0.33745 976.20912 1069.77393 195.24182
4.69896 2.45438 1392.96859 1318.98957 278.59372
5.69891 1.70927 1973.35448 1953.92348 394.67090
17.01625 13.60313 391.96937 398.68051 78.39387
8.42310 2.28309 2147.58758 2254.17769 429.51752
4.23088 0.60889 1552.55313 1540.68810 310.51063
1.39705 0.62843 1031.68012 1063.19675 206.33602
2.97312 2.27972 676.64432 666.70695 135.32886
8.58859 0.45276 1402.44289 1358.97450 280.48858
3.62129 2.47691 918.84040 889.86108 183.76808
6.31970 1.94648 1994.70889 1899.01321 398.94178
7.50044 3.97141 1335.35005 1415.51720 267.07001
1.31321 0.69488 940.37465 955.82139 188.07493
5.13410 2.22146 1650.47164 1660.09105 330.09433
17.27897 6.18822 1722.90878 1687.68341 344.58176
5.61560 3.75960 936.04096 972.46330 187.20819
6.19990 3.54710 1226.86622 1148.50946 245.37324
1.76860 1.15052 887.64427 810.82517 177.52885
3.22513 2.23166 892.83824 899.08817 178.56765
4.44255 1.38384 1841.63600 1886.31196 368.32720
3.65713 1.74314 1476.05999 1440.54669 295.21200
3.97048 2.22983 1271.78489 1168.52520 254.35698
4.50874 3.70526 502.52222 458.14551 100.50444
4.79226 2.98881 1091.03281 1144.87703 218.20656
1.96094 0.63398 1268.39432 1372.27237 253.67886
4.44247 1.91266 1630.23232 1709.18718 326.04646
8.25793 6.59967 500.62645 503.94542 100.12529
2.27876 1.13289 1263.78694 1244.23780 252.75739
5.19367 0.92719 1884.54674 1834.02318 376.90935
5.46047 3.78835 865.31880 855.26903 173.06376
11.50985 3.44171 2069.65250 2200.53246 413.93050
7.28932 2.51250 1930.22360 1915.29512 386.04472
6.44972 1.27602 2096.97234 2046.77040 419.39447
5.31246 2.61511 1484.01175 1477.33372 296.80235
4.06561 1.02962 1796.34644 1868.12119 359.26929
5.40188 0.60891 1608.32366 1559.75978 321.66473
2.86941 1.51761 1292.65181 1294.31850 258.53036
4.23127 2.63829 1095.74790 1030.10089 219.14958
3.33574 1.82088 1289.89642 1321.84216 257.97928
4.82832 3.34410 881.46490 879.10371 176.29298
3.12366 2.30928 756.71414 797.98332 151.34283
2.15711 0.74974 1349.19588 1258.17532 269.83918
4.05820 1.12213 1802.54426 1897.67481 360.50885
3.54903 0.37594 1152.41968 1111.19744 230.48394
5.05209 1.67162 1875.56358 1965.23643 375.11272
4.38449 3.37202 659.92875 644.34736 131.98575
10.07298 2.19340 2309.21442 2264.84358 461.84288
4.28311 1.43685 1796.12775 1761.56722 359.22555
2.47793 1.56419 1020.44111 1062.22711 204.08822
5.06591 0.60924 1595.29918 1583.22201 319.05984
6.39406 3.10085 1500.47834 1556.60500 300.09567
1.86209 1.22725 885.25295 935.74409 177.05059
8.27816 3.78607 1559.13639 1402.72313 311.82728
4.42104 1.44451 1822.49296 1881.49092 364.49859
4.18563 1.15503 1823.84173 1779.27430 364.76835
3.52026 1.56043 1535.86968 1577.23443 307.17394
4.60604 0.95603 1844.10735 1981.05772 368.82147
7.71429 4.81140 1026.77155 1052.37355 205.35431
6.45813 2.17627 1934.28548 2150.25910 386.85710
1.79720 0.76977 1203.44855 1225.59816 240.68971
2.20235 1.31155 1069.91008 1099.39624 213.98202
10.34221 4.19414 1696.88768 1833.63928 339.37754
2.92735 1.02404 1563.58050 1588.57456 312.71610
2.76509 1.48408 1264.68914 1284.13362 252.93783
3.68337 1.21111 1720.51787 1750.73271 344.10357
7.27050 3.23892 1616.23610 1477.68769 323.24722
1.90087 1.56266 494.41716 503.22233 98.88343
1.94297 1.11280 1069.45412 1103.83789 213.89082
4.36921 1.33136 1838.39860 1854.38597 367.67972
14.22787 7.37394 1203.44423 1222.60064 240.68885
5.50766 3.48170 1053.25197 920.02086 210.65039
7.76222 0.71953 1822.28042 1698.07412 364.45608
1.27697 0.44419 964.44355 897.54422 192.88871
7.94040 2.50243 2021.96944 2196.66034 404.39389
8.66421 1.49887 2276.87651 2428.87143 455.37530
9.36228 2.73316 2102.02304 2013.52005 420.40461
2.97621 1.92835 1008.12751 1034.87304 201.62550
6.24985 2.78727 1623.17146 1525.94761 324.63429
2.69747 1.22360 1408.85350 1305.53205 281.77070
6.62707 3.23530 1487.08908 1450.98103 297.41782
13.62828 4.93308 1788.82490 1926.28597 357.76498
4.35593 2.71099 1098.72972 1034.50274 219.74594
6.70397 1.65507 2113.91634 2265.06382 422.78327
7.00811 3.73943 1333.18686 1275.49385 266.63737
4.10848 1.35054 1782.53189 1678.13498 356.50638
4.86267 1.39017 1913.30457 1887.87449 382.66091
6.12715 1.49260 2070.07492 2020.71960 414.01498
5.79889 2.32599 1750.40942 1726.81133 350.08188
6.69852 2.79264 1711.57958 1842.06137 342.31592
4.07501 0.80659 1715.64865 1502.90920 343.12973
4.69599 1.78656 1756.65771 1753.42306 351.33154
4.62397 2.38869 1408.61619 1475.79779 281.72324
7.45484 6.42509 345.21965 359.34751 69.04393
5.73568 1.72251 1975.29868 1927.36975 395.05974
5.39022 0.74156 1760.65504 1839.60770 352.13101
3.82985 2.05440 1336.45207 1238.44249 267.29041
8.43729 3.54411 1683.27203 1744.77414 336.65441
7.22047 1.81764 2140.23538 2300.10135 428.04708
4.60032 2.22423 1500.43637 1532.04505 300.08727
3.73277 0.95785 1732.43089 1713.97194 346.48618
3.60765 3.32685 222.01974 234.10264 44.40395
5.34274 1.62595 1939.88513 1919.64609 387.97703
6.15995 2.55222 1717.78675 1859.06608 343.55735
2.08992 0.89263 1299.43227 1297.36814 259.88645
5.07820 2.30259 1592.91395 1429.55897 318.58279
3.25927 0.72340 1568.96068 1550.85546 313.79214
3.39395 0.36943 1133.48554 1168.79142 226.69711
2.54121 1.46036 1157.43717 1127.25446 231.48743
5.19843 1.43901 1957.20710 1813.87016 391.44142
7.88188 5.48370 802.47725 833.25666 160.49545
4.67736 2.26559 1499.71747 1478.70662 299.94349
5.21548 3.84074 741.92464 708.66124 148.38493
5.25327 2.41358 1578.86604 1547.25003 315.77321
3.14220 1.79471 1215.55052 1257.09232 243.11010
5.28651 2.29765 1648.66274 1737.48257 329.73255
4.70976 1.03462 1880.74285 1832.99687 376.14857
2.25873 0.56791 1304.42213 1465.05657 260.88443
6.47625 1.45212 2109.04006 2197.04011 421.80801
2.37447 1.48217 1027.38816 1058.65821 205.47763
9.97003 4.68757 1475.27554 1383.92967 295.05511
3.79029 0.45519 1308.74242 1286.25493 261.74848
4.37118 1.71848 1708.22394 1744.05402 341.64479
8.59794 2.90888 1954.88516 2069.18024 390.97703
4.46563 2.47007 1302.23332 1287.06557 260.44666
8.90612 2.61869 2092.78045 2153.73804 418.55609
2.69597 2.28867 438.53584 383.55097 87.70717
6.02788 1.00173 1982.96677 1931.95262 396.59335
2.34853 1.02207 1360.87560 1409.32021 272.17512
7.88798 4.02211 1390.96592 1400.22465 278.19318
5.81210 1.30647 2040.43087 2203.85538 408.08617
4.15819 1.91777 1542.24440 1525.67772 308.44888
9.27610 6.40570 785.61354 751.05519 157.12271
4.17278 2.23430 1348.39886 1377.19808 269.67977
5.69091 2.96289 1396.48300 1344.64058 279.29660
2.68642 1.03327 1486.93546 1479.36481 297.38709
2.64699 0.67469 1445.08365 1401.34283 289.01673
2.82213 2.33206 504.24861 430.51397 100.84972
3.63421 0.93205 1711.11953 1702.65718 342.22391
5.66559 3.18527 1267.67493 1307.89901 253.53499
3.90180 1.40648 1718.29749 1819.84997 343.65950
6.64952 0.77949 1853.87794 1801.33471 370.77559
3.88590 1.10067 1772.47136 1767.89960 354.49427
4.48895 2.37929 1368.73379 1410.32588 273.74676
1.87927 1.25107 873.47692 794.91671 174.69538
2.43435 1.13053 1343.68127 1321.07778 268.73625
4.55277 0.89212 1810.47233 1861.68040 362.09447
2.04602 0.96102 1246.12282 1167.71387 249.22456
5.10829 3.03374 1177.77849 1234.33036 235.55570
3.50033 1.28105 1656.62723 1571.60545 331.32545
4.08865 2.37539 1218.96560 1252.05662 243.79312
3.56090 0.62871 1525.22847 1482.52112 305.04569
8.70559 1.79855 2273.67053 2287.82223 454.73411
8.15061 3.90284 1489.08722 1468.66871 297.81744
6.01018 2.43096 1744.52211 1644.01562 348.90442
2.10160 0.79032 1328.92778 1287.09917 265.78556
2.98703 0.32116 1016.72125 936.33308 203.34425
3.15546 0.35333 1091.29374 1111.04190 218.25875
4.12447 3.10723 710.52461 705.76838 142.10492
5.56966 3.26186 1196.29334 1151.92809 239.25867
6.19315 1.33050 2079.69658 2248.63461 415.93932
3.98690 2.30114 1228.45794 1219.04523 245.69159
4.35914 2.71793 1095.34565 1069.85324 219.06913
5.48452 2.31250 1688.14025 1645.27437 337.62805
