2.11734 1.67910
3.15089 2.08013
1.85611 0.85344
6.31584 1.87886
4.62442 2.38267
5.98980 2.12339
3.18122 1.03257
4.64472 4.01283
2.27750 0.42923
8.06983 5.74639
5.49230 1.26879
2.96115 0.80307
8.82653 1.70896
9.43551 1.31661
3.09918 2.54210
1.73684 1.23376
4.00926 1.48249
8.19210 3.35653
2.57290 1.54071
2.56155 1.30386
16.16488 13.86726
3.54361 0.67411
10.56003 4.15664
4.55515 1.37179
3.79154 2.52246
7.16667 2.14293
1.86439 0.85013
2.24560 0.94081
2.88709 1.49960
1.84783 1.19371
5.86168 4.51837
7.89230 1.00837
7.97626 1.64467
5.49106 0.83729
3.72028 0.57913
6.19865 1.94799
2.61371 0.63644
5.86917 1.79262
2.45354 1.01790
3.40048 0.66316
4.80329 1.05006
4.07709 0.76859
6.56331 5.14476
2.03719 1.19233
4.38544 1.87158
3.42424 2.05175
2.89929 1.58166
7.98976 1.51327
8.76092 2.70020
5.02148 3.03304
2.68935 1.96512
5.14001 2.38856
9.66469 5.67785
11.41584 3.02219
4.94687 0.97365
8.49142 2.52376
5.00454 3.52790
5.49200 3.85745
3.48873 1.81381
7.89351 4.17752
4.28120 0.64222
4.70701 2.05913
11.54151 7.87850
1.34290 1.00234
9.99585 3.13525
9.42503 4.24081
3.63478 1.29971
4.06256 0.89400
2.14766 1.10333
3.73608 1.76523
6.91441 4.64015
4.53603 1.83145
3.27643 2.84286
3.51163 1.67446
5.35677 0.76636
3.79011 1.65269
8.94292 2.28569
2.79798 0.76898
1.46863 0.90732
5.03653 1.55188
5.86578 1.77259
3.98039 0.84301
4.81147 2.34152
1.77125 0.77871
6.64047 0.72927
2.84048 1.09553
7.69074 2.14693
8.71539 2.51686
3.50785 1.65765
6.55187 4.22116
4.32085 1.26643
9.29084 4.19663
0.66306 0.34430
6.31793 5.12857
6.30021 1.87029
4.06116 1.02984
1.34424 0.59237
2.47351 2.14094
5.42313 2.61444
3.59794 1.43851
4.46165 1.40210
7.06821 3.32982
4.96489 4.12372
3.20565 0.71168
2.70446 2.15697
7.96113 1.09203
6.09261 0.70022
10.10559 6.72441
8.88100 1.24379
3.48304 1.64129
2.40250 0.92358
5.85855 4.21913
3.57604 2.19088
11.10174 9.12910
5.80417 3.86597
7.74598 1.12319
1.79559 0.79629
1.86596 0.87910
3.03704 0.84601
10.62469 0.91999
9.05058 1.71321
4.23595 1.24181
6.31988 1.64518
2.28786 1.16896
9.16296 4.79768
3.46252 0.83110
3.01024 0.35617
2.52781 1.55821
2.62494 1.07712
4.41917 2.58273
4.85714 3.10139
3.44780 1.50126
3.27917 1.63945
5.72321 3.09804
13.63050 1.78519
2.21676 0.74357
6.97260 1.70791
9.79586 2.73389
6.54351 0.76546
1.04294 0.84706
5.86970 2.30608
16.08793 2.82765
4.55057 3.28970
10.56124 1.73443
5.93886 4.38434
3.34339 1.93888
7.64181 3.11203
3.78724 1.97292
4.65943 3.15141
0.83838 0.38777
6.34253 2.86374
4.98721 1.84465
4.76658 0.99184
1.90910 0.44149
10.47193 5.66135
5.08621 1.82383
3.62738 0.72942
6.67486 2.18559
5.37888 2.40547
3.78141 0.49105
3.56023 1.37875
7.50122 5.10692
7.97195 4.19729
2.09374 1.04581
5.43068 4.36210
14.04822 3.59077
5.10672 1.68976
1.83311 0.44402
7.08506 3.96875
5.20105 1.04264
3.92693 0.39045
8.15141 2.00108
2.48925 0.86938
1.64111 1.07385
2.40652 0.54852
3.17214 1.54499
4.75852 0.71640
2.24784 1.34204
13.03069 8.64105
11.96025 2.74602
5.88904 0.58435
2.75367 1.30855
4.51798 1.77910
4.72650 3.47860
5.52727 3.81273
10.73784 3.24512
6.84705 1.68406
7.32967 3.81373
2.16580 0.50762
6.06080 1.53814
5.09491 0.37753
1.83903 1.06922
4.52278 1.28712
3.10116 0.43421
5.63326 2.49618
3.19109 1.48764
4.58031 2.39378
3.76503 1.08835
2.99990 0.73983
2.58276 1.85516
3.88773 1.75013
3.01795 1.96839
3.05256 1.51940
10.23964 2.61466
3.63220 0.24336
3.87545 0.86441
9.10060 3.98108
3.10427 1.48451
2.91569 2.22729
5.47961 3.40462
4.54182 1.94315
5.37017 4.37279
3.04198 0.46661
7.42296 2.77312
4.70255 2.38051
1.32973 0.96066
4.08739 1.84813
11.14346 3.53658
5.30307 1.98254
6.47259 2.68008
5.30482 3.00969
4.13145 1.94663
5.11366 1.18162
5.56959 1.16287
4.22031 2.77075
4.47706 0.61924
2.73178 2.13128
5.00345 0.74346
2.37382 0.66048
1.95247 1.25138
1.47083 0.91678
2.60036 1.98921
3.35354 3.04994
5.93860 2.49098
1.41001 0.24190
5.46222 1.90770
11.58406 2.45481
8.52452 2.23757
3.89099 2.01187
16.61356 10.02588
7.32268 2.50690
2.92508 1.46355
2.80319 1.77063
2.64411 1.07578
11.62897 6.89771
2.43105 0.60847
3.11327 1.31340
3.50972 0.28650
5.52962 1.93080
3.99581 1.77140
4.03589 0.42821
4.99687 2.90330
2.95642 0.69981
4.53984 2.23365
2.64160 0.90968
7.42666 4.66853
3.07684 0.84147
13.29183 2.12015
2.99322 1.31265
4.03629 1.01856
15.25640 7.11001
4.59605 2.56188
2.70609 0.45419
2.63369 1.59081
2.97110 1.28041
2.77408 1.51890
4.20135 2.76948
4.59717 0.50220
3.74102 1.84205
3.42652 1.21374
1.45410 0.10834
4.49748 1.60962
4.04433 1.16909
4.76741 2.27605
2.86929 1.71129
8.64036 3.71103
3.25448 0.32016
6.49252 2.20759
1.82827 1.52174
8.41104 4.31103
4.61284 2.14994
2.49197 1.13097
5.65245 3.91402
6.48063 4.01197
11.29550 3.63452
6.93270 0.71326
3.84705 1.82645
4.65976 0.91465
7.68697 2.08905
2.92946 1.27838
3.89783 1.36971
4.74548 2.05433
3.32696 1.44454
9.11619 4.62521
6.96496 1.54713
4.79915 1.76589
1.56365 1.40395
12.30069 1.16273
3.08422 0.96087
3.33652 1.29025
4.51297 2.20001
4.00488 2.53309
3.27272 1.39800
5.40573 1.48777
1.97558 1.22029
2.43265 1.10228
3.66956 1.37315
3.52224 2.18140
4.67809 4.13340
3.56353 1.98078
1.31442 0.53940
3.88906 1.09413
7.02822 2.63584
2.23862 0.77863
6.49578 2.32762
12.27806 7.61086
4.51250 1.56096
2.87366 1.24601
8.40318 2.46441
5.00921 0.29263
3.95067 1.27551
6.01962 2.15793
5.74522 2.25974
8.22411 1.50948
6.71086 0.50239
10.26831 5.13312
3.81406 1.63889
4.53258 2.35820
2.96725 1.33131
2.27406 0.90299
2.39723 0.82543
4.84716 1.46648
4.07061 2.03254
3.81770 1.17507
5.69244 3.08458
5.66333 1.03437
3.97672 2.64224
5.61810 2.47916
5.04729 2.69446
1.72779 0.68927
1.34078 0.55615
4.47172 3.84476
1.75890 0.65941
1.06744 0.57969
6.55049 1.95947
3.64321 2.11536
4.01863 1.19609
9.40001 1.47419
13.77444 4.19047
2.69170 0.97841
5.08669 3.62003
2.91232 1.37580
11.38544 1.80548
4.61272 1.76427
6.12763 3.98887
9.91353 3.72034
5.11918 1.76703
5.66797 2.38685
6.30385 2.71732
4.34412 1.19320
4.57190 1.85614
2.81231 0.67205
1.69127 0.92476
5.92646 1.57813
5.83793 2.67609
3.17649 1.40924
4.13264 1.98306
4.16919 2.08013
2.31001 0.90308
5.32885 1.26062
3.44908 1.05483
3.44180 1.19843
7.26378 2.25263
5.03033 0.55740
8.84027 1.61854
6.76710 3.98954
8.07647 4.19243
4.73292 2.83338
3.75958 2.09638
1.54914 0.56177
6.39540 4.43968
10.18365 6.86547
8.44008 6.37831
1.09164 0.13873
2.18592 0.49320
1.48421 0.50256
4.69133 1.78036
4.87358 2.07030
1.95573 0.81967
3.54294 0.41334
8.00609 3.13419
2.62198 0.94074
8.71676 6.87143
2.68259 1.58116
4.42321 1.43162
4.26934 2.21270
2.52746 0.77586
6.55499 1.89809
5.18275 2.54132
3.56320 0.78883
7.14164 3.19660
2.28293 1.03618
6.75882 3.55663
5.04977 4.02077
7.48668 2.20176
7.28657 2.25312
2.05132 1.55766
3.14189 0.97994
6.67849 1.69229
2.90275 0.83469
7.87668 5.90053
1.79595 0.99418
2.86591 0.93041
9.01972 2.11073
1.66857 1.23633
1.32450 0.52001
2.56169 2.11429
5.39879 3.73055
1.62701 0.99881
2.60578 1.11540
5.33712 2.50314
1.67204 0.72046
7.58120 3.51482
6.29130 1.47842
11.22074 5.43779
6.13865 1.66081
4.17024 3.47594
2.68139 1.08986
8.22640 5.29587
3.59465 0.93000
4.15850 1.49946
2.61818 1.03498
4.67362 1.90226
3.73873 2.35456
13.98330 5.83409
6.42591 2.28068
6.26635 1.32098
3.12878 1.52289
6.33345 3.09349
4.47776 3.36358
5.99592 3.95093
4.15986 2.27890
2.99422 1.34428
5.08978 0.74851
4.74313 1.59277
5.95682 3.11925
5.34636 2.96926
5.99844 2.52685
4.94112 1.76437
1.39381 1.05985
4.76560 2.02150
7.86867 3.09248
3.19053 1.85541
5.55579 1.63652
4.38958 0.78394
3.07981 0.62613
2.79022 0.52798
4.70758 3.65887
13.04534 2.03770
2.59819 0.19170
1.83120 0.65771
13.17779 6.63941
3.42848 2.32848
2.21632 0.89902
2.05564 1.18477
4.54991 3.25450
8.18322 3.09900
15.78039 7.91315
3.16839 2.23745
9.29130 4.00307
2.87329 0.85094
9.56017 1.36371
2.90308 1.86375
5.83378 1.83135
6.71043 1.40396
3.52920 1.65184
3.50337 0.90968
3.17666 1.67551
5.58640 3.09654
3.49805 1.62116
6.06827 2.10339
12.13669 3.58483
6.47270 1.73430
2.20820 1.31914
6.48687 1.89313
5.15740 1.74273
3.73495 1.49964
1.97401 0.45774
5.55381 3.68337
8.81360 8.08926
5.65548 2.06135
7.97123 3.50943
3.90005 2.16804
1.92381 0.56596
3.86133 0.16855
3.95272 0.81721
6.48674 1.73629
5.11175 3.45352
1.83539 0.32881
1.02236 0.60334
6.03121 3.68851
5.32252 1.74015
2.52231 1.94733
5.14518 1.78456
5.75565 2.92880
2.49000 0.75639
3.75003 1.32158
2.42767 0.54417
2.37231 1.44619
3.37498 1.38629
5.44907 2.92746
6.42742 3.18645
0.75095 0.27582
4.03018 1.26183
6.61834 3.98601
6.53757 0.61845
8.62579 3.90130
11.80212 6.23098
9.13650 2.09069
3.48499 1.77290
3.58044 1.51361
1.70456 0.34655
4.84317 1.51090
3.18422 1.80865
7.14571 1.37940
3.27296 1.24765
4.64515 1.78871
5.08264 2.11211
3.56257 0.70386
7.88821 2.23395
5.65477 3.89147
6.21100 2.80028
8.94069 1.77799
9.12279 0.71504
6.92049 3.60492
2.71571 0.75632
2.31093 0.97311
4.86025 1.04552
5.61398 2.57712
4.77169 1.81456
3.98649 1.12867
2.42763 1.70235
1.08268 0.34623
1.88688 0.98189
6.19479 4.54012
10.60283 2.38307
3.30080 1.22561
2.16919 0.10704
2.68624 1.49036
15.45772 6.34525
5.16716 2.45400
2.35785 1.26157
7.63382 2.64799
6.71793 4.85319
3.23519 1.70976
10.02026 4.01524
3.34934 0.62527
17.28227 4.32930
6.13868 1.37636
9.89073 6.71023
6.76173 2.61491
2.41631 0.80792
7.95148 2.50695
5.17636 2.07533
2.82490 1.87142
4.28764 2.55201
3.37856 2.23369
3.34205 2.38337
8.38988 1.60072
3.63177 2.03199
6.51073 5.15752
6.10872 2.19236
10.61112 5.49315
7.79495 2.39151
7.15600 2.75961
4.38624 1.22336
7.26578 0.75868
8.72795 2.51302
1.54118 0.47111
3.78477 1.42944
6.85867 2.20832
2.00228 0.69472
2.17218 1.04034
5.44968 0.99689
6.07227 2.75658
1.04743 0.24670
11.41637 5.69868
2.60455 0.98667
12.53437 7.32451
2.36120 0.70482
5.01504 1.99034
2.62669 1.98995
3.61311 2.32588
3.17847 0.93674
5.52650 3.52858
3.15493 1.64508
7.53544 2.62419
5.22573 2.41750
4.27638 2.01136
3.02033 0.80934
12.41765 4.86690
3.80110 0.97381
2.88376 0.96482
6.27651 3.42907
4.82810 1.55328
5.80337 1.62444
12.61756 3.18192
1.46540 0.31360
4.52092 2.06592
8.56461 4.61835
7.47275 0.77232
1.90623 1.25457
6.60464 2.02688
2.93890 1.52046
8.33488 5.00086
4.14299 1.07064
2.31373 1.27679
3.30336 1.84976
1.46964 0.96286
11.97900 9.50017
2.56396 0.99034
2.77134 1.56197
5.54310 2.51903
4.63625 0.57953
5.52513 1.32816
2.63602 0.64536
3.97860 2.99008
14.71909 11.98206
4.37381 1.69435
4.36773 3.62997
2.39427 0.96336
2.46300 1.80450
4.35495 1.66778
3.07117 1.97735
1.34662 0.64394
9.50683 2.72248
6.27735 3.69983
4.38496 1.99535
8.28730 3.80027
7.01198 2.72908
7.56849 4.19901
9.56007 1.08445
6.47752 2.29068
3.19946 2.34338
5.18158 3.85307
5.35446 1.99218
6.73292 4.56326
4.05405 2.72554
16.51447 10.02918
3.27343 0.21589
1.62598 0.51816
1.53291 0.40695
8.98411 3.18371
6.67255 2.95163
10.26821 4.61023
5.20739 0.90937
13.03278 1.48050
11.00612 1.91093
7.24026 5.33816
4.91999 3.09919
7.61952 2.85195
6.39005 2.56441
2.59435 1.26682
1.69932 1.21208
3.99465 1.01354
4.86631 2.99442
5.08408 3.01587
2.38934 1.39612
2.00652 0.78604
4.89287 3.24530
11.88426 4.61698
6.01667 3.92751
3.42063 0.93584
3.80011 2.36456
7.88637 1.75080
10.45324 1.84392
10.40314 2.24383
9.43651 1.79339
4.08058 1.73380
8.48239 1.71979
8.02658 3.45112
5.92692 4.17193
4.15579 0.76176
5.75842 2.83243
3.00305 2.38653
6.87356 1.26330
4.25113 1.93791
8.23929 3.73335
4.86203 0.64256
2.12842 1.53426
3.50327 1.11325
6.71992 1.69106
4.91282 3.25335
7.71476 4.59052
5.62182 0.96762
7.95880 2.35377
1.83801 1.20312
2.74633 1.09966
7.21268 4.94098
2.08962 0.31765
5.08216 2.86387
5.49130 0.62647
3.72138 0.44187
8.03386 3.12910
3.31795 1.99712
1.94511 0.91148
5.56885 2.99938
2.20920 0.99237
4.50507 1.42958
7.88350 1.69848
2.88979 0.94882
3.28552 1.95339
5.73114 0.65169
3.69151 1.64109
2.66061 2.20750
1.76293 0.93933
8.15528 5.89978
5.90329 4.29685
4.23134 2.12935
14.84252 5.54613
5.39473 0.69497
3.62071 0.71336
5.89196 4.33196
4.93423 2.15942
5.30487 2.02994
2.34751 0.64523
5.73453 1.98322
3.50332 2.46703
1.73287 1.58119
8.44125 2.26842
1.28164 0.27880
5.06042 2.94194
2.79865 0.28498
10.65019 4.62012
2.51208 0.50408
2.31706 1.56572
2.78600 1.29614
6.63967 3.31731
7.39172 2.00784
1.79416 1.39026
6.55229 3.34418
4.38155 3.83337
6.29005 1.97909
15.52207 13.19983
6.35932 3.58903
3.09014 1.53369
1.93069 0.79520
2.85347 1.45539
5.48557 3.01727
3.42779 1.90739
3.51518 1.91692
8.76411 3.61165
2.31188 0.74938
4.48211 1.48348
3.34297 2.09980
4.54774 2.35428
2.52588 1.32864
4.57598 0.67607
1.21983 0.26239
4.81925 2.60962
3.22345 1.12609
4.93814 1.38829
2.87089 0.80443
5.95230 1.62748
5.60793 2.78091
9.93488 3.19565
4.76390 1.47358
2.68877 1.50950
10.73960 4.19808
4.29221 1.93565
5.76843 1.52283
5.85669 1.72717
4.21205 1.31906
3.08630 1.61729
3.41969 1.13136
7.12192 2.16363
2.09031 0.67854
4.15876 1.95987
7.57015 1.61928
9.51082 1.41436
1.84494 1.33825
4.35808 2.53156
1.65922 1.05367
5.39301 1.22157
5.13491 2.40409
9.88293 4.42483
6.04028 4.01372
4.60830 2.05034
3.22861 0.55527
4.07171 2.30189
1.61090 0.23004
2.60085 0.67771
2.11587 1.12095
1.52429 1.12610
4.18216 3.18792
5.34180 2.09411
5.14697 1.41934
6.36755 3.14652
5.86035 2.59228
4.03799 2.97854
2.98796 1.26036
6.42402 3.73195
4.42556 2.30783
5.03288 1.47977
7.90821 2.50017
2.73457 2.13110
11.02416 8.46955
12.46822 4.31524
2.44519 2.05990
2.95131 1.88444
5.86371 1.47153
4.95364 1.71433
9.42618 2.52825
5.80987 3.53454
5.80613 1.80309
10.36471 3.44967
9.59700 4.51317
5.35214 2.89177
1.82419 1.25643
5.37293 2.00590
3.53440 0.35715
5.01879 2.20770
2.81820 1.30672
4.79326 2.07907
4.69174 2.49956
3.81479 0.69293
8.40766 0.81287
1.87466 1.27510
5.05045 3.28578
3.03967 1.49006
8.56906 3.22112
5.49089 3.52785
2.13598 0.94542
5.13932 1.24267
6.15365 3.15123
3.79853 2.53106
3.38869 0.29821
3.74752 2.13206
2.45820 1.80454
5.84878 5.27231
1.91813 0.45780
10.19229 9.46098
0.73261 0.51251
5.02000 1.48153
13.20932 5.31837
5.97733 3.52778
6.37631 4.44813
2.25015 1.08266
5.71844 0.92494
8.67581 2.46058
3.81114 2.09971
10.53377 2.76510
1.24315 0.29883
7.93615 2.57452
1.94949 1.25916
4.52793 3.24528
4.86127 3.74208
3.27463 2.08841
4.13751 3.17056
4.35156 1.51373
10.62423 2.82088
13.35009 5.79353
5.58933 2.09762
1.95403 0.81003
5.33445 1.32097
2.34336 0.63407
5.29534 3.66550
5.70200 3.59774
7.25567 2.16896
1.90388 1.25231
4.44293 2.25665
5.61429 2.92337
16.77052 8.79244
3.30685 1.05086
4.31834 0.51896
5.80189 2.91397
2.11572 0.70015
5.01098 0.53088
9.18935 1.75531
15.29755 5.88882
3.88293 0.29601
3.13702 2.05886
9.69859 1.45271
6.17034 3.31729
5.97857 4.61885
7.15020 1.48964
5.61964 3.75129
2.13190 1.15098
15.94699 6.71155
3.83458 1.30431
4.28650 2.57058
7.64859 1.41980
2.64268 0.50114
8.36783 5.29097
8.74491 4.31053
4.70261 1.29900
6.98823 3.62609
3.24501 1.41183
2.10618 0.83658
12.80356 2.69729
5.42473 2.90193
6.70745 3.37505
2.39937 1.15367
2.71646 0.48056
2.75572 1.79857
2.99559 1.68760
11.34219 6.41051
3.36832 1.96177
9.73006 5.03392
2.71917 1.88305
8.70038 3.96074
4.19885 1.83242
1.50175 0.75413
1.96663 0.40979
7.32771 2.95078
9.01883 6.92673
5.94651 1.35882
2.59401 0.69741
8.68675 1.38193
4.72440 3.10098
8.57755 3.00612
3.07793 1.69495
6.02097 5.58804
4.00411 1.52253
7.54843 3.17969
6.21678 2.77282
7.06111 1.28244
8.87131 4.35712
4.04364 2.52311
4.43246 2.05075
7.27280 2.63339
6.03009 1.23808
4.55583 0.73416
3.61457 0.64665
3.54885 0.63425
10.32548 3.08102
6.95471 2.39366
3.53825 1.59951
5.47444 3.97289
5.79877 4.20341
2.74650 1.12646
3.96333 1.01150
6.69380 1.26272
8.88661 2.39429
7.09147 2.22641
3.91658 2.50388
6.63249 4.44013
6.17511 2.39683
4.78059 2.68542
3.16135 2.26675
5.46144 0.96548
2.17666 0.61651
8.87748 2.18523
5.94798 2.75640
2.03153 1.15483
11.38463 10.95754
6.81183 2.57320
2.44586 0.72714
6.49279 2.08191
4.63540 1.98058
3.69347 1.28150
1.60429 0.95776
9.66924 5.69938
13.40018 7.57006
7.69416 2.42447
6.75165 5.30480
3.48543 2.97802
7.30987 4.02282
1.87231 0.35799
12.91298 5.21746
5.44066 1.72024
4.16634 0.47566
8.07150 2.42773
3.11988 0.45451
3.18541 1.22701
5.58333 1.06738
6.50177 1.19946
4.06868 1.50632
7.10260 4.60171
6.73535 3.73703
6.36157 0.85352
3.35799 1.53571
7.52786 4.52825
4.89664 2.11012
11.08509 3.53625
1.82523 0.84455
4.50532 3.21966
2.38314 1.25280
4.46899 0.62435
3.46246 1.14422
9.76872 5.84123
7.24336 1.00372
15.97252 8.03130
4.01911 0.55029
2.45771 1.01882
4.51574 0.94586
8.15297 1.00375
5.29912 2.17717
5.54917 1.07266
2.71566 1.81109
