# Omage H0
0.33317651043643631 69.522369494815663
0.20458166958143745 79.208833381802648
0.21748100633558332 79.962201646153829
0.37427420073836476 66.018063430857666
0.28021302198488424 74.173417748801057
0.24768106413258878 71.644236502376316
0.33679937498100487 66.85667960541133
0.18518958696496959 78.996945572873742
0.3114949484896003 65.872499677401109
0.32058043335912728 66.616361381881106
0.23763817749221133 74.160775829493474
0.2413296801669631 76.731040249911757
0.2744517448895421 72.569559916618729
0.32595738635362165 68.111246304585492
0.25214636572564675 75.708268605890311
0.19164868904180379 76.372066376813024
0.41237563355165374 61.703666482439317
0.17946264510141471 80.343609238466158
0.27488230407537717 68.648701603089549
0.33638825784069087 67.72702018748474
0.3251863105942554 71.699363285053053
0.33428046497036773 68.532629125280238
0.27891337457567095 70.959806820792039
0.32919110930458551 65.560291758735374
0.34245928791851843 62.397378472187583
0.28200639857693277 70.207553268494422
0.29911352560886312 66.556534750075528
0.32204321019270926 68.234148042419534
0.27183783481733254 70.908238074596511
0.27101038834979629 72.300863030649111
0.24936757646862867 72.485326506825189
0.23254536992297012 76.495157255188843
0.38701808821946321 63.287624797500719
0.31993658180528883 68.535414061891402
0.29629231967190883 71.739138464668841
0.31824997755551354 66.980128653089395
0.19514251204299118 78.594720537816301
0.26240800325086361 69.39194191572949
0.16404264006027985 88.561802980061543
0.24406849065621558 73.295438151940232
0.27194630390858426 72.499955828684904
0.25240297040066134 76.570686246349368
0.24732917842131652 73.224886516061034
0.29985366332332503 70.138316360025968
0.27329538205188919 69.238671579589223
0.33542378035847531 63.435305389866713
0.21878849671835052 78.260289984701174
0.30382952584139122 70.080383056489637
0.25928210994551987 72.103170108200672
0.30997580421584442 65.092338182995135
0.25921999941828855 74.600897071038105
0.1868303703790882 80.031609736076547
0.29466663249017838 69.811605026159626
0.24576245533074831 74.366510626177288
0.2928948650207987 65.541265617994711
0.20419515251931364 78.132630354517048
0.31731924534774258 69.379223035421418
0.17645248586038587 84.622984890887722
0.32370090045473132 66.528608322748411
0.30674763765006136 71.914875045373108
0.31028844020952329 67.316919495064852
0.24309577112970432 73.354061891888151
0.33730764763848115 65.334482046205181
0.30287871980264403 69.032436771448175
0.26692931388227892 74.932225073907901
0.26895803203162932 75.199538992738198
0.2095122348638801 80.535859068178866
0.28590878625408833 73.295522745527691
0.39722614831560082 61.393386758629809
0.36360940222838573 64.02656230615699
0.36613338374887278 64.398324682609299
0.26671203619665013 72.558101490384985
0.26192296609123411 74.099830627143675
0.33818991154110978 67.523579094763079
0.20926234551777295 75.450695892920436
0.27932589884847331 71.193272175884985
0.22733704399995472 75.724645032975758
0.18365060987804699 82.052388760688601
0.24434396126500363 76.46839850493366
0.19999724847770359 81.049336117966888
0.31386479117511257 66.30444532356816
0.19481550986640339 80.283512367127116
0.30664695726846847 66.953972501711831
0.28495018994933857 70.380814262935843
0.40560966311277957 63.824074179612261
0.27206681479637801 70.891124401190623
0.31442594991659445 68.120377678297601
0.26351543778439662 72.574519086674854
0.30235319959500218 70.204815359316115
0.22240736810517583 79.399517979979436
0.33678602225210019 64.837824086714136
0.25528982265442202 72.64563191454036
0.29643307521180218 67.635405786630926
0.19626031349450826 79.646609573263561
0.21630661309329588 79.164175207681637
0.2060859102608639 77.607599929837434
0.18001101308720796 83.279592925264424
0.22208764070975079 75.171331982148075
0.28855500639062043 68.102189854985966
0.27732749242467919 72.609871147563524
0.26438603580849568 71.677796272696156
0.26259916142409823 68.922575063697238
0.34862436389712992 63.908172746940728
0.21499167427930013 78.667403694719226
0.2243788509882049 74.734751235514452
0.2548204409574068 76.412497438734803
0.29512721996478997 67.542912833918066
0.24931544657977048 73.732463823975991
0.21908419875932394 72.488086432354663
0.31093859155512116 67.90474834661191
0.25335109028999137 73.867222137693304
0.23769707980482091 75.370101015044355
0.29937061357049344 68.278815455831023
0.24061430762218353 75.22333412415469
0.31493590994557441 66.541020056393577
0.33542468798616049 67.52357054636029
0.31398598892043578 69.920819411047447
0.32323887853656486 65.148744023878081
0.31921431490607144 67.389793052073927
0.35161434837155231 64.72010531671917
0.31175895689257177 67.621468393106582
0.2847902614407648 69.421460156379382
0.27298426694515809 71.08753011786429
0.1890961035741556 77.593793626541725
0.25473127798562262 73.334040056573613
0.40563384872783059 63.905062467250524
0.25913552838942344 69.841013636466869
0.27087334015709286 72.291940348909279
0.19898606830919724 79.264269763196396
0.40294738876531583 62.552249948609592
0.31980220851519631 69.25308528762244
0.23508344892034269 74.669873084147639
0.36844064931777132 60.963203726010775
0.2367347007152116 72.366067010330781
0.23497587750862423 69.853913907292579
0.26437727818557433 76.09643916956702
0.46644118968139153 60.285766796157674
0.21848301188647348 77.554377337354666
0.22844751606047051 73.637425530651782
0.20552676873984513 78.069515866441137
0.260108729361334 74.700519292852377
0.22784801515770814 79.606240224944258
0.25362650263349845 71.529629109791543
0.26886215901830818 72.216328495470179
0.27297175779866967 71.944221479142129
0.22312293691110197 74.810693965355796
0.21999766246218155 77.625651579841261
0.3443863561832165 67.537786999824036
0.30819434670064644 68.002714556754938
0.26533977328526254 69.511342844663631
0.38216404410081567 65.383879823321934
0.16931307264056639 82.775660278429953
0.22075080730653229 75.96194207896643
0.22004498257691721 78.257632280797822
0.29529457853943575 70.566265446254064
0.24455275723248779 74.351604823016146
0.25573962751146562 71.093992783815608
0.22273072645485001 78.449606293899834
0.24697007392856996 72.299849150055365
0.26400191065399642 71.715279336641998
0.2942091304527033 69.602272103467698
0.28802303055220263 69.06681063302743
0.23667365505163293 74.480670331220395
0.20257271791229811 80.367963213211084
0.25091497159079257 73.021664279990887
0.23167506321978856 70.137967508185895
0.26352879442858135 68.887757417650036
0.34745741861763269 65.530478624326449
0.31167047733613462 68.972475824574559
0.2060790014732338 79.779379600401668
0.44194313854114192 60.352594439607394
0.26112689616879303 73.866301851867775
0.20694955816370317 78.728597629865547
0.25443805302762029 72.324138055734593
0.34645704963568014 65.271682170646145
0.20647382140122722 80.561321054316821
0.28235607868837248 72.952672957809625
0.2461089671584154 74.322281319265244
0.24728274866216257 73.52461421957581
0.21148014114498628 78.838902148911131
0.40501428659102723 61.109097562545031
0.25525429556461687 72.832542758936924
0.29959284128630032 70.428785231077342
0.32358680402222501 65.512292338766656
0.30568527677559704 68.50114026429145
0.21591205364864452 80.628329404338231
0.28558560846834524 67.723577990339365
0.23365316560486787 74.845048679200346
0.18484707583863741 85.32096131806594
0.23864702639093566 76.402249701598279
0.18936553504770215 81.950654313798367
0.29248675732351437 70.05458732873673
0.18160559879789909 75.957651583243248
0.30949006214238217 68.2244598993518
0.24499680920451619 74.398314449441571
0.26294389398119378 70.162256799533452
0.21275039629626533 81.977991327566087
0.27293760743879963 70.526933155389301
0.22701093140132708 74.745776786255007
0.21728938930214209 75.681852393492122
0.475544805667519 57.428243857254479
0.27255796509319247 71.293599794836297
0.31509886890903327 66.445949314731422
0.2530130250851419 75.740259009930384
0.22507265800948048 76.116761793484486
0.27523565990894988 70.11321526923183
0.30277317844578644 68.026120643105827
0.27764135825430741 70.677761978544879
0.19461319323205964 77.372966368852801
0.29483737514521408 70.115334666559093
0.23607055489601542 75.800206915043077
0.28922201286644184 66.738432867063892
0.31463039636124907 68.761393651145198
0.22872680028013234 77.515555324141587
0.21761701129759786 76.530816604589333
0.29146944684153209 70.957315084936454
0.21675636191976705 79.690384968233744
0.19231841349342987 81.833036638411514
0.26121242589365157 70.362855794503318
0.29658832513321637 72.296335062211881
0.31065136351617179 62.127196909148466
0.29240576525020012 73.408314257352529
0.22630703479115277 78.249967414983416
0.23144353766311837 75.04633052586415
0.25300695288979685 74.230160670635385
0.25963852576912588 73.289121849867939
0.33558734378370658 67.42288640577344
0.18360066590650959 80.478909076989424
0.20374504084326656 82.850401121681813
0.26140819686270472 75.19490018012921
0.2767857322235695 71.828150376390838
0.33595298325485351 70.26727477761213
0.22994518993349486 75.332165197239746
0.25976049764797404 75.599615793868963
0.2421258791562135 70.716021104567005
0.28320715162080901 71.746363287003618
0.32804743321938923 65.893232749454711
0.33008882353421531 65.601243228240193
0.23749835660232876 74.009853610261771
0.28086196855293177 69.60114941929146
0.19962091435917717 81.204062544008593
0.2893347495611685 68.841456878360376
0.2829331424401399 74.237234008202776
0.24000448357708035 76.038342967393902
0.26093368584438387 68.008069087561964
0.37365565571465875 64.099429797573222
0.27899466340234097 70.268879410231946
0.1979518400255128 77.912871697287159
0.22157342151951928 76.175620985551305
0.24612152329849535 72.409609529008733
0.26778118118645483 73.788730367592208
0.22818679262275005 76.01985476906178
0.36873355899980509 66.573508101134877
0.30260300533218454 70.814274837956134
0.32370780495955342 65.035550027439854
0.21666026305460878 73.714318613342584
0.23697680356716472 74.997019111329095
0.2837894781235003 71.240111128354684
0.22421915822916494 73.861111948701691
0.3512874210152957 63.76508322442416
0.28891625590110942 71.724481230856298
0.24627324867441913 77.806924605926042
0.37309670098085101 63.522443653652388
0.19015004978723254 81.588720181987412
0.24835604750233428 77.498765084685331
0.22423865778353597 73.115775800854919
0.28656973048236906 70.130940061601848
0.25196005780160952 76.641209889584175
0.2327109204381308 71.326127607467754
0.3028537926147204 66.197165662615305
0.23907542479484922 77.168785796154836
0.31652721467940576 65.048869674178164
0.27001225899059222 67.123809113469932
0.32141088551334884 69.717818780431614
0.30379060600481284 68.616892069004976
0.29149774018874325 70.784531816754665
0.26542463042082204 68.660910490678489
0.26530555140982176 67.560940565512681
0.26222783554329654 73.918650763572074
0.36243627054136041 60.753241397452413
0.26580507921824154 72.012872936804953
0.4775040022695769 56.464117799014332
0.26378750575664478 72.924049538224494
0.22369717042067952 77.102130632838225
0.2697611775387862 73.31143891097436
0.2606189627398004 72.858598000787836
0.25231507658243019 76.691360353102041
0.32335433380319339 68.691393776499069
0.34367839866429489 66.578617229246973
0.34171364692602024 62.977653300251419
0.2715323175824102 72.891115251843161
0.2006168527333774 84.899665039336668
0.29112163603948393 69.555328609127912
0.24732144891580418 72.193665752486254
0.24661939539757397 73.370490105451026
0.25524743934064908 73.889031994450249
0.35320634928360745 64.471884773390215
0.17551370018727272 80.641679191885913
0.30805766160417059 68.110130462671549
0.32930771945094561 68.461242298165303
0.28718114764858471 65.931867003600701
0.40901175457099587 61.551397056819688
0.26179885742254827 72.466204435863943
0.20510753317336702 80.975714892397463
0.19534970459940365 79.275247849192198
0.2895282695204473 73.564394296676966
0.22695303708293513 79.785844990327789
0.2376087520467543 72.178349846655763
0.26208626749703962 71.384213695216545
0.28737684721476209 69.551340721177908
0.29062083779256082 68.130247092574336
0.36688804420466609 64.391301422271084
0.26169841769864016 71.248444254766625
0.1892763358973987 79.949809870315988
0.24202215771149077 75.268600070249676
0.21841516359687049 78.947842511047227
0.33690602151754778 68.065289619773409
0.29408419063459174 69.405349825271259
0.23022769737621779 76.779085911288121
0.32682513374947586 67.426730097617352
0.31660187989176442 70.377667563524426
0.19620797413280028 77.518069631347359
0.34166418119719105 65.48858123222665
0.23618455848055242 77.449357203625851
0.25281831531151838 71.861991273306529
0.31518051879135622 65.213659506947607
0.34209403566056423 63.073780777270692
0.19351909317022192 82.329398422787676
0.30238395653028349 72.512143116428078
0.30057149785613707 69.709534369321005
0.31755048285337478 66.94569858425514
0.18415485341038421 82.178271244275578
0.40867593742158981 61.979650257974384
0.40162134162638785 62.442850687238135
0.30039299500061162 69.359412551637845
0.25694815957136319 67.243654670805441
0.26801833956981869 72.697972224957454
0.19865030555389224 78.455136203812955
0.26796729290407367 69.819640029872019
0.32441418864764782 67.169996940404474
0.29439507095487627 72.833799405471439
0.24401322462445191 73.436329686697704
0.18760236294744032 85.605354915673914
0.21980723350156497 76.737608552573178
0.32199326487441304 67.607266384441189
0.25293528109775615 76.196406172751168
0.26129752897502556 72.361406102300094
0.23485013043528533 75.348463138224133
0.25827675474630957 75.95579856355161
0.24887499143814309 74.682393567398535
0.24066443720629116 76.581955552316046
0.31487291433521092 65.955009639663317
0.23778102247069699 74.748925344246913
0.19776588656426428 79.968159278235603
0.26887495765905739 75.061472536203652
0.3363918844588667 67.203524369389811
0.21584987707150927 74.993562784449935
0.24161526930187421 74.267537177286613
0.21235943621427969 81.203794424780881
0.30100787023992748 69.913876696056704
0.28711664168041756 69.666544845947556
0.25030536865728858 73.763849489917305
0.23943155598081547 75.63559919018887
0.29999923401094181 71.136447858281642
0.24943493955914084 71.215267224271358
0.24028550658013326 74.064985999081173
0.28028677531658974 71.923768701266937
0.25850950873939355 73.801593233132053
0.16983655319943081 85.409182445134306
0.26205779409207397 74.923615596043405
0.35259503112566554 64.039788515561739
0.25740948006785591 72.656910769663654
0.36560058566301473 62.990146480222236
0.3170647508314261 70.215788183928481
0.31474054719802069 68.05551748832896
0.29105576750114487 69.013707502652963
0.39966970289183895 62.770452438823071
0.2198385498389793 77.967232477759879
0.24757146795471285 72.38927375348996
0.45081572380854734 58.488478627718287
0.23849071850482748 74.367921077798599
0.23581106761266579 76.33324442677349
0.28681997608345311 67.811838532903622
0.26239712715879143 74.587922688121935
0.25594566529470236 73.445347606243232
0.25591642466040954 74.388666903756373
0.22368854408363081 74.950436416587351
0.28515120324032428 71.755101461241907
0.36421943587441064 66.185929504179825
0.23946830447382422 72.797808006520953
0.19707524495551218 79.436989763251574
0.40351689348109915 64.348681981687093
0.21343348358824829 76.676569954570326
0.22280260798902743 76.591766725817109
0.30320258783769338 70.204560896636735
0.24296164887189123 74.549355750424738
0.32020996902232174 64.081196778014146
0.27893582475770812 71.998131571556058
0.19737189845314956 79.145367978819905
0.29872859557680803 70.626824700709165
0.27353057676234993 69.793050842568206
0.33833334764073203 66.219329280210019
0.18628684365318879 82.400057824456511
0.29968114631736298 71.775440527649664
0.25844444831422247 74.395983936061384
0.28775010197024448 70.00881594534529
0.31397553139209611 67.225197485276851
0.29121655237491822 68.542350165346733
0.27251784662882994 69.53442955902598
0.21542616245208082 74.297365915587321
0.34388807701418278 64.710658179747796
0.35228618868789369 65.017499244012683
0.21528965717658832 77.493304807871496
0.26244566971740096 76.158761543629922
0.19067623635390413 78.628647334724832
0.33613078255198603 67.520644432903126
0.19541152601992084 83.910398750674275
0.3057953348363962 66.341566997635468
0.19235080634947105 82.434795222292607
0.31446262901324562 68.338160294412233
0.2949083015289794 69.242936346257167
0.24585947615982748 74.426027551196299
0.25803858515280814 74.278781731744729
0.26504395050234869 72.06466901002976
0.22105577743500487 77.374658932346023
0.26580072101776975 74.462322745406823
0.27409099031242606 72.188429201770489
0.25482322962546938 76.657615118133975
0.27354888989320475 72.129055181767555
0.23242593675033021 75.58557529723997
0.28374469317435308 65.838023469235367
0.26174403115865708 74.574974384585701
0.20738907914848431 77.917896698187306
0.36379306425517449 63.190490050728364
0.25668515957020754 70.081980516614877
0.22282461727800931 76.191359258382761
0.2962149306150485 71.100692630009547
0.22482047691909271 75.941320699480613
0.29850225910565936 67.458515337521661
0.34552992230950352 66.594050839894905
0.24600744137873071 76.606024092000354
0.19617302080942092 79.359451856463238
0.30307910392632931 69.714411157603422
0.3282209771751462 69.359689209903308
0.27468525456252763 72.655070257347603
0.31445710376884134 68.486058738162441
0.23685535715037537 73.477033894213875
0.32199711815688331 66.284507249169735
0.34187554855965513 66.72776254699896
0.20651696059781657 80.37812698072463
0.40911778923398295 63.832363447791977
0.22282362904424419 74.126771823249186
0.19392213071683184 80.218019355667764
0.26488438274708831 70.187297520301613
0.28755087228705567 71.161917735841996
0.39488032357529201 63.612250289927594
0.22573491876831017 77.402212530471388
0.27232782541570172 67.724776304643811
0.26985944090753655 71.924454785265056
0.21982503648997151 76.353907025699868
0.27980754853309714 70.850425855406002
0.23413584449876987 77.356818438818308
0.26875753645340378 70.26022774531998
0.27854322508681062 71.616545003936309
0.2608057426907549 71.86639591419511
0.22793922204222447 79.241473968885984
0.24689415544200463 74.625617162801319
0.37817455776965031 65.314497452605977
0.18497021605139005 82.694498989640678
0.34622472898410001 62.81782652480851
0.22639977676701131 73.002903689241862
0.4090931963670168 63.270575125969593
0.28804887724562567 68.465057002151042
0.25603419026357915 74.004248272584888
0.27204852431834314 69.883449790810147
0.23589143749334421 72.88326064392686
0.30663521601342103 71.77131919025409
0.25988442057704714 72.048487930515421
0.29358139764249969 71.526921404992137
0.28417404047710804 70.246794213507741
0.19887755226291878 77.172465239473368
0.23173822614220985 75.248504404025695
0.41614371545383433 61.446707007374691
0.32297914951664347 65.626505904864061
0.37132607759302128 65.568149755352337
0.27431612357770407 71.471772766573551
0.27389625787466293 73.673632291859349
0.31474472148092836 68.257710431177827
0.31846716546046749 63.696117716689045
0.31929445750976176 71.724690129935183
0.33706002680038877 66.553153661444483
0.21870309450477521 74.515058202938235
0.25734112704115647 71.850585314067033
0.20500743670190946 80.431054337599491
0.22736609624700799 75.193429061599232
0.26507858809404283 67.252998284295799
0.21766343039210592 80.39096466507057
0.39443662057148332 61.279264450647936
0.21902415263331679 80.450903326295375
0.28233471393954135 72.024150700567404
0.33646992227393357 66.017879333575308
0.32449105584876997 66.173906875347143
0.25545425639589575 71.860931586073249
0.36212072700899522 66.746841587188754
0.22669226267955769 76.301677799498464
0.24453069497349941 73.55467979297147
0.23598878651397834 77.263621182956982
0.2557520391818599 75.229586481303102
0.28779561173498658 67.44412379852308
0.28830389678084012 73.746484221155924
0.23947719327040409 76.752646671013864
0.29589886442793678 70.098225325023165
0.19141438025536386 82.744289191384411
0.19324202996960718 79.739206796125259
0.24517697900098756 73.935097334700401
0.23717301545628977 74.692666544383997
0.49815004608205415 57.691633317403351
0.20398347031747188 80.171966900697825
0.21521412454287259 78.812540177464982
0.2744341905856339 71.015745148377547
0.23389990942611483 72.359117698879203
0.24081988972609206 71.22893915271753
0.23693922104272694 77.746550822943689
0.28359129029309355 74.708701516162449
0.25995987238250201 70.723265281010057
0.23564858427163585 74.87662704976546
0.26390001637695859 72.936724014779472
0.30377372534589231 67.117059416470482
0.25762701292857654 73.450972832574791
0.27891381037534296 69.094542872313326
0.41995270768707832 59.459047195897398
0.15729198323178534 80.555114909779377
0.33802866964242972 68.556191254860252
0.24067461453604475 73.161836309481785
0.24280364606165666 75.355010328131456
0.2569992369169406 75.095297086461372
0.23760234703435143 75.986925403646467
0.34611130666149614 66.868075731027062
0.22526106993974618 79.860994801937437
0.20380725117478027 80.38992967953503
0.26632675304539283 74.077544168340708
0.23829932594033518 73.249483948600485
0.27296528013591143 71.58412849333817
0.30637316024587868 68.222034963358823
0.20681448667850982 77.936665361713438
0.29828149711258511 67.313121150531302
0.32427038152716575 69.097781655076062
0.33612370253209328 67.061029345536141
0.32531692374062204 68.525030218536699
0.26474561665266777 70.428831830760828
0.22136397690826062 80.926712723059097
0.22292256560381821 77.028763986387048
0.25770547167875124 72.623622319460409
0.30269313654634045 68.960278612198394
0.29458735997192442 69.675004637757482
0.20191144356342536 81.046678032851972
0.30217694235635373 65.572393548857008
0.32442226977544458 68.490159522084653
0.28975920062020516 69.376748072480765
0.32799289173195806 66.48226288866897
0.27509862022691023 72.436696198718394
0.30471187578776932 69.045864255545254
0.29807317226949043 66.211769736855445
0.19741385854129345 82.598042261981092
0.27009258247046675 72.54426795158534
0.39119048049802296 62.379389549234737
0.23322328365301365 76.960763838786406
0.31294999054272593 68.167502540270476
0.35403323636148021 66.362507645253444
0.26452542398037832 74.891538961951795
0.21759063978593118 75.102152933003495
0.21616015019606058 81.268744895528869
0.2435016965348282 77.507206758287438
0.27527793217243057 71.557418538659789
0.3113723390569616 68.361093195481459
0.24247775561443008 73.936122004700152
0.32394898070491968 64.556185954735753
0.20732337015746113 78.433639367027936
0.27976577383939555 72.166345505067568
0.257792341676509 73.424108954333875
0.30208089998804388 67.781868371615062
0.32636000201629589 67.35106378738125
0.2683168287970995 73.72151011828096
0.26724893631362368 72.337949138573393
0.2545647039240585 73.446880992567984
0.21693146403996394 71.134722807778601
0.30639194948678344 67.169231053316182
0.27370814786678049 68.957704719778022
0.20380166281855464 77.920209858541753
0.27791268126180363 70.583012933106446
0.27199514421882065 69.68009696739999
0.28083310740946271 72.417005675464708
0.2891394922820768 69.493312250666293
0.26894580248792938 73.0534601172359
0.26351124635876966 72.154288691712111
0.28258655212586697 71.782934611353426
0.22804006811190336 77.045819287986944
0.25300868474744648 73.780065598920785
0.2713988939045035 69.628438450659203
0.31095291216935517 69.498048084675773
0.24922078965446706 74.210179023057862
0.34313193065726705 64.925128632700975
0.24779610888333548 75.547088599471138
0.25791754068637679 75.359069940433827
0.26340282404617171 71.154143612808156
0.32242200034626151 68.061175782705433
0.30251410071465201 66.622504268683272
0.28649139357177916 71.917026979048927
0.32682154773123645 66.712775095594665
0.27819500390377672 68.133069297502729
0.3530138438240949 65.644585288708939
0.20437495199829034 77.537134564001406
0.24538211530512502 69.650820899957793
0.26754647675736337 69.598917375304055
0.23720748178358306 77.500284362670087
0.24548726965822396 74.849252654906763
0.29839294195067784 73.36609282862176
0.26182712286183724 72.656030502169145
0.30205465761828043 72.114762016473364
0.21853256552066561 76.782585626797839
0.22978857960665597 76.342417231576661
0.28962519576639811 71.432974369596323
0.21662506046899374 78.36598619723928
0.26405824529718108 74.623263624918877
0.20662658781359203 75.91054111343621
0.18992306528255282 79.143502447365421
0.30013434013194507 69.186127613853017
0.23506795882669787 76.328642630370439
0.29086670199943826 69.267062231364477
0.23659516723420174 74.951648960934918
0.33882078595738374 66.025855253569148
0.3348788499992002 64.53122256789328
0.25983347154807285 73.872628908933422
0.26347859839600124 71.904778021342281
0.29120093208680931 71.498487723960721
0.23126294399083069 74.458178053278374
0.32477201474308609 68.375417459382348
0.30884156607265284 68.734420432530229
0.20999848111361957 78.804293056796638
0.30458400453268775 69.118154904298237
0.18901620389941443 76.34423196741696
0.30163708566066177 69.217244985717301
0.25733504429607135 71.380252883994316
0.15406201305215636 90.761249605239954
0.26418367606187826 72.65129480254744
0.24134562690769851 75.620921991224805
0.28769831154474779 70.117521031790872
0.32812596633954361 64.946618664604657
0.27179280884468271 74.253694601046149
0.23140139587478573 78.719765206931555
0.22200755841108594 78.294815131018893
0.25564241513923058 76.14448773640963
0.28351448204491247 68.382241155495223
0.34878969306276297 66.317942437290597
0.27976899230389279 70.731237804461401
0.27636671557005205 70.800182648236145
0.26339389299877225 72.827782229873364
0.40067070696046603 63.533649824767821
0.31929520824554491 67.33366387259241
0.30982051622623724 71.56844700818921
0.23001621865984773 75.539326941295798
0.30511707072712874 66.903828525703304
0.23029964583288029 72.397002206768306
0.34965863697065308 63.336408507854131
0.30890865373561921 71.837722377190985
0.2541240806066335 74.256474300823086
0.18417354970002753 83.924432115075447
0.18413552795977237 84.962605663617012
0.26004097194451964 71.094639547306059
0.23863090145153401 75.209590740667267
0.25234942977423208 76.013316085384076
0.29217933491398324 69.636635629197286
0.19352097173162455 80.849013575999805
0.26138278022405653 69.79760918796687
0.39113936144145189 59.714805809846268
0.19722566157751564 78.281899708942632
0.47969356891839005 58.520506821303364
0.3804884495830787 64.336524447719782
0.21944820299889972 78.457045419765507
0.23973290126087937 78.220820032096697
0.19612121934877155 82.094366871787784
0.25091868473605533 75.190369507424066
0.25017205493457656 72.523630149079295
0.30386244253644629 71.737045162106128
0.33474722004055041 68.237353706280288
0.20468891553281557 80.78796214658901
0.24800953659070374 75.915816297724092
0.20424180675908937 75.500753436810641
0.2303890362070489 77.542224469639294
0.21061381525418313 76.003187714984577
0.22455556495171164 75.213469726885847
0.22056014241938682 82.16441655228455
0.19663641627685541 76.635069640024383
0.27332739870938477 72.141887747857723
0.28466997951512452 71.226848999361735
0.19598110955412498 85.827832080485564
0.25353302465333644 73.597015530677808
0.29445081336014861 68.842472095269017
0.15939638277537405 90.144913650502787
0.25604706323935084 75.186472419897569
0.28407535131884437 70.792359594922033
0.22805438404616832 77.806040866880835
0.22875616131555837 76.825598673524354
0.19516788333815804 83.534198618873802
0.24518060374820447 70.668937383431455
0.28218688601917308 68.907540935547161
0.27046225434901211 71.400317113261579
0.29636604116798987 70.468318801343969
0.28115825653385246 67.112214030205323
0.35186026152585353 65.316230960327317
0.24880157545909393 76.754463847215376
0.22923725945332796 72.747736969004777
0.21170081994504386 80.405802652969669
0.29854671486915402 66.960968987704462
0.22801562842753778 77.347453399281619
0.24638680896134599 74.179887911316854
0.40135993017675148 62.819763956027415
0.33950024937206685 66.983732048837439
0.20650961786697361 75.27136044419133
0.25806566144840543 74.266642540866272
0.23356131838640462 76.524185682924283
0.40262112818903456 62.019424689638832
0.28302602968108104 68.285921292638548
0.21152488085312784 81.280617627339936
0.18875491192370109 79.134556526406854
0.2679001766065523 73.221224388482696
0.23864964557583002 76.901562993368515
0.33730459369826232 64.419939245792634
0.26637150122399833 71.921300033118143
0.26574401149019777 73.218013090719026
0.21021268573272076 78.64206439666782
0.28523024134514968 70.413925954015852
0.29338978393184395 67.865584784905892
0.31143365767960052 68.514985327402982
0.30161359703490564 71.797887561095536
0.24500478272193685 73.443143852136131
0.17881681161634824 80.294229220446596
0.27567264106871603 68.407424182754383
0.24284374964381711 75.146062437417342
0.35820097800590611 66.064820272169484
0.26193927694503294 71.824549536560014
0.26490069951541007 71.163068698889703
0.25374976979600466 67.537093978365633
0.28122689166421694 68.870827945695751
0.35353688005559292 65.30998303429115
0.29785023986135412 70.574239540317805
0.28082373810417838 69.660437002427088
0.24584934373750972 72.297982041305701
0.31945969351446718 66.037109850504052
0.29285584892935895 69.792927613200035
0.25994658606739163 73.706219609549549
0.25409639295694325 75.177814528961321
0.19424544702659091 80.552449141927312
0.31794166338264834 69.910796929138144
0.2771285006052599 71.923098272502926
0.2546465501188494 72.268201181406937
0.33580175146461611 65.973483415852783
0.30876567492121187 65.827436106997823
0.23728009694655522 77.358098211640822
0.28177898944472884 67.892898251493449
0.25255896272085671 75.413090090807458
0.21802074602325042 77.339262428061133
0.23099218951641906 74.979046149108086
0.23551014814883781 78.20458327914335
0.21683836806250681 78.229369835164817
0.30989553079836696 69.270782662025624
0.26935541202217328 71.41653308974243
0.26734338207519881 72.978082950874608
0.29043206427184348 68.669455336522049
0.31377091564223014 64.397971955700669
0.28132027074886584 68.517400360602906
0.23298521288054372 77.13498830326732
0.3108277914514555 69.535811849095964
0.29800490177540029 69.401347484650032
0.25867257567634933 73.83428186960559
0.2528561453370724 74.208434836636911
0.28452850251558809 69.826108332652723
0.2495741798385212 73.931254640041502
0.19187754704845827 76.441886957504195
0.23673375197966035 76.883151339205369
0.32828212261603823 64.499549659543391
0.24970515065331025 68.560026517251842
0.28842437166621482 69.128235239577549
0.34940542808497493 63.868460915862613
0.22152457839152639 80.005818348640105
0.28141818538028274 70.589656021381174
0.29566255891350579 72.007086863427389
0.28468861820238706 69.066503242099245
0.23105677358712559 74.625116502979637
0.27912156115071868 72.070585375066301
0.43345096791036258 59.797455340525822
0.20768030209168578 77.716084827169865
0.20478554008747171 79.189139952382945
0.26466159785961402 72.719765398866613
0.21492333263690228 81.453251579339337
0.24237550779574848 73.721967355681343
0.33316600945537295 68.685346108371746
0.25354909346205823 70.710661500986404
0.26176647912591755 70.060259642723182
0.30637632227851769 67.402155649415846
0.20324364878192716 80.536424330322262
0.17352100871642662 84.240851568216101
0.2701530736049248 76.158056292594736
0.26413231633418838 73.011267683858208
0.25851455732579964 72.872961289334981
0.24198604610290939 78.288995971269316
0.33010388171621835 66.063665698941904
0.31165164639556714 67.056634597889627
0.194394403163861 77.865520437726886
0.2742158847346956 72.12609753317777
0.16634622532135485 86.105147601505251
0.39760439645017215 63.513062470423698
0.2214665220692944 77.962690235428781
0.20614741093599251 76.557476505730023
0.22192794262583215 74.251979919799169
0.25297472050784475 71.830386137186096
0.27197783412423615 71.491421893422881
0.19221271524999864 85.940630479100776
0.27702612646709768 71.797011432691875
0.24209078720244154 73.506585944922065
0.22965651595926517 78.246586648166044
0.2884759793101182 71.135562650595631
0.27025388575508963 72.157464982136275
0.25156212099717074 74.336652563047011
0.19939764174962679 80.787647560946823
0.26405275571807452 74.516338175890283
0.30990585654950259 68.872650888685897
0.29733028908700443 68.285296240059111
0.31718520276570578 66.081821156321041
0.27494266973094872 71.074434642264663
0.22578344388197327 77.387403277902493
0.31181958974168855 67.217096020803481
0.26148569660504972 71.609037349706966
0.25608031868091602 71.57223555354436
0.28631606768193046 73.929197701508258
0.41767868548998371 59.314532667492635
0.34873844446317481 63.324037239289176
0.28352830465014056 68.99974012450609
0.21744900698605271 78.206544719866059
0.3140670039703698 66.905589417594229
0.27621377485651843 71.795734910767678
0.28437621785740402 69.984705630076718
0.21323569379644403 74.600276572846028
0.29814704117024354 70.765951535977322
0.30407733119538621 65.661919638337949
0.31736444004514869 67.173902088823326
0.23617442698069466 75.632363809768705
0.37593984820706111 64.743918086767991
0.26716931120805615 72.85323710414859
0.28935968783186755 72.448511881942451
0.23618829285718693 72.08815738867402
0.27968096888944916 67.257857299294201
0.3069178054856373 68.364714887305453
0.23104117620823142 75.006554253987829
0.18614368264102904 84.116805756573413
0.26424248183087817 72.866534039863353
0.35008723895698779 65.778034133917885
0.22660016405787081 74.099226797410225
0.27215666458671633 71.476338588399358
0.24749883296932684 72.13784829407021
0.20400901439264207 78.605586044131556
0.30209073582252927 70.424520279699323
0.31815634317978819 64.948050620914216
0.26940586638001279 72.463068502595533
0.19182087348208568 79.894250058415011
0.25068645641059284 75.245444647157726
0.19321430900651732 77.989801143433127
0.42142533166671997 60.296636625521167
0.26112870062567967 75.450960776594059
0.25120751891502935 74.904782390028615
0.32236028512706938 66.396358322226035
0.21388517312274666 76.721180855336129
0.24719625861499403 73.493405901151959
0.29682400552538762 67.799890495408306
0.49249669707098354 59.154303080838424
0.34248994664234211 64.655759895668055
0.27025513428365833 71.592089901733658
0.32519531955186393 63.690046547215097
0.23463250401924884 77.730197979577952
0.28107220060425103 70.645989528985126
0.38009805659719725 59.826122062366181
0.27772642074818349 71.399108786150109
0.29358567321414542 73.554477610609709
0.23090263483261669 73.168085949694074
0.26722572888741392 71.003386333581105
0.35938938626423056 64.773807181816451
0.2793121768253905 71.439962117590397
0.27774719196582792 66.530600823677318
0.29003153665938602 68.799993343035496
0.18107958173288718 80.080020661763896
0.34199290681562639 62.58522642501255
0.29286522217909411 69.141687071969727
0.24461679383893511 73.028443609079631
0.29801755952901415 67.882040038969862
0.27173272578478924 74.248460294973825
0.27997801327094751 71.312441937373976
0.29613598999340629 72.148226867970635
0.19526739110229521 81.64663517254678
0.32086721430558041 69.626310007952796
0.23710152949643987 74.446050578609629
0.26008014290338433 73.628748020310013
0.21416692844164908 76.14519171854252
0.29353477153412144 70.265439041780311
0.16585771323898349 86.623059542639467
0.21748408706262132 75.536848754670515
0.27596957539513667 71.261467484966388
0.32720622109282904 67.114512695862032
0.33856288049202449 64.876839741046751
0.31019741977202131 67.937846936362348
0.40702719667722376 59.944530108004969
0.34313150602102199 66.874604077564882
0.18687693632895203 82.439729004338332
0.23913708793022315 76.076874321109187
0.26457877220468928 72.293311734205147
0.28696643798807914 69.979922041322396
0.24224689415770884 74.730713166043529
0.24736501199591873 74.646200371993444
0.22276391713134064 71.879778260810994
0.30314448667465249 66.144495318880487
0.25458089140567447 70.809325811810226
0.2780305202153916 69.731038260311394
0.35495056591394836 61.988016173003132
0.27865014743217781 70.084184818334649
0.18106192334190097 79.782258428471707
0.2818650841571223 72.939324678671412
0.24578290599450894 74.05976912501724
0.26744803115562371 74.586202498311621
0.30006145312177662 70.714473968722174
0.2863693367766757 69.250522297512816
0.19840115067988395 81.068200562168599
0.24246791449446453 75.858622903380052
0.25331807052448041 75.733976474717778
0.23913127811761081 73.676266745020769
0.30227139280331167 67.227595784530948
0.23712547332882178 77.683964495569825
0.22776959135322275 75.380499857824645
0.35474194735814435 64.170149782835466
0.23588743743081625 73.156797721868855
0.29316172496476806 69.565141197444305
0.24720871130658942 76.699125115601746
0.19080339777347871 81.627653302690646
0.28829900995097424 71.307919409489486
0.21500130599497025 79.643981789848951
0.23655343604430232 73.979780015261611
0.17678714468264875 83.130123871803988
0.19988167036862695 80.534458886994983
0.27000399029777034 70.819368293586209
0.22195960185584596 79.769368540792286
0.35688997345812895 64.830636468175896
0.28133660526452159 71.420813786820275
0.31932346517536686 67.522773702883569
0.40885027820823955 62.590251606828808
0.20468574523170185 82.271116378396357
0.26281387918856386 72.516003982277567
0.25452995562077418 72.723957363833506
0.27708136654568705 69.56045628634692
0.41257298607367193 61.531806785349723
0.36442163948210832 66.050838641878272
0.23280457487459952 78.779853135899245
0.28142203063384424 71.92866355512335
0.21427656681170804 76.879309519028254
0.26235488841382337 73.496502183771696
0.23313892451652687 73.538912595896576
0.31152783754579522 70.422592297472931
0.1932100677161788 83.687655337578562
0.27520655285340195 71.693189185439309
0.3436985634568297 66.374080095135625
0.27720324488639964 71.824036842051186
0.22408087767407406 72.640320632921899
0.2498153352400963 72.732724756363325
0.27658698628588063 70.666965974380716
0.26686903049314492 72.740320501792084
0.22827702587801682 76.530788825765157
0.22380257491703556 76.428450843043436
0.25350911444925117 74.504596311596501
0.27820635485537942 70.870160512387486
0.25000223665728111 74.930967568653685
0.23778317940254051 71.21939745509944
0.26877417328545383 73.069013160011323
0.21842047929225045 73.027162679658318
0.20759100999832536 80.453777847753202
0.31905407851783441 65.994667667374955
0.23989253547257619 77.091552890414022
0.26423584227295932 74.419332517516395
0.25826344049209526 70.549240505256378
0.25765912822847936 73.728806457096695
0.21114462344608068 75.54288599388849
0.30114969878121717 68.741007962813427
0.31943023966356621 65.869703545126399
0.30546541698625235 69.220649319053237
0.37267320584675323 64.971654205499775
0.23468145914413177 78.111967987354291
0.26853576890537206 71.515590924552328
0.29894455931114089 69.040627214292158
0.37378203116194142 60.775157014323455
0.27151923346298529 73.165915039612003
0.23162147360939339 75.624033689309229
0.18596542165520832 79.756887257101269
0.23868092110231964 74.417685700308837
0.27316356507508199 70.62684630344377
0.22984284411838216 74.196562358401366
0.22299393073860665 75.226706023907369
0.33608274346386013 66.939840708672619
0.22241782953849254 76.375505543492309
0.24174863035323471 76.274252001090716
0.32684386355764194 66.027534933830211
0.21040878650768507 78.11073826705794
0.21864729969172356 77.937883075752808
0.27496659457603806 72.683012246794149
0.31142671276564521 67.518690437453074
0.25249039409091489 75.028042113112974
0.18118051082859743 81.049511514229664
0.23639251830243507 75.851165959816385
0.30271199905798213 68.221161809223346
0.21547453299268624 76.328254946799063
0.23412443052852319 75.346007553642622
0.21141505648408945 78.920468404982401
0.33499289330692711 68.666614541301456
0.23377708073640063 77.309277284234938
0.3560298198507898 64.024300866371433
0.27300679543272505 69.66020155976959
0.22668018913009999 72.22687417959564
0.26178472083102261 73.303311166759187
0.27596104725215576 69.887217103297658
0.19963517214333928 79.196165410262182
0.22676696938547353 72.9738726239123
0.3035333087836623 68.645614719750895
0.31272444205940048 63.085681407007819
0.22861975795217893 75.336078335198209
0.31877048429368376 69.118825513295747
0.26691135895704515 69.988462342592271
0.21281435207371849 79.730178883456816
0.33361220012152321 66.619574992192298
0.18925709430221566 79.805190743090193
0.20027052740735873 76.101660443313008
0.19263343261785398 84.827479599043187
0.26906821987354723 72.556186689622464
0.28210093922209106 69.079672590301172
0.22862248459279688 75.551461254368832
0.25740149980163884 75.054190839866806
0.26715524670145013 69.201697935325669
0.33982524888937787 63.035450968950045
0.22166537843609244 75.294921865926455
0.22524737603317685 77.430032813587715
0.3212973470755135 67.066879366749092
0.30069672850467266 69.154592908019168
0.35867377982518639 63.391244034930764
0.30515036988505956 68.047906057526561
0.2336350961528447 73.68959589798142
0.38820719267585996 61.360758156810064
0.22794417583171347 77.452588472222757
0.22022832534604464 77.180487876063111
0.2452234258052117 73.811698904546716
0.26954864168340575 72.087977436369869
0.20576776392846505 78.888795230857511
0.31622084919612681 66.092760134105362
0.34227213215625563 64.397366847802388
0.19962105484200077 82.405700919136692
0.33323278628898173 66.234842856576819
0.22784689048505294 77.247908586770194
0.19894692303605255 76.52158134792073
0.28127494594702357 71.08419643871197
0.27831208956415487 62.898840670064487
0.18135277796740937 76.90121818582378
0.29865180200757879 66.869390607389946
0.18753701266854278 78.410444301426438
0.33374747251823927 65.066231533621732
0.28320281806204722 72.968191687021118
0.15293228036920403 86.167561360246438
0.34005531228713581 64.886282864303325
0.31025060512595026 69.604124855829085
0.35262829919967842 63.28389162109243
0.25559788150948953 73.805386306620008
0.22699828945201408 76.712171239252569
0.31946479176406206 68.692792124048566
0.26048907188379211 69.722994902282096
0.31468696931836088 69.649156153954678
0.29162984909510531 68.410602118573948
0.28167795921310596 70.5387951335331
0.23095831573084025 74.817345568397968
0.3591580811795439 68.01809032822591
0.27322997724284881 70.846468129522989
0.28967646086486037 70.474107445446549
0.34286540505379137 67.024557856841241
0.35322874272953431 64.813176358885443
0.2076361184410753 79.283499581530279
0.2770603552736704 68.112251516773256
0.32145737524553131 66.905695328101331
0.24812833704708817 74.679703277093978
0.26736014822050502 73.059204377804363
0.17725855006706437 83.6936686649194
0.20768364653769911 77.81471136145646
0.28885246550612181 67.86226327517538
0.24848412379736184 76.202419302179351
0.27638347514409428 68.801731676595054
0.22771683706222232 76.136359790973273
0.22500234695338198 74.811887046885673
0.23938115861701098 73.082636748785646
0.21859875121573125 72.523871022220092
0.23264048526588035 74.796281209481023
0.19545323523148714 83.991611917629882
0.24953791890482691 74.602208978511982
0.30775699422390557 69.099511775883769
0.26211813520509752 75.20095340329155
0.32742938141363831 67.195293459932671
0.35162967033048281 66.587931846574023
0.30872348569826796 67.782519860051011
0.265981277476595 70.932925319059777
0.24406154435145344 73.366168428227994
0.27360275966815922 72.317250221793572
0.38340447910024605 65.479851721595367
0.20605696953486369 76.226503602884151
0.42193755123209731 60.142112321235736
0.24532089394253198 73.035779282472987
0.19363144918633476 82.316771736636539
0.24083471748213536 76.42777628492388
0.30431920011176339 67.188872778961951
0.23869112508010604 75.092026879142963
0.25546067307687542 71.792280571396631
0.29652998606026976 68.008119283896193
0.25879045593329653 72.642034080523885
0.20326277482408642 82.168458584209489
0.21880002585217243 76.422757339458997
0.22814176698964633 77.798088077963044
0.24491044522967784 74.469375940222378
0.22143774351453097 76.737351892210867
0.2649536911748121 69.513615483567875
0.22488449399230992 76.317889453489926
0.32744791175091148 68.118736534353005
0.28416527564551886 70.948994313580272
0.19010410827300367 81.974608329025955
0.21256369680620182 75.228554309729716
0.25433142220292781 71.702983253947735
0.26968825628073595 72.292528030782833
0.38309682181039201 62.742145379104272
0.27786129834638018 71.529417077626078
0.2865119323267491 69.251620791468326
0.36727874012096545 66.24077073251307
0.25514272082880657 72.875289700750159
0.29791040012470732 70.864163111161034
0.27523299563705456 67.606088616514768
0.28557340516681334 70.318754962617632
0.37466611762663943 60.372389652780413
0.26606503464899495 73.157644054903258
0.26400722367324936 74.310481974396794
0.21084209426285083 81.112333977643971
0.27702804521220109 69.669052943741889
0.29337712158761975 72.129466944729714
0.2147944913344596 76.024974065777613
0.23461561130454386 75.341574760369184
0.27123378821025718 71.222690224288669
0.3723263745659271 60.771419045409857
0.2525299662814367 74.275955206361402
0.28168771069228787 71.874717339184997
0.20300987375576751 76.659939196206665
0.24933029902881051 73.000269002406966
0.30360938850301689 67.603020437634939
0.31783994970311968 67.327531951807885
0.29760755058670552 64.544732264307214
0.36365130361691961 62.48695768988118
0.27400927276844955 69.223649244171767
0.36650768849188337 66.24473691464749
0.28437893343736059 70.691681114504107
0.27906904478768191 65.11542993710097
0.30151447924742869 68.11976141508741
0.2519775303127747 70.200566623755066
0.24630055272525372 74.671898476840923
0.26960023085599188 72.298129948528313
0.23410569005663373 75.438174581626456
0.29919918485197794 68.55658388569222
0.32228908796027034 69.244180417357128
0.26454339968665952 71.714487883618276
0.21907542091317744 75.635227378079122
0.27709706151040392 71.216399256205094
0.23543195816979917 75.756438583271716
0.28175039185307432 73.044936458577098
0.21061748772563657 77.160506800853
0.28398898562255892 69.529796721672611
0.21000822574559974 80.331632192337665
0.25267282311524858 74.146440253717046
0.2889740978653475 69.677743178097344
0.34283661540636279 68.730884217758501
0.34801001831132394 66.208974647853694
0.25119244017339409 74.393874942857607
0.29110772223088438 70.709106402645276
0.32820679040081729 66.486110696043184
0.19237480178299515 78.616945486940196
0.30201387961449372 67.309130337026488
0.41934186125934875 62.498288780003698
0.32379677515931499 70.476174995639241
0.27772849736304533 71.111868633314259
0.23604654388482219 76.55483698928569
0.26215275833201879 72.181825745329675
0.24853654142766604 71.276349537366428
0.35135554506309941 63.775677111725543
0.28459621901566973 70.893084734236609
0.27145935941002841 71.984661426042692
0.17736109654975266 84.345656489866073
0.24699169805726748 71.586261023307074
0.24591167911460698 73.107454346269975
0.34631713910061745 65.947279499007266
0.24081526125741179 73.488556151132258
0.19380512495835162 82.0582657234294
0.31560549407621802 67.4142727750136
0.28465648518384862 71.868650732355505
0.32508902474704826 69.95768424168962
0.23715591787696011 75.941969880819954
0.17674019912323299 83.199272955808638
0.24189931814353877 74.935781849979804
0.35878033044701035 67.743678316177323
0.21945839338142509 75.59566681679425
0.32269909081933784 68.238702994252051
0.31402904644199964 70.564208289758426
0.30463350018034396 70.340787081877238
0.31960180642405017 69.479344100663653
0.22031313092441479 76.834941760248626
0.2958919359991436 70.190050345470198
0.25865895196834654 68.768988435927582
0.29556410427317448 73.741151179503589
0.1796145439591316 81.935116390107027
0.22056051636856794 74.863663105561884
0.22236542925387026 76.277277250624081
0.45421802470549871 58.917821653648573
0.30337012267072516 68.084755457476518
0.29036028845073958 71.691530012043998
0.24332761149702484 75.871817217175305
0.30342086844055283 68.732858269271475
0.23119159034117953 76.677178415445482
0.42876107239134187 62.561679009915679
0.34598206282348243 64.689450166235559
0.26072421146035135 73.390143813645949
0.37712126917900451 64.276178617855521
0.28664257765097667 71.963644862583564
0.31623095393699141 68.373009938515594
0.26435226850209487 70.707887444081578
0.31051641818318793 65.60787806036879
0.21193724735770098 77.428332951448027
0.25299931641727769 71.421885758794772
0.34392094610291135 65.549863520726618
0.2693523951909102 74.200578697217111
0.2783096944888338 73.146240208084293
0.22474831747404736 76.018085241906505
0.41827697694929861 62.029174068745888
0.46760192213278867 57.739631867792426
0.21813490190711932 74.54876949894178
0.26715019754610225 73.772179887087887
0.24841669451419973 72.291507248012877
0.34329957876730233 65.560698850327583
0.28236889014208993 71.698407942673171
0.26156246613956619 74.975293651885863
0.23393816461753117 74.631540401235227
0.22290376016248833 78.313948907231747
0.22339249256023261 78.957370745500583
0.27928563132931705 69.683906367542093
0.23598355187856856 74.897331149457514
0.21135764981260735 83.391205132108524
0.30258435624322672 70.218768388207579
0.28805862049591441 70.958518662606693
0.29275920887046164 69.741356222895703
0.20985990020789774 79.388735547962852
0.29169441236950383 71.595903979184641
0.26238965514822138 73.713213902688352
0.31079400886394137 68.864023592368426
0.27333054799927731 68.045873296894001
0.31449545512517357 69.780336000544054
0.2236599215186176 77.530494807027821
0.22895178837927052 75.242110714757615
0.29263402084031759 69.145342078957398
0.21934126175381255 76.838059170708448
0.22799869210248189 72.721300274242807
0.21715704391030438 77.599236464125283
0.31452044218563396 65.797277185461212
0.30891047806226263 67.86789392359205
0.29600781013776989 69.46995270399853
0.21641731221541466 79.26550885027919
0.21380950140629351 78.398313910999335
0.31548447023043102 65.660049728060102
0.25028021030222874 76.880259041849683
0.25064232412605858 74.392950793377722
0.22291214940503012 74.41673904278106
0.34092141083999389 63.88329583289056
0.22053477782816244 77.481411871384609
0.24681109930639364 75.769022659828607
0.32071818526257673 64.652398081128425
0.23092477899751757 70.974515157554066
0.37288006649982491 65.072880939185353
0.2677460850285413 71.874767028009288
0.30835157558092252 67.438909953647098
0.24466330030064101 71.894232618541494
0.20311906739390875 82.543643755102849
0.30651557226545378 71.214968323935679
0.22525653327134745 76.605689397263546
0.29634398236343801 71.861606880358408
0.23926885698421013 77.573920043400292
0.25458408450298764 73.732198675403595
0.28265103838024158 69.537523918201586
0.29042647847063202 66.527237379024385
0.22597046691027395 75.882713226432074
0.23231686081172981 79.084081428040619
0.25551070753280375 73.610268846033989
0.33722045600857681 65.222528268258088
0.24949525308156303 74.37969814500903
0.2163778416647906 80.909628289212279
0.26572841940792263 74.096113316598505
0.39843226959836575 58.16806325132297
0.28635716679870987 68.739209163881313
0.22990292330818363 73.648186428518869
0.2868444144906524 70.158682872591683
0.27555444599566103 73.36715441443603
0.24761203864217732 75.077381585537907
0.2439200470253019 75.188097718606556
0.20200033209054186 81.569984222795682
0.20952880784800162 82.917883335483268
0.28818921217414045 70.62460231843707
0.24008423624731384 72.516554579017665
0.28022396542426076 64.231940585983423
0.28694929526990337 72.443011416819999
0.19917032876428992 82.428631942185092
0.30386208727350406 68.724278173980636
0.2551166528507674 74.633004100993958
0.22829094712953954 78.820198680599702
0.43320030163365475 61.499684688686365
0.32214926927293008 64.632351456014291
0.21101171105465816 76.451972667656207
0.28198529473450751 70.506906076568299
0.32561540433505615 70.129955722995689
0.27300815067810219 70.949890457203807
0.27658717444349301 68.149851306658903
0.23733787902342085 75.539409141734254
0.31461962672038191 70.14800311947333
0.24568182642666286 74.476274219279077
0.35548936342084286 63.377055820724543
0.26993724879834696 72.130148880954394
0.46319116354762213 58.62948781649073
0.25984297437804482 73.347187249934464
0.30950696492124963 68.255348963081005
0.28710583545257312 71.544417291779624
0.31640215347744627 66.633818676827588
0.2267606745828212 78.172093332976218
0.24228685624302385 71.981267919078547
0.29621200692480681 71.376261626623347
0.20159693143967983 80.217157169622965
0.32424815243210098 62.302948558570876
0.36874329389577026 62.000822142322534
0.27759511787480845 72.954930599765461
0.24237184958389943 74.872562313468862
0.24480174785918551 73.188758643943743
0.39530929388152325 62.72276049538533
0.23293823790923965 72.536356389443483
0.43105486537755544 61.752963523434723
0.28601185045442223 72.683666018623754
0.24907727255659606 69.862250037841974
0.27822361173287702 71.208765894850757
0.26651657295205383 70.281777466363963
0.23417920475370391 74.755875265559766
0.1812360207712603 85.382252503794106
0.32596756513230779 68.160680852949156
0.21597711053951338 73.269835499050629
0.24713340776034137 74.951056937347758
0.2766251408662278 68.996163326169167
0.24356738459307131 72.584979105700953
0.20038431102429374 77.722509686238581
0.32197783506263494 67.103753970086728
0.2986672551812824 69.769306410978459
0.28561546009187022 71.726791528263973
0.206789117163348 78.10090026078197
0.37429013203669625 62.52318100522568
0.22305190486973428 76.287164532651573
0.27541372180555812 67.910444351813197
0.22846909606565724 77.053405887406726
0.1905510502882567 84.919196363324247
0.22604097714427493 72.695356445700185
0.28031128444693876 72.087802480087049
0.23986598653326774 71.616897905240364
0.26307854297412364 71.95889123314511
0.28495212452713731 72.251196780188991
0.22950475764744649 76.698479804881387
0.31234337487397823 66.791820975233634
0.25537929840188173 75.597632511762427
0.23192481658475969 75.462266932251893
0.20828946684476296 79.332895934169585
0.17818823492208627 85.813933849067794
0.24647352376202725 75.270345500950839
0.2518807392024161 74.360607349715792
0.23287438015012013 74.484917090221614
0.24491614058278793 74.941517432325995
0.21869494264068765 72.546190854876457
0.3279910171835772 67.631663444268568
0.24475098681816965 74.512289845207818
0.20534490267040498 78.481328208100464
0.29469534683171517 69.594679535871421
0.32164358826486933 69.672745823496797
0.27745422296078942 69.500956385764638
0.2548602920706014 71.325419845125751
0.32243993789983627 68.758818705370572
0.22661676965908742 78.696094798150796
0.19737700458142263 80.955556950613541
0.38969446008925829 63.630019386683749
0.3077743481961519 68.746757044276123
0.34428507945711878 66.399658354136875
0.24048310472494078 74.74889504286034
0.29399027131172495 68.403372296480626
0.26738662108247252 73.832331782849238
0.51921379710295179 55.141600395186828
0.2400555285105406 76.105943356973398
0.30629419946140157 69.969715588503689
0.26715361587580944 71.763741222240867
0.24141439669997802 72.902974656217651
0.37895975480365324 63.73206884062288
0.31539222044739973 69.89392456269492
0.33838047768462043 66.225519526239836
0.3077391814294419 69.5425314492025
0.14378072454640267 79.830203259650048
0.27380632182568065 68.856981357224328
0.28781150202739592 68.997337874348389
0.41106117600333963 62.736116889230495
0.24396178859486967 75.67912491390446
0.3444811420649726 68.42628634775204
0.20931646699425477 77.826051929272509
0.29003989685388343 68.322050382930115
0.24047999811498724 74.183758944542546
0.16944775001782234 79.672952054925645
0.19405488156162357 83.542054235720187
0.22869114209051764 74.897530387875349
0.23990533722191171 76.00320884525992
0.24377915174857287 75.957491343414375
0.24865109128284929 75.480918106051675
0.21619015538995282 77.897749898332762
0.28195058864511563 67.081186136817252
0.31641029972301876 69.100361849780228
0.20929473022254672 75.891441364904409
0.19426240873198178 82.870753166448992
0.24087002557909198 75.181651497764861
0.22366990699274353 71.035613933516998
0.31530476295623022 70.757754754425278
0.26232320827659916 70.918693330199574
0.27076010210600432 70.668977199133451
0.28262495852862801 66.426603902826045
0.27538330904557978 73.203357503757772
0.24067266900082054 76.015099455413676
0.27175959166439112 71.535648352115189
0.26654373099611356 72.59634411049656
0.2595493947809514 76.152517370585727
0.25117367279122721 75.38768148208041
0.2675654649573766 72.816428591959223
0.19990852760679836 83.724598154787785
0.46048275418206513 57.06003527031006
0.39359101199414437 63.594161174544723
0.26528135909166622 75.497403395973137
0.31714911824945752 68.963855394265224
0.24866081939824336 70.882894958757419
0.19626588437026501 79.235677686550716
0.22376324382343363 78.642906498098483
0.38734624177420796 61.915740956174254
0.21355247642999989 78.202224746947635
0.28768257941704384 67.546850492513101
0.29232511193546079 67.653764921826706
0.30737081459867721 68.039533443173227
0.21001704152106659 81.767230702928785
0.33890829091822455 65.339489500733634
0.25049156028728026 77.450286955016892
0.25056273187676659 74.772244269864032
0.25452899910545396 70.866274699045263
0.21956185962311719 75.030202937327189
0.40903154974012301 61.413366473220478
0.29594919589646845 67.312887832482787
0.20997637769399127 79.886891316007137
0.24794958618069332 74.689599602058408
0.34299498238785697 63.930193859298669
0.28448132531651005 69.991992700417299
0.29646468761391009 65.86580307832962
0.23954529597479912 76.908981771816784
0.32889016837762264 68.407451808852215
0.24002681786207822 76.390561854965227
0.38826342112228729 61.153731174234053
0.35414610111680278 62.030651811210895
0.32482457548271187 69.496810010717866
0.25967520828446683 74.832028196708848
0.27925993398804788 69.506263539861877
0.20703494026889877 77.40697686900937
0.20486734373344259 77.537274866728268
0.27288336146666758 70.621467843269031
0.29403474222038234 69.698668225414039
0.23495638651223688 77.046461808788024
0.36068228940499852 67.006476364121156
0.21374351418087625 78.88667060500579
0.20356273606966052 81.6983755726271
0.31777944866951408 66.17910793735328
0.20490189571901654 78.655163193571099
0.24940638746120081 75.587159735704816
0.19686967257352606 78.777714577184369
0.26643566738643765 72.165039873680882
0.30624101608674376 70.350641914695728
0.22485611937150193 76.659462196680366
0.18898450541476897 79.247654429421146
0.23948341237375764 77.547866843750285
0.24922641188339684 75.108967648154731
0.28671909111246152 72.845273604610966
0.30362032945354595 71.096294219661957
0.2609844869420983 74.732948404290099
0.25054480041292271 73.66651398524958
0.25755642964738262 71.784374112341396
0.33648345734589691 64.686140306567637
0.2203680223352035 80.91508559358023
0.28751240341860207 71.091942701968705
0.37262670241368789 63.954782229584467
0.3572851454239877 61.755525573406544
0.22423294963144058 78.050964166324476
0.20494586821126023 80.941392400880716
0.24533738362404511 76.61903838116514
0.46116168620933873 58.232240312690593
0.27130764595824347 72.337731052876691
0.26283674556809 71.927804005003779
0.29358229796189556 68.993255708017088
0.2362896945080924 77.598139478824507
0.3197605210622621 68.588405367140098
0.24743289011349689 75.951604236025958
0.34064362711152446 70.405450459133931
0.24444508219438119 75.002878677428882
0.26150799639069655 76.164882929176215
0.25425567991278369 71.608550741088052
0.28361057710902299 69.711278599744489
0.23370796815889788 75.887058355046037
0.17554021424292796 81.83060591016654
0.24504019342362979 74.917061107270214
0.25994034582253617 73.170064874313255
0.26160454481158402 72.413319991618664
0.23862826890764596 72.775121741743078
0.29748834344102604 68.864856964926986
0.28982192823872105 68.307463706087859
0.27841727559055895 70.23263474598285
0.27467726591451724 70.875099379168262
0.340072990021904 67.212914585186127
0.34206359886270038 68.998322538084381
0.26759871515038441 74.361548804278897
0.27880364604027652 71.581623760397335
0.27545607565522329 68.820506856776603
0.24700582678567659 75.429479104738107
0.27545646500235893 72.044817912339525
0.26114317446697516 71.237173692205189
0.26844409857785445 74.053855109261661
0.25625942997271761 71.896767036107747
0.21935499045022749 79.271606954034539
0.21094956458546318 76.233675795536001
0.26157207004495658 70.180610986316921
0.291233601564787 66.96087875641804
0.30253706062203378 69.820837518648489
0.21521658382121547 80.001660732772351
0.54999994818013176 56.501786939711884
0.28194189770519335 74.094983255211716
0.28245102514166137 68.73368023943101
0.19805478371783503 84.237931868359212
0.2955181150120928 67.914625588547437
0.2769443673823565 72.986065841766646
0.50110953487099819 58.138991739400183
0.29743040862127879 67.869843192312914
0.2245894208541927 80.194387879785964
0.24642815983368882 75.057597798701224
0.27009935035817273 70.77131881911447
0.26576980079517576 69.101604430418305
0.36282985426610043 65.536154360473404
0.19171975290160628 75.663765271590265
0.35212586581951155 64.317942021183597
0.23188827336380305 77.323523695872595
0.27283288136235723 71.33727083725897
0.26854304824004915 73.505110229966093
0.22750990599451382 78.076840701943027
0.28378742641658056 68.564977684150023
0.26934497219941422 74.47539482819036
0.33038544243470719 65.54386283518582
0.20890939945275752 78.969079205690548
0.31856475172924315 66.983452421953672
0.1703822317266061 84.784127283761322
0.24360565262739292 72.705746446674183
0.19525345299405264 81.88226215942251
0.31520834657771729 65.431982104831334
0.29254649610935163 67.343320572672582
0.22107861166666823 79.158673418165151
0.26926215147327764 70.874339043853908
0.37207738947731889 66.325342960663846
0.34868807710361271 65.473327345506732
0.24615455457593366 70.30477682371297
0.19050807799147065 81.264982571905875
0.29297196569278383 70.639512460313085
0.2915714057702502 71.895099011889016
0.44366961853351977 62.396229805812531
0.26951875257815044 74.347339398194606
0.23261073959383663 72.572669675884995
0.32159042953061712 67.10766613992638
0.21414416990004523 77.605081139585991
0.20910911701207921 77.5719212112527
0.23224621409328436 74.523690561437832
0.17427288268684551 81.444775992758238
0.31817402068223821 71.415458689342827
0.23876961988215811 71.673693588336846
0.27676893572463163 74.967616643589068
0.23908583796631533 73.720318629773487
0.26117769737433372 75.976746168658494
0.25460249425763498 74.24459236412838
0.23414728104686489 77.29124417462242
0.21729017744485746 79.011509642050513
0.21509839770205644 78.491826760473074
0.23827920111537348 76.350084021778486
0.23899131562303122 71.288606959898985
0.25975574302094545 72.648355988181564
0.21767903037266606 78.680619744387172
0.2203863926597236 77.240278932147163
0.27392054331032434 72.159094316917773
0.27877707880279601 73.087707443571404
0.34028307954563541 67.131450585510891
0.35342587978198164 65.286039599954634
0.31675302128739374 70.164805414347128
0.24941555138952723 77.369893741091005
0.25496955240198999 72.087099106029399
0.23953287435120296 76.843621417822916
0.24583828330091484 73.768991541437188
0.31351569188866735 68.369040595231027
0.24194416661728441 71.933483836993503
0.2271462501370452 76.657095262515028
0.23716149032096062 75.658596053068052
0.30222749550345684 69.880734208006899
0.23898628921103232 75.05478788274111
0.25912180817990121 72.221141721007712
0.20002634249223067 79.165421856052205
0.36349416638070253 64.573301963056451
0.28988576074886335 68.222848233578603
0.27617100005509937 73.248552113353156
0.20381801580486802 75.047636359526791
0.21240028980424802 76.614240100196625
0.33004077601881265 67.798833143262542
0.18241644903768209 84.242796330541125
0.39757354886377566 61.16227166431085
0.30417830882383379 67.674328563493233
0.358875334161944 64.954861832182189
0.37494826142872123 63.889983497648778
0.22291355707107896 76.372137990894018
0.30082350858015605 67.69812687227089
0.2321193178686424 74.681083771948821
0.24947479997208555 71.121398403616524
0.24027101492992323 73.671939304379961
0.20563369774176257 78.399018471052514
0.28130978596841011 74.023039298436728
0.25946063666487268 73.982454556001755
0.29633574544451935 67.977033820353341
0.35733753170809324 65.883773947405899
0.26224232182728985 72.916473730404277
0.25793779593269306 69.389796033220904
0.19726687054470057 79.68419002696497
0.24945839555849558 75.885626955032464
0.14745475715383394 92.131875127389264
0.32983030420054987 66.980638789682274
0.14669149309174212 89.027053809613719
0.1909627364057592 81.706927409583415
0.22264790250505848 76.569095416185846
0.25929833317349488 75.021756527362129
0.27250434798308415 70.424678947664475
0.31623913132940845 68.388133631824871
0.30855396851252392 68.883590374285859
0.24561246311757465 72.305499112854122
0.23128736207250461 78.427590563971378
0.28876320315560594 69.662233853761336
0.26446462546213984 71.72822363236385
0.22493153529727128 76.7779102755499
0.28686055214805783 72.506479124740196
0.45280320282409436 58.281242865338108
0.37790068400417043 61.266858421833511
0.2824772626353747 73.848430521362459
0.23330151483192202 74.506137873403304
0.1985519647197567 77.071105882363469
0.32623475754467912 68.597709561512971
0.19013283140554976 82.921387950245517
0.23578530860901617 76.261673389354016
0.47999768621196848 57.58122233007763
0.39524544353442093 60.918291382335923
0.25082223007058435 73.170725322931673
0.28347074560091279 70.508148582031197
0.25255874396569061 73.379135120461982
0.19800965441577373 79.639650355855693
0.29276795175841169 70.377830937126689
0.30487683298891483 68.068216224388706
0.34450397519779941 68.583045758532535
0.30834168942600371 65.432981257848766
0.32488391986856896 68.156270081120795
0.18856201114237747 80.749804101170824
0.30285588181260931 72.609099754038795
0.21842311103329101 77.984673958475966
0.33203541599216047 67.585345595191811
0.2682750600556692 72.352950428352003
0.21649698161759184 77.712828523328326
0.35660636175891547 65.119645726360588
0.27228249997725118 70.112970529946836
0.21255938257605597 81.082326984190502
0.22456792636193951 76.70821905015022
0.30251165978183753 69.451117339572832
0.31176427622567465 68.925923812212915
0.22202258875668485 77.293783212236747
0.22274166460662431 77.124679871887224
0.23201955786648107 74.64697161469816
0.28776449204807775 70.38149342050778
0.26831601058524579 73.235804189587867
0.20337949893831198 84.227870345053645
0.41941452615733371 60.858807758480978
0.15286427598637467 89.400457874222525
0.31307357656461576 68.519777940937445
0.3746861675122925 61.240829909660405
0.21414201051058929 78.066774748218506
0.2443518318452309 73.895545138497198
0.34084156725050152 66.477433819421435
0.30721865209503474 67.219748442217437
0.35044315090015471 66.795801668298793
0.18940950918107213 83.68321361935584
0.29858041628360965 71.688796618410677
0.28379474945954686 72.786484293417715
0.34080396342617847 65.8669211599628
0.25432159643735669 75.239291908162571
0.29308161614870631 71.715343592372832
0.27986272615115154 71.364755132569286
0.32959864940472405 65.790894746967638
0.21925693844137539 80.886112494179429
0.24732204620515105 71.71681634958793
0.20799581100342954 78.125461259976134
0.31775733950492441 70.313994842829302
0.31631241067228666 68.725423480732957
0.27766423017150732 68.556239692625113
0.27061731839602471 72.826516794673225
0.27583676327069273 68.096133346687225
0.28680616229007871 71.586104908093731
0.28911937250161451 69.763257821775895
0.26153527964068735 74.630108903857263
0.33557639900979691 66.713758157995628
0.23621423937338568 70.055747770158263
0.25153663742952187 74.103691850761805
0.25425821650015712 71.676098825193094
0.27612256295215049 72.13402162879116
0.28190983268606162 72.081154355973354
0.27262655135925568 72.98743303940951
0.19784859011906245 79.951856260258452
0.22896676909091357 75.422518248412445
0.34198200952216701 66.960817113594729
0.2793546548113533 71.795173078542064
0.27564740334052029 72.26341259175183
0.31882043234535562 66.177894722232224
0.26716983673597389 71.022630472427934
0.21437520006954303 82.679737469547604
0.28348741597506177 68.51181930529232
0.2313018108557614 77.041663676441701
0.33395442938189218 66.969416334486169
0.23704904874575256 77.261962014935932
0.27760770552432468 70.845354440077813
0.34846676837372254 66.840278042386856
0.29520715925907315 67.719382288108633
0.28573058455124728 71.448177423883024
0.29070382755035318 69.667608122753393
0.36208593681417162 66.502822427556154
0.29589008145976337 71.548237889084021
0.188684337457768 78.031247037851188
0.2154690202303266 75.931034909548572
0.40584632346412536 58.247177324057937
0.23080231605488738 75.579968603371455
0.26849291185874807 73.285765981753855
0.41056821218114936 62.090757131212001
0.38488561017307887 64.361437589613018
0.23033436823455108 76.253366095499231
0.3047745162419101 69.300582589379502
0.28997355239632411 73.211917645747477
0.29512780670249644 70.358583007466194
0.22839667856262702 77.372169075756545
0.21391354624098774 74.59429524080501
0.29017460701453662 66.327348397400385
0.2618697083547718 71.246607034416982
0.23432254299824659 71.915689257271211
0.26428616377588926 71.850132206255353
0.25927353369574163 71.219869389528412
0.2507329857055634 73.811425645808043
0.2735561527264711 68.894286203949477
0.19863089964618089 81.060288561900819
0.21437632135905224 77.132047013385304
0.27576462992042988 70.194359918516838
0.256344210722249 73.013618265136358
0.29687227287391121 67.287859313989429
0.28331736236714761 72.736897895458995
0.171142357711838 79.286196431254126
0.21849641781439372 77.719341814832603
0.18937942259833565 81.545667048906395
0.31016782691781153 65.744009522956119
0.2827940562802792 69.781497153269513
0.28428004518667604 71.060631648259516
0.352778132137053 64.222897309395691
0.31107315475507535 67.275735943919813
0.26451422296589316 70.66379236498058
0.23056294437902433 75.568350023237315
0.25875458198263118 74.600748409125529
0.24011002190763039 72.149676842379264
0.34000032102020877 68.586748859392856
0.1899373680842161 79.883504776768888
0.33395091654318476 66.433806928877956
0.45406464164339722 58.957010770303505
0.29186578929744256 69.964458785242613
0.21776084317976024 77.441094529746024
0.30304039543454286 69.341811659774436
0.24836358849964207 75.157914673525383
0.27041288824652543 71.320196567266109
0.25194073992125066 69.796566745522071
0.22671679522910726 72.91090900849558
0.25184703753370408 75.945940195436094
0.32119613617634885 68.992103222877347
0.25576443227704104 74.088883510091847
0.2606378882913028 73.593199812725047
0.27881415637430118 72.608625193839771
0.29242589032383148 71.873505340518093
0.28782932967505781 72.467106610613598
0.22100100942711876 75.963493807287762
0.20189706126183449 75.192946596534256
0.23100139529972796 73.521374087015289
0.26652955870752132 71.446019170845588
0.2829425384799516 71.817826955550785
0.30423588046351929 67.965189614867043
0.29731590294417443 66.378466022714008
0.22304066785920668 73.6656254925676
0.30349553451502809 68.089812077876218
0.28107661561789798 68.983116873209795
0.36380324789966983 66.039461277670014
0.26408060297712632 70.946291377466267
0.2735960704590476 72.236087710646828
0.3331976390852826 65.502788075952623
0.33581413119316256 67.134608379328043
0.27808268499631905 71.467717357194985
0.23481459825581083 75.181969446184738
0.23573246820926674 77.147245913600841
0.3123667311514749 66.988421149991922
0.3019313791751142 69.569695074261546
0.27278736634103029 69.142446298411429
0.19428430902015012 76.649902090154541
0.24811957292146408 72.346611224271626
0.26957493354955198 73.140586631574266
0.41251451786501991 61.26870289965472
0.22062680673958679 77.385554655564647
0.2049242862670253 75.24831184689134
0.22875007323047863 78.054440203305191
0.29720420795688196 68.194029012123636
0.34836879881988198 65.722847842869598
0.34575592349203133 65.667357229839453
0.2641910843071239 73.647861034810035
0.27693093918049971 68.831013235117609
0.29135593520465991 69.735431413907875
0.25062037074225979 77.811734739067489
0.36021597557049334 64.155286876445871
0.22432222504788718 78.967758161056409
0.25280504429155282 72.133056582226573
0.34676563639362395 65.802554593743537
0.24373858707832724 72.999699084896434
0.22045339376696488 76.988690527729332
0.21028712626772678 80.138081465211741
0.39025962266911118 61.452385696009621
0.33414349790754905 68.691435579927131
0.38945935890762673 60.936645262672634
0.30995382554914452 68.541440785304033
0.27600972556474163 73.973152234546532
0.2280293938330499 75.552978042669352
0.34318490862129108 67.337053024692366
0.22560236698709712 79.051980074508577
0.30418058916594765 69.48514532904052
0.43866828361383808 60.357831039262422
0.3263340074558968 69.377687989657829
0.34447052403191092 64.520823774343583
0.22563370341410427 70.268441115777449
0.28216995990471383 72.017968125405943
0.21512828338269394 77.674578668982846
0.24212952656076203 74.148958219814659
0.27814163814624343 69.865937850174959
0.30822677001011922 66.687790440496272
0.26296116020288629 73.441778345034081
0.25205048308478989 72.735666806907787
0.40262498132092517 62.318713364546262
0.31174336474463132 66.367160178644099
0.18092746304628335 84.524312715673346
0.21648377075163963 78.198186634856881
0.34970332218501171 65.426351635527425
0.3552206823163791 64.777465773908517
0.28726425531138772 72.449907728743327
0.25808524949481088 71.230577011315873
0.21160432300268847 79.683618307818591
0.20867740237015664 73.668907604729256
0.22750550780352558 73.927741251959134
0.25334715235399624 75.978736310498434
0.31522363552783544 66.413401344132055
0.31292272975445623 67.223685772741661
0.270076793370159 71.000557261581449
0.2979184045892222 70.466470222247821
0.32019776620158902 67.161730586120072
0.33590819897564039 65.092891079384273
0.29804275148091397 70.965114169173944
0.419672213415409 59.3262268836394
0.27374042421413819 70.668120189283414
0.18686072733226478 81.021494544679399
0.4097459074374073 62.014535625482587
0.20423417657700488 78.028516187671883
0.32933330597251154 66.867014961680454
0.34572045942260793 68.518338902625061
0.26014501358767922 70.469554302483488
0.32155369981432147 68.910868798648451
0.25879720888915941 71.584223856207146
0.27204788509401512 67.130168565260064
0.35501040835409997 64.769728639311367
0.31270454512471413 69.976576266885843
0.40026748066668527 62.947019959577403
0.26814801390731119 71.618441932628116
0.26681953011679133 72.19932909070738
0.32469492741286626 66.237918987059643
0.30006235834377532 70.155939717488025
0.28331560848092879 71.536613305616669
0.22063205119654272 75.528114786046672
0.23796217203936321 75.513588808281185
0.33518152202534435 64.390827145379006
0.29319620504841876 68.588819091917173
0.28292175966944488 71.403686833154666
0.4048162001813459 62.435457731149448
0.31671296417773659 67.20099998044067
0.25599889995563829 75.196144263101644
0.30689708073920036 67.972824719977254
0.19046570763971216 77.643114964080326
0.19833993936120484 80.926348527035174
0.23853777641598517 73.323773442817213
0.20819958999707808 78.493635657809222
0.29670366519918351 67.530205987049754
0.1981663048029422 77.99159787468777
0.25325505288031164 73.121185585259383
0.28518279150149628 72.403744343578268
0.34337694060522972 66.131406376343136
0.35216695270401077 65.938137330324253
0.39947976496738341 63.463812718933539
0.35552917644585397 66.767316950369818
0.20927217323130937 77.410338400441518
0.23825471939623202 75.144927989684177
0.33026090953535825 65.814044980457126
0.27573297609883129 73.288672870626996
0.23605826948576314 78.780627493288634
0.33349781984555998 66.837422023146502
0.27095360668967589 70.450501717097666
0.29537728979774974 69.263822244664183
0.28868284987383624 71.030142154249816
0.26376411275841782 73.907296255692501
0.27839416815270474 70.81860643482851
0.23259257222131485 79.094715443253605
0.21455191940196877 80.766942347331693
0.32613876652961649 71.699254078762763
0.20626995235198906 82.61288679789017
0.264973551783941 72.593739527887294
0.27297099107034345 70.467673134592133
0.26184770727496093 71.971116479334114
0.31075709316631933 67.441969121296111
0.29503032442453642 69.966021106525702
0.39524442667894377 63.46776251563589
0.24835485906148225 74.424241659994564
0.39544434756361346 64.322402900086317
0.23826626791689534 74.907767357522886
0.27414209524816308 71.554725156255188
0.3668715732641275 61.151010682994425
0.26192646553376447 71.03742327930803
0.25634365660438374 72.795674283075655
0.31529472819017235 68.460449414312677
0.24975165745307451 73.99453402193457
0.31188921514346668 69.349937229058199
0.19845504642380274 82.568885164060177
0.29969467186830029 67.479158056070474
0.29188183177529686 70.601148165980916
0.31931109265965013 67.39947123949284
0.2111855887743789 75.980759526947338
0.28517571513026024 71.073260969804664
0.23530190929028491 75.246671546407143
0.29769815206873257 70.001199844208571
0.24138244523954266 73.881899511106667
0.31272126918908816 68.253360290340538
0.27464732203189873 73.159389539863042
0.27276056148048183 70.766592600827636
0.25558457953423047 74.546195049137978
0.23434539496855303 75.861409567380761
0.22568654802370444 76.399583654676874
0.33190260539206784 65.083123713572363
0.26437448648653861 70.215997835991075
0.21614747694345512 78.272202238164894
0.27631987046983347 70.119047276222275
0.26583040336606473 74.109978117509513
0.20705211691374831 81.282552112615889
0.30717523394087859 66.665869861562143
0.29176939882812636 70.959719500824747
0.23678148266554702 72.361744041740621
0.37444401462289539 63.784847801515191
0.23357279566991848 70.151866829560035
0.25911427152480315 76.189695568447931
0.27129691195162553 71.575373995102055
0.18437373417600528 84.240217129160001
0.36255501818306157 63.599550898236387
0.32634966772615853 67.557442266600845
0.22492493557716817 76.901825149592725
0.22963382096929702 75.388316666862579
0.3306759362184708 68.000018991788266
0.29372124786302306 67.60517603733939
0.26665307758483842 70.7516973840074
0.31779241659533985 68.501111658795182
