# Omage H0
0.324423299346701 66.661148723413518
0.26313132487568808 73.46330132135158
0.53409490640862478 56.231389063738312
0.36140212246694625 65.329258402310998
0.30349564872970547 68.826211063298643
0.28820856017674229 70.759677803495862
0.22417330581465023 77.723562726877915
0.38157998352780947 62.643209822654633
0.25219448683870171 72.931232982181001
0.29802739641544923 69.912919724465624
0.19279491651963696 80.448243036921212
0.28950955285091984 73.699898082253497
0.24768143511321081 73.541993411499746
0.21783456749909311 80.188479980846253
0.28844528786529006 69.475624374406408
0.31195559955606256 68.96237529807226
0.37522580553474794 64.857021083305085
0.2176625648535481 78.541231876464479
0.38905815489406975 61.737727096984152
0.30968046548369099 70.419508982962313
0.30781711277660379 69.228798153252356
0.352715712612652 65.883592893553057
0.30537375313110854 68.813808047937258
0.30709890609689328 70.988433033950102
0.27173659316988502 70.778911016274449
0.29429415752693389 71.954583931376931
0.28815118615002833 70.178015089517118
0.25731161926863894 74.666412877137631
0.31767235253247489 66.493377918702095
0.48858795008166173 59.042030074929706
0.22902161654991668 79.613404159354218
0.2947302155026873 69.35958009058723
0.26472524884960213 73.354116070192461
0.23086745187249758 75.025088462354617
0.29836434457609085 67.284622109439624
0.29660290921988985 69.993877199500488
0.2716361212895626 71.201774961387414
0.25569189311129376 75.065689797800545
0.25799591700654467 73.870930065855617
0.38539519643035708 64.693258804506925
0.30032031799925585 70.235316157471743
0.20873407787626966 78.933445648326497
0.26287053831171081 74.951166270039721
0.32111291937165309 69.002843765557714
0.31798501442919008 68.031380355845812
0.23538112585800308 75.474293659049636
0.20265997346024178 82.098335419117703
0.28165117945231993 70.28382980442565
0.33511419962522382 67.762605648860401
0.23272369285202429 78.650452417339991
0.22362215958172324 76.74390660058431
0.37199202839166939 64.938118899205293
0.23990059051248491 75.808019498883652
0.27366163726557169 70.770757070271841
0.27377721071912331 71.382546298806972
0.242428366471417 74.516400932208512
0.26019764877570284 72.42690626769668
0.2182196321011115 76.880163357565038
0.29760241973330548 68.791756368313571
0.32871459725921631 69.405983935011676
0.2905839242645365 68.256197400903972
0.29515412240083233 69.622243204500279
0.28410095010426278 71.600846555043759
0.32763530916872141 67.726981586672494
0.30446278393617826 69.780443754036853
0.25605851429503551 74.073850347332169
0.2804662390716357 69.844208370206033
0.18271671343369125 82.780497361757
0.2668470802937743 72.079220464727939
0.29518754565146332 70.141369213728439
0.23723101794569709 78.309051975403804
0.34271121035756524 64.503093386807819
0.32566475354475827 66.00481470160139
0.26268002238528226 72.148853974125331
0.23391285556559649 75.238913948362551
0.28162557674329625 71.098687944685281
0.22206982885198115 78.177775753629348
0.38453994332452335 62.526332258608576
0.2796357875171977 69.17866359934601
0.19624985589575319 82.580929428581868
0.41729094331789413 61.073460262599767
0.27948599668394242 68.936032266952552
0.3639845815102033 66.564995847813492
0.37296186696151984 63.099772642423027
0.23025774727824211 77.425054143932172
0.30737231276823007 68.472278231604946
0.28700767397857146 72.68227988487024
0.28904151262891287 72.025347828009458
0.23726997683432208 76.904650401441373
0.26040757417252269 75.52721900660751
0.28833304260682624 69.997874454973129
0.27177985710915409 72.162500439713128
0.28659303782027529 71.119345437704581
0.24591668128107302 74.48147670528887
0.34931130792357734 64.525909221997864
0.37618610745591485 64.603130948775927
0.24469368140564315 74.465962927417777
0.310683199092188 68.472044858398164
0.38089951684879947 65.348404747186962
0.26354311107563644 72.49759317463608
0.27644541641693438 71.640969277187921
0.26722868915460962 74.496640711572681
0.32862695537317671 69.440039723254344
0.31090457020740747 69.723045853247228
0.27874567532472655 69.034538499978652
0.25580858343308871 73.014924862877976
0.21949305891994603 76.588962981946096
0.23187247786624879 76.014130703798585
0.22643901829107838 79.549863629893679
0.28671097192729866 70.70122302070304
0.3239336019637899 69.600030136026405
0.36346082825015752 63.596199594226391
0.26926059507605854 72.087492519028373
0.26886945335826168 73.143255857209155
0.29393214264406864 71.918468607982589
0.2206890090610599 78.209416221543378
0.28750211220076688 70.238775410330248
0.32897692304291054 66.848793000042861
0.31533782724776827 68.394281499461641
0.34514083284497227 67.384609963404557
0.28177091393325587 73.680212012035369
0.3002225527481211 69.833126008923401
0.23463114544206864 75.866170008678083
0.21737439871489639 76.823368225837356
0.30083814505580686 70.915068587808761
0.30023135534017903 68.681748252126368
0.25548796308562927 73.69801157065443
0.3150462798651934 71.165031027408745
0.36982954691662667 63.373920072318896
0.26700010499690868 73.821150071056181
0.2909284359006481 69.989281402801439
0.29476620204671916 71.199984112716919
0.29697773784992743 68.061016381063311
0.21282382909715489 80.520682355836925
0.34178273935706116 66.097286836041079
0.2601943955319716 73.750758892592714
0.27931131736215076 72.056127105710303
0.40845418234758069 63.919076913155962
0.25660211518933551 75.341758803595425
0.2586775953781611 73.335378322320324
0.202400614469117 81.702423340462829
0.20199070702956964 80.272467174743582
0.24999872362247136 72.600927712446165
0.25888849903016309 74.613122304757042
0.2585033324976711 74.224729631462779
0.24350020161392313 75.059560924128178
0.3336099696636543 67.841352488545979
0.39642390303761432 59.133631323575457
0.27097719501461692 71.694373185358472
0.26749880611289406 73.435489475390199
0.225989564819607 74.565596828097298
0.28697798652310758 73.104904430483003
0.35253016630611395 66.593560929362425
0.26132407516355111 71.429708884614499
0.27288671907635931 70.010784627679243
0.26286852723990978 74.1994344701925
0.29418903874985997 70.712696797731866
0.22559471775242965 77.628125020642187
0.30902440871346593 68.340412729186355
0.23388136826471315 75.990241578285705
0.20200848171881203 80.902052295171089
0.41360430107248092 62.496342172938185
0.23646092547477091 76.103606356739064
0.24015560569931332 74.640740976325773
0.27962299035705229 69.287250154202894
0.28566156552242228 72.565073692073838
0.27148541274502597 74.667121329872273
0.25988758877611873 72.908436560359476
0.35611740402115999 66.12053903427028
0.26084988737685272 72.968140235121922
0.33687840170495637 66.109516145459892
0.30110210785074332 71.031803683056083
0.30719840480916161 68.850752866436252
0.23887190777029119 74.214513839956354
0.3017879757910899 70.853895558684172
0.27298603075006728 72.660015316181159
0.20376811771875655 81.028344825077241
0.28293737792552837 72.780814271176254
0.29174224305535629 67.477233951642717
0.27314421634192165 73.180452870763602
0.27621677052902455 73.276870396343952
0.28155120512144416 71.915328047990727
0.33551066435371518 68.204755518616054
0.29340596056362367 70.325592961925778
0.34876525743247611 66.1158963759502
0.35353735139047154 65.538187824910494
0.36058781495886677 66.888271966590551
0.21650389980638413 77.569692991136094
0.2749049027176344 71.226986498160556
0.26905494174567168 72.879049253547123
0.26020140518920309 75.395105008763295
0.25124248314314995 75.147276653080425
0.28056282271326793 71.37559216622688
0.26513369173638129 73.430136120660549
0.23425250467221811 75.577624773377281
0.33460690765845735 69.050228947125447
0.30501170625198054 70.15903222232707
0.32499530438563773 67.957877632613432
0.21113027175012683 77.193647736992688
0.25739114978453131 71.504485778491556
0.2574714998410938 74.255912568568547
0.2557094933794839 76.003914930543772
0.35360778353140704 64.178362342591129
0.29667714768289066 70.915773382586011
0.23195884154515384 75.953440027757111
0.30983050136283269 70.559405678230348
0.25649819372854632 71.586694207037354
0.29103703779075996 70.955160911390834
0.22176297247455093 78.406752013286919
0.26938071306131045 73.266547467560073
0.36836813764527904 64.982835921927801
0.2305578938781456 75.414841420243789
0.35075300042041796 68.058483817019834
0.23722259401223394 71.770900657328767
0.29287231156580612 69.883564369495872
0.28400636328631856 67.590786745551981
0.32126330937566683 68.176543180793558
0.40795721255228728 63.197976221052713
0.26054218010299618 71.224740447665155
0.26697231386432507 73.059123472841264
0.29805197135731309 68.916154984601647
0.26982100748798032 74.346158914548894
0.31332300314774092 70.934697624017758
0.31510132301555793 69.10515872566522
0.32193721740831427 67.833605107918743
0.39567611304701966 63.539296570544323
0.26028289071665295 75.047672575278042
0.29598323247212383 70.159862479010371
0.2681375129054237 73.920007815137069
0.25375216961266639 74.212220189052445
0.27108365734806344 72.509863503121451
0.27009122482154219 70.751800803287566
0.29204602168982552 70.877743833203681
0.39925445456115277 64.497716418302645
0.30895639464197372 70.151518674823919
0.26772007298408013 72.189851061523768
0.27042407290293446 70.944037619282057
0.24740277304823421 74.058047110910991
0.27051581269448238 72.596745625415522
0.42083932674472824 61.677860344648465
0.29531600721056661 71.65178282955533
0.31828464683932767 70.125041945624957
0.53451256739262998 55.426151247631061
0.32046157922633184 69.146634410431332
0.28502468153091304 72.180815546844556
0.40006474345970505 63.083259222673128
0.29003719067250355 70.057026625806685
0.21005559658842823 79.342869623444841
0.31836424987480688 70.071625842127062
0.26347010759385536 71.606661436052562
0.29817679726722407 71.030705668916127
0.21384577227711304 78.377166094883464
0.28285556213343466 72.977683339697919
0.31341287255687489 68.092676079063679
0.31699780443903303 68.913038059258767
0.28457082890198715 70.622804009467401
0.30674851773498019 70.009450971136644
0.21282847801948412 78.075300688091886
0.24867557166444679 74.077205847824018
0.25865419132419865 74.733626431738955
0.30010661294341484 70.049448035061829
0.27929942214633663 71.540247804873232
0.24890821441970498 76.576702939753204
0.26794451411167997 71.685963301559909
0.24620590097800013 74.030805915992929
0.27451503495393015 72.963619672873946
0.36928994130997245 65.27236136425384
0.2982399287942562 70.341267641568948
0.30064958196230884 70.142707773049622
0.29673700538122483 69.301690831932007
0.28947368875072749 70.804244593552511
0.33721374247136304 64.142474422629022
0.22489198070056929 74.614118530823689
0.31281236711319954 68.094081557761115
0.34444623805564289 66.167720379433888
0.27323785527127187 71.419286931954872
0.24054851285230697 78.213247557706921
0.24476654861239017 75.571904515789186
0.29881666216747338 69.633313102506222
0.2883240919925063 69.406451394055622
0.26912699682772867 70.761073054045852
0.25366316677701617 75.397054764707391
0.15838846999991388 88.734101570173763
0.325045524937356 67.712612198473494
0.2763965414925314 72.202477447282803
0.25591273533426023 74.078020816229795
0.3745962639810444 65.622640696767704
0.32808533422355951 68.202704808699934
0.26055610859845546 74.404375006169701
0.34034467630655019 68.14117013424675
0.2963498107654019 70.812760601143694
0.3023155822580722 71.712300257867113
0.25197164426372887 76.108641138389856
0.26396037685145135 73.630393661088974
0.33838762410956086 65.766053492924357
0.31579979362197019 69.842264656979467
0.29984288300575612 67.970904329689603
0.25130039112604358 77.390901366901431
0.27566180231083065 71.727094425518871
0.23752213966308924 77.806846531224565
0.30919653046626466 69.365329536991595
0.27936733500736344 72.993202687325777
0.29548661444924573 71.835080161330964
0.30791514314518936 68.097723914063195
0.23115941659281919 75.593707023971533
0.24465754563123654 73.809761284495778
0.21708175527411494 75.213523672420223
0.30058664905109589 72.111606371246523
0.29173786391480377 71.925411567407949
0.24279406817065538 77.623920138129819
0.26932838847772894 73.549634460288928
0.23878825074165713 77.34624635000992
0.26782728396034 72.84409802494072
0.39854807827746941 64.39017172014151
0.25588189233055153 75.228632710714706
0.2980998549332991 71.407118954175829
0.24797844120084253 74.627448126569035
0.23948140097960322 75.946879933313241
0.24004309429961837 76.097677750966199
0.28295738126357728 72.181666099253192
0.21823146792180936 77.431705545317342
0.24606945740919889 76.328169749725873
0.33586440928120403 64.978148824449789
0.23898407971772936 73.054156553242279
0.32341782430011251 70.167286438448812
0.19868257780957635 82.729687012000042
0.2482512662421297 70.920714244038663
0.24421291453389476 75.248435003986174
0.27432590039306387 70.346031467681584
0.29529918573800445 71.106281481716564
0.19788937879378332 81.456761368588644
0.29455079510265508 71.110712652548827
0.34012080790500776 67.431511314714356
0.25183457611695587 74.600386757235796
0.23869037478271946 75.274940988559877
0.32361155220932075 67.946033275860742
0.38000479098101014 62.469796212136842
0.30179505888049296 68.957365651843986
0.3124782486393386 67.816613765725435
0.29820167535126502 70.288290418329993
0.25473028299073758 74.683727355739592
0.27289729435191185 73.166427595695268
0.29919544003715548 69.87095068556134
0.23282075037690153 75.100609970543687
0.35243449035211705 66.494128802469078
0.27366918146461128 71.739803262038066
0.23916786326318693 77.453975388573696
0.27626824842637809 73.83616282417934
0.21616749113468267 74.758728969105363
0.2886431245790993 69.932196810671655
0.38666851242859274 64.540389375790767
0.37740337287290177 65.740830414209185
0.27557220716786152 73.021526108510628
0.23777137629986175 76.397141989297495
0.35535790350463059 65.912705597977506
0.27916916325602303 73.997056422129816
0.27393948416587882 73.01236448340218
0.27559180906347258 71.25945878370905
0.33949060650550894 68.228174598080841
0.19509527142299377 81.844888869066395
0.25856546809334585 73.762378937923572
0.35779881999656021 66.843755541865647
0.25359380365145917 73.691681569357996
0.27700665782031852 72.423931223260283
0.23532001888509455 78.060303979658329
0.29110303649058761 71.477787605767929
0.24567298147808933 72.925766932391724
0.30136101801256965 69.134070343798612
0.22996766181125122 75.562294646506004
0.26951486959807075 74.665669148593921
0.25160566312505639 73.883407531149317
0.26645020767345401 69.608151460006553
0.21866257778122736 77.285771962437579
0.3764938940109796 64.598870971960665
0.46916421870314634 59.10201517516898
0.28540398619299279 69.517371611093481
0.37670953952169517 66.943375799992978
0.33372018073280707 67.816119777982479
0.29560766108956982 72.072977555256045
0.23417862012820836 76.433152409791887
0.29558984085181156 71.694959981271694
0.29474036079268601 69.926265676956078
0.37415717971211732 62.941218782698868
0.26940175333570804 73.87484585209026
0.26498901263978741 73.253352392783668
0.28596685082789253 73.271704390057309
0.45924021237310503 60.475682728854409
0.34590179663149229 65.565504448751554
0.27493358563007525 73.774708499672371
0.26698269318331935 75.648647506852541
0.3567488889037233 64.856277164629205
0.31209942540561308 70.685089188247588
0.25363562108456111 75.39319803619685
0.28637461625290933 69.312610784897245
0.29930188450548273 68.895795757563164
0.27417899208748719 71.93155751903204
0.29853697371376142 70.592943198051501
0.24073124953155062 76.029053784808951
0.46157906742699728 59.47189672243784
0.21021552017374784 79.019448148537663
0.2759501687346641 75.228670181363825
0.31157483360808091 68.756658183228453
0.20010864410681686 80.890769041001263
0.20804410439498677 80.594075203935134
0.28238429132871767 74.148491222618702
0.3250205003557729 67.527009972189163
0.25764541478698877 72.404675566934529
0.28147277750492233 70.033408951339155
0.27311804443888021 72.550956201404702
0.27827761435011 69.888209041935085
0.2753370688364673 71.860361717326057
0.20009293347072399 80.3096114481435
0.25917254432875253 75.651068762482652
0.2054834797674682 78.549813329995601
0.24048641761856013 75.630757444027722
0.31489095524274169 69.442741894438925
0.23085769533862247 74.671882329806962
0.30275825107933568 67.030881025458783
0.2619489459673397 75.329003801650757
0.29258729996928989 70.688332109572741
0.36512492621273568 64.691007103719954
0.28974343428790733 68.545166852896017
0.24020748078251569 75.961468720305135
0.26656368294845284 73.478793282146967
0.31457714196546965 68.3782042581621
0.26979404068646645 72.859327897589822
0.29294467783208761 70.820088791378112
0.29055002793344858 70.799442503425823
0.29748176312863961 71.115937100288917
0.19945340472827713 80.32538017784303
0.27041536910061037 73.213867908533629
0.39526745367459981 62.940058498029607
0.30481601826848292 69.021867779886392
0.2566334130574171 74.341340170006305
0.2534817630346991 73.719510638154688
0.28736066276163058 70.922197806607002
0.3016321755355878 68.70466397810246
0.26108122792137439 71.379673458083531
0.21236778482549104 79.040332523869893
0.26052311003125106 73.06101099699633
0.26174081057768694 72.806766764972409
0.22239229303302108 79.016213933303661
0.31783659732252589 66.488619955493689
0.29459371175768573 71.04672757937459
0.30085903144029352 70.765741048143781
0.30998579202283433 69.54274783382958
0.2277915293538946 78.864569027527907
0.2964766970129481 71.579220675565892
0.32256417845294966 70.059591742619133
0.21846550863929762 77.770567862117673
0.39916899914661641 61.265448029431781
0.31572033546218692 68.786312033911656
0.24400603422573935 76.184257421792296
0.28287086642861686 73.728317328921079
0.37562956082843368 65.024597012549677
0.27442890472120385 70.678937419662034
0.28127248529296617 73.164743359344342
0.32617885060467061 68.55667252837253
0.3344957703613608 69.290699020398904
0.32582130437820661 66.6135927549211
0.27138788167236871 71.542091945555029
0.32827172559147549 67.02927897147049
0.25118370658230527 78.313743651886384
0.2555598794013143 73.766742873166152
0.22948692306909763 74.792442735018824
0.25713066488740088 73.07447677153975
0.36948495982210072 62.253861350490666
0.32213513729714033 68.177116215580398
0.27408123460203881 72.279620109023071
0.22565820523938274 76.12694454459637
0.22503433766695105 77.166374298521717
0.32118620340006193 67.430937941087237
0.28552504877835172 69.958487274257436
0.31598982593154346 69.898866625584944
0.31324888525461914 68.156115275821577
0.1801883445269816 82.883421110550728
0.22042058119547725 79.885386366046205
0.2902064072427179 70.582041360430821
0.29483596089775382 67.676884278662143
0.28901487276398685 70.410660522238871
0.19845326980989536 81.921251475743006
0.31755643961290098 70.445652238384326
0.25750850760267091 76.130338102289443
0.25102188934596242 76.048874524267362
0.30031035029019232 68.456224524384425
0.25360527440436231 74.161366001858653
0.45127028760586346 61.291527720976497
0.2840122299491365 74.037417875844909
0.27774430213405238 69.528373626726719
0.24087827591722569 76.398289005980189
0.28550676191211277 73.335362327973016
0.21752721397374167 80.400989242175825
0.32574279403880591 68.017147246791424
0.30329458517055147 70.881043085157117
0.29201538110796149 70.684172539134664
0.35036837173371749 66.966024195224847
0.25248254462920294 74.233268711089579
0.33830363940126063 67.276740410512275
0.38509941153824534 64.003492148940651
0.2323829271860833 77.698180697999831
0.25166865272461453 76.956767592122802
0.33325168163482777 67.514581610781875
0.32869164664441619 68.136676515678374
0.39755797789612646 63.252811171863023
0.27229760311143758 72.244681624757206
0.30289053687809736 68.939857664067134
0.35882945407062217 67.274387641781729
0.25399790709061432 74.495410099449614
0.31031881267215977 69.419965990658739
0.29668910273030402 72.264514174418537
0.31364308235769883 70.527616913369457
0.2979738182830805 70.741932981192036
0.33106637384540771 66.350404758194955
0.32274127013933301 70.096342785009313
0.23253845309389964 77.770785125943405
0.20399942132633658 78.317843486531444
0.22810832547554963 78.780155800123239
0.30076163442333931 69.718742399775948
0.29727747465243637 68.843493716909848
0.23842925954300712 75.110657449937349
0.3316572020149155 68.021377536598536
0.32987227752915987 68.834579665286668
0.27191278844047939 72.051319637865618
0.23555897504037068 74.514269177448625
0.27935543725853063 71.898319422401457
0.35068842875700906 66.888205327797777
0.23427340184406861 77.827129005315783
0.35412603901547307 66.77283798956644
0.21231623030104874 79.467202572063485
0.39661681307571089 62.341242914052323
0.23882200667551423 75.680399875466492
0.27872584441359238 72.448430985258327
0.29347774397898935 72.415362316067061
0.2707794872095014 74.330570400766547
0.25614484926336806 74.747063428140081
0.23842107626196618 76.169563075421536
0.30630592981844312 68.946328645671201
0.2532280019063613 74.275516227027765
0.27130871590559036 72.212569131080784
0.30992431780222052 69.959530845969823
0.23162907256378096 74.744646909769443
0.21122264961977777 77.215655571181429
0.31099767143329848 69.110729054531689
0.19147473018622205 82.76281410769279
0.20031005751329725 81.831964440264755
0.22138460315025296 78.482382955492369
0.33625801218100443 66.783472070946104
0.2849568409414136 70.648700917454519
0.32886562648330531 66.792901895399623
0.22979071648968222 78.807922103949196
0.33891621353997636 69.28790206510584
0.37223286879198775 64.520143123834387
0.2481843558361343 71.955144964530461
0.29972104837255908 70.576226291274253
0.19972561803800062 81.96291510186667
0.2893015458120819 68.750000301336854
0.33930271657720379 67.484792812330923
0.3442015809777248 66.658502586629695
0.29062088423025451 70.298571424782793
0.32012364566600593 68.857762997023684
0.23411073350573938 76.910290386814623
0.31072735940806218 70.054464386013819
0.28088146203488656 69.535187507367667
0.31057339096791614 70.411638924801295
0.2923377060159551 70.298676979968803
0.3271176433464551 68.178298622568221
0.19953943539342839 80.102904842331995
0.32506680114241382 67.523727683532741
0.23357095678162565 74.208248754240955
0.28011854234316952 72.739205068066354
0.27096045739341562 72.393100278306889
0.24358235514891166 75.785412861619633
0.26144494255476702 75.062028332024695
0.20761838214872161 80.677587353744656
0.36049942425317805 64.832533769943211
0.30878205499238182 68.882182635999456
0.35420719412702412 65.351764760908608
0.29492452699486288 70.340964687116653
0.34302761798422443 67.858452732971998
0.22251471514313356 78.330039104954892
0.23424957325176513 74.742497852779223
0.27575397417178377 72.039774455605652
0.19678663822911596 81.556986393377613
0.31339726331858553 69.789079755471562
0.24868096760942818 75.570341786174438
0.27477325600647479 70.717562874509085
0.32058666202608049 69.087594109929171
0.23314988938977971 74.15918957663024
0.22726143299580484 78.973399247636252
0.32446494529852682 67.682993159276222
0.27946342723067674 72.264612212141714
0.29320069496251033 70.327385311586752
0.30984593516452769 69.469082651156683
0.38224947938546672 62.993050024443086
0.28447460887544829 72.811015162498251
0.28971209546073701 72.644345786512915
0.29270955249902864 70.966300308711354
0.2176803009132271 80.52632298584814
0.20796497820848825 80.118899007963691
0.29414033087763092 68.866240887949303
0.29497544944499093 69.499532172226793
0.28080971288985873 72.032480366283039
0.26587890999121938 73.235237357491215
0.35380768966346327 66.083017367259671
0.20493272926488304 77.690700997816009
0.24003723779904526 77.399005758845519
0.30216440569834085 71.799576427036314
0.33720299063522613 67.948054403865129
0.30036381126462519 69.131051277114793
0.27927113119940483 71.214649295450513
0.28739907034000073 71.434212908559516
0.27467382797688616 71.768939053970655
0.19210962770791226 83.338891078924661
0.26268136793568536 73.88110028993674
0.39775042479226008 60.913015426500472
0.33790564485802216 65.368299599098719
0.28358444989899451 73.027061220190376
0.23488820072497238 77.753098817820288
0.3106401008245836 68.813029041800235
0.28714230683965392 70.069051261777844
0.27494379965688814 68.053097144105109
0.28970903835093798 73.217070367631351
0.30947678516947769 67.117200869886901
0.27794608850326807 73.375968687531028
0.22263659610666056 77.413633204338268
0.26466172347760791 70.597214598473229
0.27541929888043942 74.050373526342028
0.30734289210025234 67.351088494374807
0.28264504322518014 71.130765035559364
0.36987077528656237 63.425270746971933
0.2537048387410441 75.086903886269639
0.36603996547708983 65.436693223285175
0.25319816810412232 75.345723896993405
0.28412276629641942 70.949976256386336
0.27367425211605806 71.759421517345643
0.3212842225291222 65.509160451271882
0.30013460684482557 70.335439453601737
0.23470247712155731 75.615914317766737
0.23344065690526858 77.467470858490572
0.31888487096929136 69.666754455246704
0.18117651785682359 87.37917441353764
0.28360976859137338 67.697549537921503
0.21411042090547572 79.81224813200491
0.26262345824434996 72.430643825314419
0.27363217942904583 72.401111290301415
0.28746618091599263 69.803560911711074
0.36684616711865875 63.201783649862953
0.25436748658804087 74.867485237410563
0.29955770724263281 70.504792209113162
0.27504404552541051 72.260327452794783
0.28416408884469468 71.717907053495892
0.31249803335358423 67.769932892432394
0.32074626836821196 69.790014747769817
0.23322602160846478 72.405731425854825
0.33006404638366232 66.214434773818596
0.28782407348120864 67.961556683732923
0.29067416884663855 70.178618592219436
0.2207348502923879 78.105450645455306
0.24308191462364978 75.136013002983447
0.28867826543503577 72.88126626845515
0.23166160950572812 76.288372610107231
0.29181091896864225 73.48347069422924
0.25040481368460021 73.781020130438378
0.2423809018408174 73.58052540878839
0.25891379948316506 72.016228662871512
0.33032573691216438 68.296079393174836
0.28803109478217487 70.119550415764749
0.31020879340572444 67.551600445926539
0.32311802716369453 66.943303503859894
0.30765078730950546 69.474461336023481
0.33943149291270852 67.850566083848733
0.22696589658048921 79.72386973015189
0.27000464558470721 71.05044619458441
0.33780157928411664 66.704407086577675
0.2713330637831925 71.765342101532141
0.31368405252226883 69.170267310235715
0.31835542488907526 66.893817305973499
0.23367526154212342 75.96559268643486
0.19882483261269968 82.011500640211807
0.30216971433795653 69.158244271085152
0.27189255885220631 71.265273036938254
0.27869439055665329 73.694937952177099
0.29035826885723337 66.216061323190473
0.29705753421373082 70.236025474211644
0.31799026776506006 69.586720689260034
0.31644488731184567 69.446724971053982
0.32560433228258095 67.363657259217376
0.23958781218917069 75.427587955032564
0.27834542638489429 71.996237380071321
0.32882474074265944 68.695905081129496
0.26027196282205484 74.183655123238438
0.24600567435640705 73.694866813637205
0.24833373173023551 76.094333419631553
0.2218561145102656 80.435329480624432
0.25651584159517776 74.889340373180573
0.31836037997994343 66.596264919429785
0.27968193437538263 72.130888902238183
0.3133779271138824 70.404820032732104
0.28749477866482698 71.937290020948026
0.30028664133468147 68.605586360269655
0.23506387863967573 74.062581753477772
0.27832590251248623 71.636162309559367
0.33121363626179823 65.93454425576293
0.24164072602994921 75.486785265184537
0.32686401970614576 68.579730059333684
0.25973750913045568 75.973607586347157
0.39987957005176794 63.887653923750989
0.34779029510691672 65.415603955865691
0.31922823759842001 68.499299499369883
0.27196959188292474 72.584457271816092
0.29614232303288701 69.577541632117516
0.27984464354127647 71.261310564672883
0.27768990892140266 72.530527241700881
0.34077038420651057 67.413513048001519
0.25012789492146714 72.976370973623276
0.31750749211242546 68.430912373567082
0.29081361041798115 70.594069459879179
0.21019608094527437 82.133650171876425
0.34441529079317246 66.03319938874246
0.30704075662878988 70.185464673785503
0.33537648817248422 67.315643214837593
0.35588246460353157 66.090712103649835
0.31557578002765463 70.610180096995407
0.26813533323602712 73.063630696840463
0.30606279695703609 70.418151063812118
0.33495020500201894 69.014117493336258
0.26532792071005323 73.80613625191576
0.31909543768639859 65.945829360964126
0.33592067261933128 67.329896724132041
0.26956143214739164 72.138795474439874
0.32332929083423123 67.129931103671638
0.26752874259330117 70.575732575596106
0.35859840841286816 66.593418809281545
0.36029817468080266 66.935213758016076
0.32911341586795584 68.741544124225385
0.3182379648476879 68.410719704604105
0.23764770444874006 78.527473571152527
0.34760582950639179 65.822384192674164
0.21540447698323698 80.243078641766431
0.30218749844421172 71.608705819385079
0.29413480950479848 71.491341840024617
0.18997264456727889 79.413821769641672
0.22553222520223351 77.271776569947619
0.24729996517636618 74.396767308352324
0.26538515513170541 71.70728366436019
0.28123402447250645 71.295639281496747
0.31098622761364642 69.181287012308374
0.3660213098921612 65.803856257608388
0.26298009377398346 74.267161328347228
0.28362236186204864 71.285237324481358
0.21788030142718481 78.578478053634299
0.33320783851664548 67.394553709720753
0.2429645713599016 75.91000768231585
0.24164058973068625 76.722811434450421
0.25280689866005368 75.483797458268484
0.34877977548904721 66.18610035358472
0.24525514489627623 72.904367542265334
0.35931218659779568 64.840714181756965
0.28089143615960116 70.81999977128747
0.24909089392090369 75.672486431595829
0.3638077280926133 66.145365085426135
0.24066512002685261 75.652624953569557
0.19896076737532165 80.356050406042186
0.30809380529434055 69.149636837148634
0.25339091183014895 74.251109524523244
0.27032829355330218 72.797195660281005
0.20427797938438114 79.999944195396949
0.19324833316571471 83.030398069215494
0.32526317895557005 67.988589438614625
0.20459906037493522 80.320058331420384
0.31520780061556264 67.556050810707021
0.31377755044932537 70.673576716345707
0.36793192415804893 65.8214536238292
0.21325737308981441 80.216120943340783
0.31334381670092448 69.707378260681637
0.2814858298915161 72.743584794686797
0.36723687532208171 65.830076550328656
0.20804288222045275 83.327042645359441
0.26602469232183745 73.089704870441054
0.34767828531475148 67.199310289360056
0.24274206927551367 74.888665552636724
0.25077224393576003 73.715783040062561
0.31061386995557894 68.057786957194821
0.28421707816844083 71.246685777723926
0.18648215014239086 81.933907936322484
0.3370197697248456 66.972907729245321
0.29098686260639034 70.443664505681937
0.28061309502825055 70.786296405239781
0.32459145037640263 67.242449176311382
0.22298512841010162 78.35190741213259
0.28151218986895743 71.429149493932158
0.20472027412981295 77.062317050802974
0.28224497581919916 73.997416341571906
0.29296423136667404 70.945170112971496
0.2323999898020834 75.099055258148539
0.27624417995298139 73.289474396929563
0.31188275728706816 68.356769819306194
0.31514850369597786 69.772456064561851
0.29397453626078923 67.328077618323931
0.25600292598041574 74.433443023288262
0.27420802338607048 73.022338638839088
0.23147358056092485 77.452383173611423
0.28474413741701088 72.698671312807875
0.31189820330594703 68.491084297153989
0.24194695270433464 74.96194948386055
0.26331119399052311 72.906091492440979
0.23617508163939571 77.317078225275893
0.20075275583115998 78.906671608373259
0.33383217596374476 66.281680258954523
0.29739839566050325 70.051298058640015
0.25827790721690902 72.131385201476064
0.30042032154841097 68.892439401749172
0.25568330571999764 72.311643654163717
0.25093916016239837 72.876605094037387
0.29537527647508155 68.793868413953064
0.29770120345909029 70.274700503549596
0.19642259531980369 81.991513082268241
0.23044369443391916 78.596924217120531
0.3752205973594574 63.983422966990972
0.19802732515678353 80.51672567601797
0.3905053765353334 62.99574100571045
0.28375165236700706 71.556409993310496
0.32382634320150555 67.499152804037578
0.25560329254968023 74.686859650026904
0.21503562285152164 76.610147828051467
0.24545309862321882 75.618253190816958
0.22988085519605886 73.995206066414056
0.27274925945156236 73.335706361602973
0.22857636375759297 76.069982518865231
0.28517309957476733 69.302873239926484
0.35894444370851375 65.240412455032384
0.25976574789188345 72.269985174301638
0.30456758978638471 69.046738662721211
0.27038499616542433 74.033861079665328
0.31459995729819046 71.076624796094436
0.216053180722626 76.853923508957678
0.27571161332656757 71.171397967128414
0.26833514296544703 72.957691195005935
0.27507141381659073 70.804236907122331
0.1816926919219399 81.789113917565516
0.31615221037830332 68.849864271215722
0.28822152864850253 70.546525878156174
0.3540065351192932 65.55418453494093
0.2739245430679968 72.401262762632413
0.27666206232075014 72.662262209545432
0.24818726936490607 74.553685978583232
0.24794315744950046 76.462163248739046
0.31573236181296743 68.149310185865531
0.22445750165452266 77.534481818657056
0.29606193185055107 70.213464446608256
0.28075700621463956 71.818625130252272
0.26126715913406379 73.830179491480735
0.3587391957801021 64.644399573050052
0.29089095021642303 69.685449390638595
0.35484060075761237 64.063662858229605
0.27721413531861155 71.296091612814507
0.25558958894740769 74.835457009951497
0.3069673192418052 70.961576540416146
0.27889448920536269 70.914180539888989
0.36042210660388724 65.746451673635093
0.22653164761217995 77.102589707116636
0.30928828831578303 69.278934940285154
0.25088311331263335 76.016770429343794
0.25540149551581326 73.954934607396254
0.30094191339637411 69.920321054664285
0.29286029858509532 70.248247239964371
0.28868770678371208 69.591471677057086
0.29098906282591835 69.101391442045568
0.24093439003868544 74.946457451983591
0.25530908596309748 74.072806398918061
0.21272300082900794 76.396774423627562
0.3313628865653 68.428404689527468
0.37876416489991377 62.658138948056951
0.24221201184692659 73.043448277887691
0.28870529486800561 73.387969956188002
0.33064323714728189 66.493185544964646
0.28595484634590879 72.713219239103324
0.2839515019916718 71.329821727678592
0.43513466234110526 61.801903822036692
0.33162358580799689 67.941389245588354
0.26958387293123531 71.785997608745504
0.30083030923368825 71.643160779583724
0.35421525440456081 66.033386787618994
0.31950070217403059 70.873215894756271
0.24316281416423219 74.666791718987625
0.27492413269568139 71.585052249577004
0.24604512135584464 73.8290135407957
0.30676158476243176 71.253783394609243
0.19121407684262662 81.087218441155201
0.26761427176361513 71.684456205630823
0.27513438546386437 72.461731326923513
0.28653139236708586 70.356099330399857
0.28691697302341934 71.660412652754772
0.28396589531231559 70.519650370198733
0.33265602620614609 69.338423169221585
0.33919728829709217 67.391665733441371
0.29586935018440774 70.950835852250577
0.27776151629544971 71.744699934554745
0.29702212792314492 71.251906847415057
0.26844733370724094 72.736154626187314
0.26641221388241976 74.585249517495001
0.33664384456721819 68.073057049453425
0.24818759311117602 74.787956635712078
0.29279553370407263 67.650075044538212
0.2402766753005581 76.556751320268503
0.22783804497445131 76.802784578119628
0.23621513070625494 76.19648539630866
0.29202265829120122 69.799095621862037
0.26013303781676461 72.811930935001882
0.30483251446456516 68.084428938403406
0.31330068996883398 69.891425932247074
0.38169001865656005 62.21294331080076
0.25094449891103876 74.450420230193117
0.20549704408282482 81.588808133066635
0.35718446068564258 66.46170045997485
0.30321624797308705 69.996690916279519
0.20940373229090115 82.322883389214567
0.27411178550375215 72.769239774762553
0.21097206692989026 78.282088204054816
0.28255468087151764 72.091264065648076
0.54999997437818415 55.495032333474086
0.24510776512722496 74.13164268045341
0.28228038500840341 71.618878938786935
0.34728941257171714 65.134221616121536
0.41219955669345371 62.573771776968115
0.26476398236924198 73.559471349556347
0.2358053615537109 76.311372761179342
0.23299049225950955 77.709536286606365
0.29047887859191318 70.289284318737685
0.21775041896328545 76.509158674031568
0.23369224106237027 74.940297381334162
0.25324703105555535 77.277160513316034
0.27757230306709607 73.159822798688509
0.4370817776409916 59.609142964307587
0.29212513300100751 70.535974873240377
0.23243386689907466 75.076484713825991
0.22941964149370414 75.709345997454832
0.3120017087838774 66.98016664683324
0.26248091721145339 74.0152354575646
0.23538406466317999 75.502385687538776
0.2993298753109141 70.989120067171655
0.33879885845558877 66.004606892822196
0.30223492551833536 69.479501148585385
0.2292313274358404 77.420395095060371
0.2354997392307531 73.49707850536511
0.30136279919881381 68.900747462566173
0.24286751104442131 78.340903165675655
0.19399999007469695 83.246523460511867
0.33840678854783379 67.691260425368441
0.32793795751217214 70.057166746973621
0.24877491735485147 75.405931242700063
0.32456087465287919 69.221616707376967
0.28989659700272663 71.26719142694364
0.33290418004325151 66.495880333564429
0.32872790793173134 69.12193938082325
0.34275571654094511 68.036962714945147
0.20085674370135123 81.378793869577095
0.30737614064792412 68.924239930527975
0.2501994150988549 75.983503095470823
0.24151966553430998 75.292364105111247
0.17510698832530189 84.905608584891397
0.28324617961993898 69.541495022490636
0.24945563348095584 76.188714265815335
0.27103449775542021 75.431688748203868
0.25685555811385591 76.163416981138809
0.30576595353736885 70.602245898952418
0.28254093902239602 69.994326548508724
0.20923560579587777 79.546444666443406
0.31375034481746455 69.608139914851236
0.23291865949194729 75.271556328310197
0.2345723410921117 75.872579585942049
0.283230904202464 68.388764486312652
0.34833785644001075 66.157769259251339
0.33110913700977823 66.500601126663838
0.243773734896332 74.989714769743927
0.23931345092891626 77.717151829444546
0.31959630947601969 69.491263343111754
0.34362399148448836 65.544597241027105
0.26838380203378565 73.004567875067167
0.25367648522256525 74.168589884782577
0.33376219977642274 65.788395402512776
0.25555097008098265 74.76107991420281
0.25494013474775917 72.080269018832752
0.30630675976557775 68.807006652940387
0.20592544531167009 79.66703805788795
0.21658479726555388 78.548064544723076
0.23186159053633548 77.076206456835692
0.25080796232793662 74.641144099059417
0.35638720125445744 65.391946012624899
0.27368960926413971 73.756883253116612
0.27339044307331278 72.698500268724004
0.25617851515622447 72.756821448283418
0.35751078891095978 65.190316970313276
0.39508084160245655 63.862541866435841
0.30674557444486739 70.832981602798185
0.49243961596928709 57.189265741403105
0.23217237116439629 77.871983345836796
0.42556272791696698 61.976998796855511
0.3453173125791511 68.500175323296858
0.28532917211218856 70.794300090533696
0.33780302427342906 66.880875382725577
0.30042982825515713 63.380551539138999
0.29243317140582836 68.400907914964463
0.28303669072151355 72.187098984228498
0.18462151164789697 85.150907917133154
0.22653281163667194 77.575748366866762
0.24848337157355277 76.513464044584182
0.32229374920563614 64.630674837489138
0.25603959513684516 74.243048840547189
0.26846598113135051 70.486566056409529
0.28433720587683342 71.098837064357923
0.33359266259227199 68.486410401709236
0.22691232365615685 77.056574071050321
0.22906094626036713 78.141030795410771
0.25760713056929008 75.186497856943419
0.30658791089974891 70.283047039974662
0.3264267840878966 68.152090696867148
0.41559252116449813 62.505521219552648
0.31674662601584247 68.569106342711379
0.24926460771941991 74.285401627840074
0.34086330947391963 65.189413237605677
0.2777522635481211 71.686986210687877
0.28273873513484249 71.888934343243733
0.26827275538343115 71.823631216597846
0.24980138952027467 74.488918978282143
0.32177987919495649 68.409159385465045
0.23832789857454423 74.927320968242114
0.25065075766912559 75.086390962393438
0.28326012203890422 68.597734639088699
0.30031229494288836 71.164023559076242
0.28143530196995736 71.664034843752262
0.30111458255654988 71.032425076499749
0.23048969250788481 79.26731871172025
0.27656102817864053 71.419222997889065
0.27110682026810867 72.561406637145737
0.37002215048593279 65.025640222367983
0.28464173629542749 69.664913198081919
0.34171613284757774 66.555681139471531
0.22917969624468251 75.750357191809783
0.3228992119772825 67.174125449827031
0.27989755057554333 71.418692410308324
0.2977338528702872 72.044783073662771
0.32066746076160058 67.148603101536438
0.25489033235818132 74.271779822973656
0.30685854472240509 70.092519685998582
0.30341049012255272 70.854168913814192
0.27091193768106087 72.459924416320106
0.24978392294756072 75.013532967916106
0.23944524969731876 76.551672951063438
0.29687034773723764 69.085955424537715
0.33140654869582176 65.283537611485329
0.33836250885654295 68.380616935984705
0.29985457269893329 69.711450497885579
0.28139771636131611 72.103483592815834
0.32488654915813103 68.926121467194264
0.2897933089931008 73.088545150907365
0.26342213381494117 74.87117197077589
0.24834497796752675 75.879709357923048
0.25814736759106094 71.751940556890176
0.36302484166851218 65.172583790667858
0.25531173705025534 74.736252134433045
0.21318636521897397 80.382412772989525
0.2790303177857652 68.384055681064368
0.35157623197316423 66.949821129992841
0.25640578741250514 75.243134537514209
0.29444035732023849 70.333195602769763
0.31860597702256604 71.092785591349895
0.27676032349555224 72.001841997987952
0.24510351553099585 75.966095857306016
0.22655271864838442 77.532824298464988
0.31943817037650757 68.393821969565323
0.31011340271004123 68.44489013833963
0.2910698428942558 73.307774705643894
0.34036507940969518 69.084931071142506
0.22635868276541118 76.483003403123703
0.36860419592237614 64.844330192951944
0.31529459254756897 69.108066589648843
0.26824486784278168 72.687804657439145
0.25447240668245574 75.426965891010539
0.18436484523226271 84.536355372019912
0.27071041743208635 71.03671194576448
0.24641434630013087 74.791907591304664
0.3338706206182856 67.274179106793028
0.3211063720744512 67.42589027480777
0.24429427418823335 75.251001024022003
0.23821440577919142 75.201885267880797
0.31628042281254037 70.423038604458327
0.28964899236768665 70.181048527101936
0.14387039810131347 90.097956003718735
0.39870500563023775 60.397413965047051
0.24431610051047217 75.017207899268712
0.28754478463129196 71.256272763882691
0.29057918867452731 69.945392228827956
0.2613288359984301 72.385526558806376
0.36105337667227355 65.793892762187284
0.26586803244188878 73.644481692139564
0.26970460896370285 72.709823308471485
0.22783538392719652 74.120649653655221
0.50894184688170563 55.368448074521893
0.19209315399747889 81.273078881959734
0.24964849589033802 77.672025214434626
0.25088610399916755 74.555801981485686
0.40266032324003442 64.124540212330317
0.30701773101162622 68.536110207703231
0.23726018488843573 77.160061631295306
0.30814132456091525 69.58821063549
0.36598078475643697 65.259034344974268
0.30897166518342328 69.562698145263866
0.22543266940543219 78.664503544962699
0.27876355865591373 71.047086570080651
0.2733661037439814 73.440644856528735
0.27221836009365535 70.445325538786548
0.25516529239550306 74.393204890079048
0.3926936709879138 63.686781314060823
0.24997492958929207 74.608050631160665
0.21600092778914615 77.500952675105097
0.30920700103205195 68.799819233502035
0.28101706317279895 71.74632258155718
0.3133320037725289 68.907769187224176
0.29635563957606981 71.814448785740439
0.39955186727322362 62.788143314343785
0.27521216806901222 72.922244885359234
0.29162402556266348 70.590770900871831
0.28480187198785656 71.411593733746045
0.236505630364196 76.628737341742038
0.27291280745435226 71.211462819396274
0.35997082749674686 66.089794172862412
0.28795859012686897 69.883538420153343
0.25241719529925583 74.049113574824275
0.24034315416108692 75.647711748092462
0.28668463972689501 71.257317377766768
0.2510587072023765 75.348130610078769
0.36043975163642089 66.179242772294472
0.27401368112353031 75.517479339914615
0.24062704652860742 79.525973281646955
0.29134454940992793 69.958757687419592
0.28944105310728085 71.087358620694999
0.31065336024564327 69.169086485998918
0.32109343852526517 67.821276748316706
0.23882321367256995 74.532065227110948
0.27539428838328289 72.653150128220773
0.28752810335033607 70.995704871666476
0.44712724565719431 60.956923053454261
0.28784394546002834 71.369027567233701
0.31271312085842934 68.117066151839708
0.203085955648769 81.146693034192467
0.37093432831163609 64.340851678960107
0.25857961656197331 72.746794815198328
0.30116824462731995 70.346874885279945
0.25093588405972045 73.20474948911837
0.2591439088273495 72.462527937268163
0.2249406208004523 78.730006704951421
0.2149087435873987 79.079568623129575
0.29858273028107535 69.035365868323495
0.30032679666719098 68.054019988487269
0.29370876317132261 68.854143248770399
0.31967963206575556 69.245922169011067
0.31227411725906079 68.044959735819134
0.35772499788832396 65.299277182795407
0.24341934307029928 74.434089851329176
0.30489034184713421 70.450270354841336
0.35708553381295577 65.455497388424774
0.32142186363862368 68.743870518191656
0.2954139882021759 71.479297835545623
0.29564303496097716 68.191070356153674
0.32770143096610571 70.179053867274263
0.28319655417457062 72.201803652199999
0.33980119017345928 68.627104207827102
0.27084756371211149 74.046615490124836
0.28310529504711918 71.200617225397139
0.30341138450506333 69.422588125863811
0.33153483610559414 68.118212559013998
0.23424205542848092 75.63114905523085
0.27831509557117362 69.676969067896252
0.31316572839134937 67.803831245969974
0.32035989231006784 66.690496848528596
0.26193113852309646 71.607419489596708
0.34432093662962682 66.371806576975843
0.26939916709966139 74.084844964132202
0.25641664012262499 73.19121458238051
0.28410351133298545 68.639843977902416
0.3110314252468222 67.291646149856049
0.366836646593033 65.887506560471763
0.26359013229313938 75.033428386946682
0.30548808230754471 69.438883259333267
0.2998218060739391 68.810812079683444
0.27661042400785918 70.017328703633027
0.33495849879934259 65.852602782865148
0.27655485602966784 73.625548838710245
0.30445212975067543 69.657715070385407
0.26105687737825833 73.086111163213133
0.34555021236562017 65.706142592215755
0.27207849740444423 70.74446286257448
0.32346627396748096 69.222748374467898
0.34885398729206191 64.831325778799126
0.30125171240458221 71.414633181359932
0.26154982285196959 74.375390948666904
0.32839606772356461 66.695877281623865
0.33699436232932434 67.95885767084242
0.28110713432915302 73.2167363257186
0.23342949038996669 73.298864711448658
0.23674814805890196 74.455770760099711
0.28783743049280808 70.598663386175232
0.34467604963916831 67.242897696376772
0.24113526533170934 73.956414714611228
0.40943594159024382 61.39091643641887
0.21990685358539863 78.568634363390402
0.25392129762644433 75.356579876870114
0.29068915061689399 71.319206811298173
0.33084286624494358 67.680454864920264
0.27537008435293542 73.002053329415105
0.28418637778486339 72.651757563855071
0.29063958676639434 71.048767282155254
0.30838486347499933 69.857220302479902
0.30571565361341613 70.380198390802747
0.23144009789865383 75.874478335429885
0.30444608375406967 68.398298309601131
0.32869339415443483 68.686590066475034
0.33431258598458818 66.423752840226754
0.30466517104803392 68.01713898967968
0.24417925154544468 76.882139568773809
0.3120138228159523 70.20946692738795
0.2352525810413742 77.087360925618555
0.31940314645725332 68.939488521056859
0.29010048441026615 70.574727436001226
0.24232269875752621 73.274993180458893
0.36221573169061638 66.948523152461448
0.33260904028475496 68.119277775286093
0.29300418759321284 69.978436730911042
0.27784265320545759 71.864325528144931
0.30472522912702277 69.333347695282541
0.26270675726528753 72.630193616077946
0.2365521227930634 76.491456470088025
0.34675841907358784 65.124876174885571
0.29299249547518741 71.76968700712608
0.25644708696718999 72.714702543358769
0.20692158710843767 77.17453206703361
0.28216799712206508 69.931541447128524
0.29646530961602269 70.168145566534619
0.40259667042314223 62.836511294765067
0.39607538499041467 62.691914800026531
0.26745239496582035 72.846527604676169
0.27038808727122804 72.29904884687781
0.30211791263498539 70.353036174408544
0.24048242344848134 75.409702394191029
0.34658478095521578 65.866352819715175
0.38166607490207016 63.919182918282473
0.35021796032075231 68.103449023925918
0.35325186955497867 64.989411922301088
0.29341842339011664 71.415761514323222
0.26165666317392833 73.473037856110793
0.24943072279672704 74.578032995114384
0.34954281589127673 67.395553304952912
0.28787147911296518 72.746116083676569
0.28330736564386544 69.571749810589353
0.2923852596839599 68.792456417696954
0.28470187145833176 73.354259281312494
0.31782204603324599 68.106199148794076
0.23241003035487448 75.103920815520823
0.26832199890946806 72.622719129189534
0.31642275989300006 67.994610404263454
0.21640543851067134 78.380637767478632
0.22374191286274833 77.429685785490051
0.31995788977400441 69.489625859179668
0.2606008850083521 73.645512721514308
0.27362343927153127 73.463155357755738
0.23109784712057987 74.327133275179094
0.32071673226489233 69.803887675385226
0.23860720280108624 75.068742754107575
0.21542860448792212 79.434704134460844
0.24710817248558062 75.11403112795665
0.26516899396745075 74.32108516887169
0.42733146485742257 61.460984967526521
0.23109330857435045 75.836006797197228
0.28999762756695907 70.216487988880687
0.3204376161690205 70.393092459581695
0.32606254158707587 68.989120025286994
0.36731928238333122 62.8499554297508
0.2759297497252694 72.506221320446983
0.29146687148589295 70.264527361884419
0.32161664105995902 69.363961096035396
0.33140502568655178 70.224327648734914
0.27899469031968865 73.094550677842307
0.20179164814823541 80.234662771465665
0.34620285348150909 67.310004438025317
0.22836785990285355 79.266463110584638
0.30546303755055959 67.934319157434743
0.183668248697331 84.015028511156487
0.29054490628741225 72.046838489910812
0.23219320066533963 77.466023938451286
0.20691605901090246 81.104443846467419
0.2004179129750854 81.590995420905969
0.27163508618619714 70.167196950598424
0.24611191761311657 77.765209713836654
0.36723527513700205 65.419092914322107
0.31817366814428905 68.334703400079178
0.30177484574557017 70.945332333317737
0.22635951876978094 76.993206488244283
0.30187049473387922 71.006936966703037
0.23777871641473786 78.22194961399569
0.29206596872618656 69.92005870023408
0.25279258786542047 71.697032141316498
0.38125276623617049 64.555927303134126
0.3376822365187464 66.18442368094901
0.32565024006724047 67.149390984897934
0.30029099353437838 69.719563507444789
0.34216810584656787 67.955460300091588
0.19215698423728581 80.513217685413125
0.30517496974274566 69.391288826170552
0.43701095325119149 60.118565665016398
0.26452668273606411 72.737416988620936
0.22550688241252312 77.143702244046196
0.30881410891468308 68.073458151492602
0.38004351208482995 64.123527915938439
0.29010903948641875 68.654786488425273
0.36248041227558242 65.415782925818036
0.35059598065349956 64.030149788821575
0.2127179271578539 77.480217977354599
0.37092411036860085 64.897703489938891
0.19462247310543371 79.849786008105028
0.28039543404988265 71.533357054825359
0.26096803787253642 74.486913370304976
0.32737068008445164 65.663519386855825
0.31036508829383158 69.874398959986891
0.27954173362333029 70.056695801037847
0.21381811056329586 78.144082908666434
0.27384900972472426 72.502590205610147
0.37442586397923422 65.771919848553992
0.28478197032226371 70.721022030819057
0.25733592386592924 74.551726881725585
0.31535024479643037 67.795293317950225
0.25748544837160509 73.801410489777751
0.23229428388419696 79.172947611848954
0.38139323304533018 64.989886607839566
0.32818721447747184 66.086777163398594
0.36433758206693689 65.059650805460947
0.28320618521248425 70.794058174539586
0.26045383490391516 73.738701801790739
0.31632624232774481 70.079080137434048
0.21107738179307728 76.067348943040258
0.29110819771487839 68.991526260488413
0.3071208356666128 70.08625332018579
0.24832010416070663 76.809124926964856
0.3000905829573085 70.772961155686531
0.21113940879078752 80.343270366631941
0.265997225579991 72.808655201951368
0.31318044290786873 69.250683016029186
0.27812878614096187 71.72910094612044
0.26082950772635077 73.127616164651855
0.31386506090342847 65.959593431570994
0.30706858550839478 66.778905409792472
0.33092684086023388 68.281622601634012
0.39875632886297441 62.050334872215338
0.237240553918942 76.215858469531611
0.26824717798354691 75.332868106117729
0.26224514266846349 75.459951049951627
0.25334362550762157 73.478401285071158
0.25869467853682881 72.316661996393293
0.24530015815397571 75.366429589641953
0.31450220290978737 69.642294392126814
0.25107671370720341 76.287103731701393
0.27779482103062014 69.135267565771343
0.28957015472568798 70.160125279614121
0.25052328492916581 75.380053249871139
0.28764417409307153 70.470693503433893
0.28202285999849247 72.053137060198694
0.30855167260779554 69.174208122780328
0.31219668114463278 65.933570851609531
0.26320761389103636 74.228615477495154
0.33104810689111536 67.421397669471901
0.24665638991835453 74.555307069253161
0.32571374307328177 69.526227612078728
0.26069788428415219 72.723906983210796
0.37476729660769248 64.694977587447681
0.16273969629060397 89.698980933792782
0.31331650947407669 68.758214415732056
0.30823132033599715 68.357565879067408
0.21657533081403055 78.143007332570207
0.30032877762572424 67.051629924617728
0.28336141016992561 70.338242593838388
0.25670229418658524 74.234336973662806
0.23722790560173551 75.434504942073033
0.26229191408034169 71.233240833040611
0.33444793652844368 68.92391281917466
0.28502531956610844 70.0686625230327
0.34801866410265131 65.968844198496484
0.27722563019209306 71.700486631740574
0.30789838331289637 68.810177762104487
0.34467285007336224 64.857227811412557
0.26512284570586359 74.18197250949838
0.22347253971268266 75.109225284193045
0.36929393775368208 65.248281299807232
0.34141526653397025 67.173980471281197
0.30941232403304364 68.298377832906525
0.33586711500405625 67.11111532318445
0.40481744895341509 60.640521267903921
0.32635436023614844 69.43101020489155
0.3317847914210611 66.073289101731802
0.27762013849410871 70.659909288494958
0.27846939669176202 71.636271207899441
0.35159435733998873 67.170991625604714
0.28238934112175978 73.693184476951458
0.32376772363625211 67.170971702436148
0.20995234716982744 79.629098439927191
0.26184452392880692 75.526599016131414
0.24544453075351397 74.915525846342675
0.3272096046581503 65.533814890834023
0.21527558062943303 77.947173079636059
0.34039169150864251 67.834838726349076
0.31605650896774962 71.260136162191813
0.22332774534567831 76.742697075380832
0.29649238938632222 69.891521504047603
0.21454353308432517 80.972413185097651
0.25030018203387849 74.076168700459306
0.21071926382982817 79.232106915051205
0.32801737470830045 67.315955808485896
0.26367252908103961 72.468892007570687
0.2979256392278169 70.450424971684583
0.29339398672770156 70.727038658289018
0.29095750029148565 68.125294350058695
0.24255654650492772 75.201024725223192
0.28891169738797073 70.366595518815785
0.20523080799722773 78.451267795367869
0.26611280958820299 73.448800200053611
0.29350212818491656 72.445936590601988
0.29096303262370726 71.726282764069978
0.28126679847980551 71.097394975241741
0.24018805858989956 76.644059542286882
0.24298270715212925 74.539424246165368
0.35755959652406105 66.644566724618542
0.28342236079932948 71.83539791977995
0.31787121724581135 69.675192601571183
0.26175209399120453 71.463782754853753
0.34523162022757842 67.013987981588201
0.23241147128794654 80.13442767232803
0.2183262862412722 76.033727524777817
0.24649871601827356 76.135269366052029
0.2786249603975719 71.875239839839352
0.27254303233689553 70.590694228020908
0.21055259637715917 80.677934283865085
0.35145533785962324 66.027558596586033
0.23233818849904558 76.220916189403127
0.28987291982961289 70.864137828469367
0.23279078013582005 71.953064242989385
0.29739810611527273 68.970337711778171
0.3045518847357383 70.968145410959295
0.23007486158296195 75.39075105518765
0.32057827686472073 69.24672132405064
0.21137128314965634 77.941444216691551
0.29440125643755 68.529844785076676
0.20696195836155851 77.075440209665331
0.26105864103677973 74.344060134612064
0.29675520429119939 70.207123596502072
0.20084069294685644 77.697920577356328
0.29953768458331576 68.857772770470689
0.29620915110639678 71.555780217504548
0.20494317655992642 80.89791480975029
0.26124148052457669 72.946590713699464
0.22904421342746784 74.298692152465108
0.35520966853086627 67.877206330033033
0.2959170641651781 68.14096127637734
0.24652204524475599 72.39151712218333
0.31006189064925532 70.491904358318479
0.28091359875300415 73.712677642117498
0.29754296042898015 70.198096026746896
0.26836862416750257 71.302851027035061
0.26227089529188258 75.818144737033776
0.32283942936607424 69.240183767996882
0.24060579827015305 74.721878690591481
0.24355030374383102 75.125531370279091
0.34103559880321904 65.940572043331656
0.32743427240486156 68.452732742315561
0.38307280377261271 65.494416077879677
0.37978787378640372 64.768996931258982
0.29601191758515777 70.393350987730543
0.24060011554735666 75.568574578065338
0.32197627648020949 69.105020481576375
0.45695019548995319 60.828218835166389
0.22687368908339653 76.836743696985707
0.29900366664739941 69.999513509105171
0.23799216880322088 76.511758912251892
0.30803711667314992 71.640892817213512
0.34012238042369636 64.144406184576667
0.24354266413041586 75.338391314328589
0.34759027548904414 64.972149715991236
0.30057099282307809 69.298564155543929
0.25569981508574718 77.062382964873166
0.19979593303421939 79.842849556038459
0.25210252192058547 74.202773386387804
0.32213678205871887 67.751302040372039
0.22866602307335734 75.217563458010247
0.2969050657995263 69.861590741701889
0.22821901298227476 78.212329971777791
0.29191856939705801 69.804601648186505
0.30233008852115034 71.388388692771287
0.3038853693774699 70.679055913330288
0.28143051950153697 72.340944393158125
0.26460689624945299 72.328704322741203
0.29148682592801939 73.295331149529488
0.20876898613520961 81.936747665641846
0.23189693282144858 75.027584873862608
0.25633148450107607 73.24549851806006
0.25486436051629957 72.00820460286397
0.31693678596180908 68.802263567754352
0.29475955467489673 71.184940436798342
0.3302106412838306 69.876545074153199
0.29107852912757493 71.887631021191439
0.30206751134879406 70.110463670609548
0.39484331322174449 63.913250821274076
0.21567058542665252 77.075161302569782
0.24363050782713555 74.794639729591708
0.22494017897978077 74.142846566602927
0.30508569383425943 69.042497291931767
0.29372360685159032 67.546775534189095
0.28872999890265877 72.17640554390394
0.261921876189527 74.523222091073464
0.29637247317978382 72.471907979529206
0.29330098386514769 71.302264667843588
0.30127027604061696 69.281392826197248
0.29377538460143648 69.4414957058748
0.34111693761915607 63.855217714841721
0.18902936730196551 80.239042215594253
0.3393406053137385 67.870701194028399
0.3132370305086577 69.781525195353836
0.28674460781914202 73.175344002769592
0.2438115119031577 76.34589529413168
0.27372900684941209 73.308334902007914
0.20711497243311827 76.174791817279527
0.24744697553365944 75.973942519835248
0.29906304738816464 69.003856135715168
0.30791897283916814 70.276306198760437
0.47024452393514349 58.896997836685422
0.30184997683122289 70.351986367554773
0.39146609986399511 63.589544179258098
0.38218669864406424 63.443366279499251
0.22783063591149089 76.990499764026453
0.23457990433566442 79.397237201147007
0.29234347903550345 70.212793030218592
0.35655985057970052 63.990545034933994
0.28912959833441498 71.305670205786342
0.19906263906883015 80.445127510895247
0.30926067456540529 70.934580869083064
0.42140307119454151 61.234256672697242
0.39955196155415867 62.249464147954356
0.27600863580938878 71.248265152869934
0.28349281089605277 69.689583215072943
0.24174908396820965 74.99808001082566
0.26510343740215503 72.912737224050773
0.2643202699055841 71.309649841038421
0.26579769203662135 74.035098845664749
0.33862491238942516 65.575349283831187
0.22990630980466842 77.989635585295773
0.24152875144783018 76.762003862900229
0.31232413659730579 68.351136441448588
0.2517857474065287 72.228833815570169
0.31846968758495747 68.819139532964783
0.24889345347042768 74.012246384805223
0.3156299272135446 67.713648304414804
0.26312365614830319 72.181004302602233
0.31801418616110388 69.744086518762018
0.3960484781285103 61.707179149250507
0.26873302019833728 73.363035360908356
0.29679029523009171 68.631282770038027
0.25000765636319028 76.165643616938979
0.2676333008269231 70.956420512733118
0.29474794721164377 72.311078573980438
0.2468569804893421 76.339395725441179
0.27583884918038665 71.009862221053368
0.3021147942524729 67.911825640870504
0.28232556543772463 73.088384927785782
0.20977189543643882 79.192079849874887
0.27231841647476418 73.827638469817629
0.25602268145378032 74.993747972585382
0.26508317902792711 74.099708816843147
0.29763987663214347 70.600097499529696
0.21580096095895124 76.56974701445894
0.34704617444881819 64.723233528311013
0.39976455519813237 62.581155151361344
0.22358543543749781 75.526168903989173
0.28532841809189341 68.790796703444144
0.30840662329500207 70.938001529807224
0.31555556445599708 68.093775118877844
0.30740615469520383 69.555320204058319
0.22225087032505589 76.535459519473193
0.21941069302440952 78.396739429430326
0.33642468430650824 65.624961156416603
0.26864957624113284 73.977492228755722
0.39459442133482781 63.611654154750674
0.28315568599011448 69.11450392499917
0.30683852736365957 66.975024260459563
0.33760561631514657 67.876030431771113
0.32531869526883572 67.196192552528842
0.29663738080773294 71.944861209549586
0.17792193476751852 83.057283228376946
0.32816739090079727 67.970678002177635
0.31503770760347183 69.700406461354703
0.22829031102904199 78.297306229609632
0.25851224494456038 75.125013178494456
0.40176435733528298 60.625828695439729
0.25292446784444894 72.290787413803244
0.29427735225926993 71.493461369793508
0.34316211483996395 67.078879907617292
0.36885976513964031 65.720740523545189
0.28584349503913165 73.340169186218844
0.3325023418693327 66.223578175282867
0.28685161929403424 70.141121506612734
0.30130403359778934 69.51850264469995
0.24496169766174225 77.461124571546975
0.25470313224931945 71.498120316231436
0.27927886311013261 70.366430400481576
0.30436206885839717 69.698664094095776
0.35025922757667177 66.19628354797635
0.24479803677980852 76.319565979162974
0.25688153739585962 74.539678079138753
0.33812690529566153 67.447949736967558
0.24739388260843212 73.518842328974571
0.31447069728704136 67.880399068170519
0.27953827737880227 72.937546220565721
0.25759392822907284 74.666821110225442
0.28392755418896826 71.589399550493269
0.27381250198857454 75.30286228039553
0.22328827151984135 76.548140956767853
0.27198902347661363 73.256378404761321
0.29091096098896962 70.08648816158761
0.27186990936213329 72.364381392322755
0.32721436323166941 68.495079142080698
0.25067683328550461 71.48470280563879
0.2466210265574954 74.970341458926171
0.31944339376131908 68.471675630460865
0.26331380080771877 73.495710618166825
0.26129579485989235 73.617075129302023
0.29838444526286745 68.431720594768151
0.32305656516530912 68.767404030040808
0.2841777136037057 70.406637442334457
0.21836048880889569 77.273047890250908
0.34897305495821418 66.740285401001515
0.23624768179501851 75.99752570103368
0.28070633933071598 73.759702571759476
0.24520873322693937 76.147044776648229
0.27146002430665761 74.111784043945377
0.310087813980779 70.408481422742383
0.2289195244131943 75.195571687634171
0.24022866788097486 75.076690925179705
0.29525916752539594 70.886003552680947
0.25856295584871325 73.945639938319559
0.26583782109776782 75.062658808156243
0.36760018772016156 66.11410840467714
0.30888581691005934 69.814767525776617
0.35944086743995385 66.695886681850752
0.27380102915319471 72.756075004722817
0.20838939405196141 80.056693680985759
0.31767743816411131 69.171019321661632
0.40897903438936961 63.428593607132669
0.29559707433944005 70.856707598411759
0.24736143023523799 72.98572566448469
0.28094837918741261 69.604359971938223
0.25644407359197408 73.042214862486958
0.26296967499828616 74.212629797874229
0.45450749512408267 58.949702797692431
0.3979829915452664 64.845443179534371
0.30444912340693292 70.525681129778931
0.27178053064564495 72.577199276235476
0.28150441737709636 71.775242488701494
0.2433234498277923 75.528931718463539
0.29017951138291326 69.525782415176167
0.28081354467404751 73.600518123701789
0.24065164431299171 76.404309017896196
0.26799117203188216 72.364455491768481
0.33353909987224145 65.666138087774002
0.22111296935774791 77.222413535412514
0.22634020170123784 78.495415777683647
0.19043442138671501 81.07307697823633
0.30528849503534156 70.455462028348478
0.27542078553508881 72.148989024097332
0.26674639032322656 74.196707123376058
0.23763058605107687 77.996150861481922
0.30144169851839803 70.242674218916648
0.2775493227882635 71.701743324741102
0.26906265135123864 70.46928586435061
0.29317023076748244 70.949644842663503
0.39479679571002835 64.617414547802312
0.35004371724446881 65.764331304860661
0.2752205442686364 72.768097148572991
0.3406843388293721 65.899761007288575
0.22394512392133836 75.819754854277704
0.25671739470185506 74.806880156370354
0.26664930174325768 73.365162714554089
0.28631329203204559 72.319333499137343
0.23116228259127566 73.722977857612548
0.3661223631922555 66.555082489531188
0.23882699517451977 73.991330248215505
0.30678258651973322 70.024340700980588
0.22672823860607183 74.52022438201881
0.2345867290747953 78.55129759410319
0.24511033866013981 76.140879547651835
0.25637114818738577 70.702539945132557
0.24098204917746816 75.167195308819743
0.29230099023477224 70.323815120654956
0.31274127525312628 69.184188355468507
0.34043934387192515 66.191539123521977
0.21146460049859053 77.003876242118835
0.27510389510386651 71.895202521431742
0.25735823548100956 71.613778826897274
0.32072901671105936 70.051799160059787
0.28597273001950019 71.021169941021228
0.28277282025633599 73.095650656286722
0.26566392251509313 74.325622218738047
0.25886837928138845 75.036097487725044
0.33530512947921637 66.800491342316917
0.31899923418456844 67.059633217928322
0.24776518785636029 73.427945144812441
0.22614919997568292 78.625050004619425
0.32377385578654527 67.900523874565863
0.2620822863806177 71.246372827626089
0.21991154969402349 80.204015782348435
0.21377107639626999 78.548340665485355
0.27887700840638863 72.255408633136668
0.30020081275365185 71.633787217730756
0.28936399118988804 69.845205920311798
0.30061612753755962 70.38414157808343
0.2721113619303881 72.223453674570024
0.33268785705101467 68.497102762166293
0.23474041508580976 78.578856841656375
0.2876488498545714 69.792432776677984
0.26289984450150583 71.959978595387383
0.24871592571244103 75.328772306772905
0.3021520021205516 69.220032384951793
0.26066863553388431 72.142009212721021
0.23907865188824096 77.458672504686533
0.33147426844922151 65.991756434731741
0.26227399072450092 73.857390127110293
0.23917814730289419 76.05598071164259
0.23402130872022511 73.564835711697938
0.27458482089153635 69.290825906896799
0.37755970941454953 63.060874674725326
0.24520789029030388 75.005748535633217
0.28803214300088048 69.709881990707586
0.28948385810489036 72.030504910593535
0.23499539457779231 76.274147010958856
0.25349492458214218 73.126802844770424
0.36250519041926604 65.632225151105445
0.21515829940765582 79.595881010560063
0.2685858813494772 71.251535030321236
0.34493876941444834 67.717475908037912
0.22932252881361612 75.318459720048509
0.28592138261593086 69.933606292342162
0.25077814328130255 74.604133042500024
0.40716532681882606 63.941979195277398
0.34762189512390007 67.208845499682354
0.21994200052925611 78.106450725951987
0.29988820025591206 70.233020985975742
0.28673708563935357 72.138859273670434
0.3157897306241042 67.657227000489925
0.21867788967467111 78.221891959548032
0.30928992204020894 66.449605999520969
0.34637294863707829 66.591400570379292
0.33583910379749504 68.546598416910115
0.2079605837318016 77.984201552962119
0.27029098202676205 72.051708183117427
0.31848748800606952 66.844785427769708
0.39552531823558723 60.384172500739808
0.28383954114941162 71.562394188881015
0.31850920993659421 69.315756691207852
0.35903632358299392 64.722947551388955
0.27215166782123279 70.028920583764503
0.25031482185285081 72.75472695309557
0.22702736232485335 76.589506611506806
0.30922759273083628 69.360320054566088
0.32699140131483878 66.042805844786486
0.20705799579011441 79.363456548967889
0.19556936320563947 83.502560023984401
0.29899951275323966 68.625184163719425
0.29743442557732014 69.279325867702966
0.21418970413887123 79.413640324966252
0.23078417314134247 78.181977746627524
0.29643140827031095 69.912377198245977
0.35395911506448657 67.343319845423252
0.22990946209933419 77.4244159697149
0.22671486482412284 76.042086865415328
0.28082881399588594 72.126210417200127
0.26523585218301021 74.947590441781443
0.28241680719244777 72.945146584117296
0.28114759922378474 72.151308118827458
0.21783006323713408 78.508432780222449
0.35139006178539439 67.612177790532357
0.24385461772358258 74.581065838449646
0.23003057335958985 74.42283693879034
0.33559749995879273 67.746905172771136
0.22642810171560865 77.904547481677753
0.29102041058197203 71.419962744449307
0.28279740438028494 74.183783325332811
0.23138987497056912 73.636580027076192
0.21175723516517425 77.429386957528507
0.23626625253738892 76.759884921787091
0.196284719066701 80.89052577908096
0.25670636820952264 71.930466967861634
0.26415321767305355 74.578628622229829
0.27339665212700909 73.137801653376414
0.31121209285940959 70.0988948677076
0.36807206478284604 63.67722811491074
0.34782659927138831 66.471368524809762
0.34171068376678204 67.960785957164916
0.25099346537339018 74.492062378727411
0.31790005875871008 66.585731429742324
0.33239945430984746 66.120615308188832
0.25861145003908043 75.404085196701971
0.32126777754919295 69.863498874214201
0.39654220398756079 64.924975886079949
0.32701918530618296 68.967298138546866
0.27245946643590774 71.964935620970152
0.27501865806996129 72.268477121552067
0.38098229578873027 65.60017113632378
0.28377538083707066 69.568414951724193
0.28953933265424325 70.060136647604494
0.31211419060133955 70.105100184751649
0.25527749800508204 74.277841807731548
0.23009960220436243 73.963496764324731
0.27525873108134008 72.983122006933755
0.20264275059395981 80.964298586190083
0.26682025628461908 71.801933833098786
0.33407175812395901 68.580447259784904
0.25623552671072219 71.544904329121835
0.32375648935352463 68.608617633588864
0.21493382713819162 76.857263273733281
0.36092456915362547 63.273358158503683
0.25659642740397864 74.089528391395419
0.32372029279974757 68.874242957713264
0.32907444652019036 66.27427521703558
0.26535935649757708 71.272480528698523
0.24945617718839516 74.629628313102657
0.26789574296664931 73.657886442169143
0.28126612313856375 71.573233564791451
0.2497576105759334 72.198946303432436
0.24078723618444225 77.316660586150149
0.30765283379362868 68.967521545695959
0.25977654778460568 74.985972150317949
0.28918850355547954 69.270766135549181
0.29628309817412141 72.533444958215043
0.18807109160234567 83.705121611094214
0.26512184584903686 72.872323886517378
0.21982243021763054 76.171141272559638
0.27894185782643116 73.951582893980557
0.28940414473002335 71.8557237142617
0.1714418344422787 82.729072723919245
0.23359041623286642 77.583664139713804
0.2824882027765126 72.734891209868024
0.28556384750965291 69.253259607298688
0.27021213791076232 75.397916043042898
0.2389293659805253 75.713861333307662
0.37013808653682312 65.012077435456717
0.22975870518333397 75.367230611633204
0.34784984551987397 63.327646015583298
0.36727203493090776 65.807308072976198
0.25992813692464883 73.354738225639665
0.2457150860530283 76.221890987158176
0.22780176795133303 75.860336767110439
0.32186336536705223 66.519900669217165
0.29121287033563065 70.244276788464106
0.25582683678478491 74.150151607652958
0.26322464211305524 71.486950335613429
0.30355294196131433 69.483916852868788
0.42463897951099033 61.000566398241958
0.38232383264808162 64.408176056100757
0.21914520563832909 81.015940824838808
0.29834622935667759 68.034437021219347
0.33304963740505023 65.631541795619924
0.23545589088238567 78.178631037627895
0.21592431473081858 80.444963150218598
0.38438793063700716 64.144803891901759
0.21467020769191766 77.408843874174721
0.32882776187224233 66.864668019214236
0.31166598388397704 70.475373295597649
0.32153605052855921 66.865917139971103
0.24742616870667747 73.06730407384994
0.32279201956711573 70.189651538774726
0.359272946405364 64.898206864270591
0.31748248338128343 69.994295977552113
0.26522030070390906 73.357654411713384
0.24126786936036854 75.185263280306657
0.30806322020054094 69.521550857970666
0.25296997177740449 73.133873063232926
0.29388832057938435 70.839437861308468
0.25677009356945646 73.950127230582211
0.2755429942468276 71.302011994754949
0.24687114312627878 75.00643413902722
0.22288516409877102 78.897023044992807
0.32037490930491552 67.734910448302756
0.22273159757496 77.677710416457813
0.25297371652935263 75.587099637311283
0.34209838075745885 68.200053218416869
0.23396699603173005 78.623474921672923
0.31826550826959632 70.150156948051418
0.35812537079958262 66.859844416210422
0.24802519598645073 73.967338706406991
0.26629829439490571 73.058519513476085
0.3448481719658717 67.568189037861117
0.39704212200212641 62.008464426155996
0.30421863259711174 66.460710504529942
0.2508943600024191 73.410790798704454
0.34241426117665474 67.314348897994108
0.25537748083625761 74.711124078230199
0.27529826890652048 72.652586215565009
0.31095204872540488 70.448978655520804
0.2918354318637984 72.151267806485009
0.28426885310742395 72.184336431970792
0.28082772772017167 69.534971940814472
0.36166148690027522 65.592736625836366
0.24156783962856571 73.996997559166601
0.25500651059462293 72.869181534124394
0.26152460455433713 75.245013930423099
0.27378215527640504 72.265848680155244
0.25585395104542469 71.68003779101906
0.23646330777346547 76.453854862871722
0.3474456010354886 66.65692800065878
0.28932878601201995 70.91657813783381
0.33794153630667184 67.96434591829258
0.28726727219620435 70.091774419996327
0.23003707438951632 78.308335152550711
0.27870200873360051 70.378489375784142
0.31775509619505882 67.673959416848447
0.28139495340341014 70.39892741439337
0.25748643906706226 74.092532486581192
0.30278148259752141 71.106800885623784
0.25230903913138975 77.006371283909246
0.27916540718126437 71.908065938852644
0.31781439815407103 66.986787994107118
0.27711371721695993 71.127868378486284
0.35255464148641069 66.194423325739095
0.28777373644331855 70.796385267245114
0.31749349013716949 67.827977738328244
0.26221661237458349 74.842412232897914
0.20772007621758529 83.204633521655495
0.24080952034984057 77.828835717868543
0.32241716778312579 67.857153327060757
0.33483584761808333 65.322002795017937
0.24763995306621198 73.488272408114483
0.20811730827993438 77.718935416694563
0.2685174141096342 72.949278224186756
0.45188588531387569 59.666902127226528
0.31530226839165859 69.60554352835257
0.32085695350057908 69.11242067733906
0.21429656298665573 78.649511082098641
0.25334041327041712 74.75616079682635
0.27777248021274825 71.095987790580935
0.21979121223823195 75.225198701850687
0.32679010090563682 66.727643124570193
0.25872843491801895 75.688191165836969
0.33519200960305973 66.414088332950612
0.2992152450115893 68.297964747298622
0.28381099566637591 69.766035220614569
0.26308174357124436 73.492849710251662
0.32862657243867066 70.017654099437308
0.21521087511067932 79.030302621880409
0.29139768162153151 71.389161147807286
0.37690482781816126 65.317339972672187
0.29624450136018859 69.015031767623285
0.25048635885039944 74.777617229294975
0.27531091763065635 73.19825901526977
0.28881974620776119 72.452722503819814
0.2459153481521511 73.762443574856874
0.29707086671334298 70.215522118489346
0.30172836200133113 68.319806342711487
0.26501857712568161 69.170074451133658
0.36263290452907349 66.712296635649594
0.30811622951595802 68.203640123405478
0.20912978833081378 78.524135394176568
0.28506627395346262 70.756292562651396
0.34022579470611092 65.747487170824542
0.35162792965711531 64.338714790873951
0.2974366056638264 70.98561802693375
0.27594532491461099 69.081811387192431
0.21699101907926641 78.051233833809022
0.28594403943381991 68.943909283816154
0.28007666453861019 71.708241702963861
0.38832707787185966 63.34344591544707
0.29964946923824198 70.321406746717088
0.25585314284427679 74.038835773026975
0.35943104832963335 63.225031367827505
0.33883612611185276 65.341977747389862
0.24445661043284644 74.465861365253133
0.27171437675183829 71.989093543157381
0.26727738661031464 72.753108440352236
0.26093276755983447 71.826849373547603
0.26059005327151674 72.78843171451274
0.24156953336581005 76.054420543347504
0.28039280784938919 73.129607915164783
0.23435240187889478 75.622953654896264
0.2486021471874526 74.088294654226544
0.27689263045286344 73.01778574157332
0.26078679655925135 73.902349024525734
0.33329010455316094 67.055933221134211
0.29423798789975625 69.716988157223597
0.26330124223686691 73.228824135999304
0.31537218836719688 70.179601528788396
0.26419731352835152 72.140859508681388
0.29434493710481507 69.261491269276021
0.28669003308937946 72.977233985891701
0.33570390579750553 66.649789520581606
0.2551625109355804 74.61462753843027
0.28571777771299517 70.411015228938496
