# Omage H0
0.38042559031223305 64.416381767114999
0.25107372861831179 74.107711723462231
0.28026755103864254 71.55667814598506
0.36328811401467304 64.843489306198464
0.21162791042636211 78.830992203853867
0.25474187135571291 74.29002820656369
0.325690261922081 70.42404188877147
0.32944137608940655 67.648590543608833
0.34367679333119505 67.232030393919189
0.29593304840829532 71.475791178012173
0.23842428184332778 75.906741872963181
0.26958130268148162 73.396032834007997
0.23978641510876778 77.264140846338009
0.27640837911519905 71.460577528799163
0.31093712744751006 68.906146276853548
0.25660227773945771 75.518085613112007
0.34262562789512274 67.312364572571951
0.29506245876845955 71.397925241783
0.29552044659774024 73.233866884847572
0.27644663416057369 72.520278434321284
0.27987217066286696 70.066330743945414
0.33420274429961089 67.572097317101182
0.3674013115791076 65.218681960826018
0.3239408657064029 68.138008991286185
0.29820110616934908 71.341212786192884
0.26294183828115858 72.440925546622793
0.32906423970522108 67.834299689740789
0.28280067190145636 71.241706796237665
0.33563986305675009 67.365259802299406
0.28753947957192527 70.916701506377976
0.43010198860169768 63.234051133483284
0.38014466027231236 64.593829463048849
0.42302539413833046 61.047807545711287
0.33833530509189169 67.296360967143045
0.29746163481114452 70.159226656145705
0.31099560212166993 69.770835594623875
0.24143395619876287 77.894590068355029
0.27793579028548759 72.312342752010679
0.23596119435649746 76.16551184500203
0.30672937672406042 69.566206749425206
0.28053952135380894 73.441419325221162
0.39690054858260354 65.360707832852057
0.33095556847340857 67.031137664040898
0.31568425384996041 70.141522100560067
0.27012369991052892 75.156574812298487
0.26268176118694503 74.446313731618986
0.26045715175089351 73.71006623413534
0.2642667416407925 74.561822276454905
0.24834428369342729 73.519971264205296
0.25643945242585126 73.854049611877457
0.30812418352643084 70.259819360632335
0.41802432716627314 62.529924091592498
0.31314049780341602 69.481017841305302
0.29278999374519593 70.297448321025172
0.34885025082402943 68.217446351718394
0.23975680892166701 76.832620658475335
0.25323866309179965 73.768684197184385
0.30916747097020542 70.973556470452252
0.26161231358649967 74.828189109267058
0.27110052780129756 72.382743629182087
0.42410624747487674 61.952328070121112
0.30176400442880758 70.139159418656917
0.3089721171289827 68.674489195189068
0.27396851192056415 74.428757048489572
0.32338317319269072 67.339171278296661
0.33841678364230077 68.775896068938252
0.35621578185995312 65.993769878427912
0.22459672507724132 77.862097484807251
0.34180230531199707 66.615908162459064
0.26913925998334376 72.407325995108309
0.34119533835714422 67.251499262775425
0.31158675382440115 69.081963568613375
0.25795390118883071 74.856537611689831
0.26518115791823155 75.150541032339561
0.27348604647451946 73.780471766803984
0.28854072821058796 70.833783953427869
0.20770614194755194 78.160625210339987
0.29248839631181606 70.505285957467152
0.28300501096733632 74.184484706974871
0.41932882825618184 62.359551361693093
0.3715995764410247 64.747709499433924
0.26997321165699772 72.627758586132828
0.30266867298491268 70.436055267294506
0.31752943091018027 69.748077333464636
0.27280885243232145 73.142642119107066
0.25503045047417416 75.259848612047747
0.24938093565883618 75.109048732611853
0.26807168240040796 72.428604376899671
0.27053629166515203 72.957733882262389
0.27691301559216491 74.39287709817107
0.2621659312258709 73.677569708038121
0.38320191958264144 64.258811903030278
0.35106966711371762 67.552286375088102
0.31561718424362933 70.07659503095978
0.32641188736110199 68.502268947304088
0.34500239827512136 64.346806920916507
0.3369602609660774 66.671212722046135
0.1757868553379445 85.685296839012864
0.27362522005055206 73.135584260648784
0.38424780442287548 63.153717123439549
0.32670082740502326 70.142859556083778
0.28923818627700587 71.27152833308601
0.31616274945713607 68.703975944175653
0.30640533947028614 69.770147601322321
0.29602237629768385 71.061914102736253
0.23904435164026738 77.319982680438855
0.29449885592444397 71.20677799929976
0.32199607224254734 68.913243195350418
0.31497993606396157 70.65929106229666
0.29912737826513525 72.19407816567707
0.31886628229776531 68.574361061506124
0.31070115130037773 69.465274565487945
0.31736478881183294 66.754900491664287
0.4072532730611611 62.947788879002324
0.2191735692982737 77.500324883773629
0.22154732796177518 79.057691471148445
0.32216497898278867 66.956728854582735
0.2762534947228894 73.189344361899543
0.281254959694754 71.752632948045118
0.33209421285714391 67.682080019877645
0.25549415709197798 75.26348690700199
0.27539960750011067 72.44225708947414
0.3356762858651608 67.737706344713118
0.27028378679525183 71.152351045033868
0.24921989735585312 74.768031231365399
0.23762405978723627 77.5388045730176
0.35716184885227287 67.108667353955781
0.29876431416409727 70.877090665089412
0.36727319653906987 65.3148159819211
0.32537534880539848 67.768014265161639
0.42555340554575249 61.720973352432324
0.31699216541517566 69.012436470439553
0.257391402811676 74.740993159736377
0.35009095112993799 66.492143347065408
0.27445060401372712 73.37960787798059
0.4139831069091795 63.274065534513568
0.31818285187713641 69.491503832422651
0.31894460789020634 69.42459292084456
0.33376677271679089 66.484455197240408
0.36081834313924599 68.37564110498279
0.21809803158813101 78.399427404677454
0.33788718698645714 67.345267737377071
0.3519046148350064 66.701637257290557
0.30811434873282412 69.596839939438084
0.34897125241904675 67.059548856518191
0.24978527939225179 72.801983782852389
0.28490738969697771 73.172436670895465
0.25322558942435008 75.547777835278524
0.261699546038759 75.139996418965239
0.36147216484665623 66.656993961862511
0.25435444973411114 74.899925230205568
0.21563701467371271 78.246238079947759
0.28057013554676419 73.081876687685906
0.31185838173622044 70.271944672548415
0.23883934263822595 76.477230935280488
0.33102651336464556 68.562118545230135
0.2540264662592151 74.248054996908508
0.24874647275474213 75.840898502312768
0.2171903023307212 79.489515657435447
0.27972326467728259 73.244055812019369
0.22491390831169095 77.52210761689004
0.45669964413875114 59.291082349345551
0.26571002974672442 74.42852641035455
0.24214592553564923 75.722427516491436
0.24634806601678216 74.807127856280488
0.28438890067278061 70.607221725973872
0.27697779828295088 72.006018120662517
0.24893903565325262 75.583311979580998
0.33095812559887727 67.340491296220307
0.28217387362839047 71.550183758827629
0.31337332182084143 69.460407036627785
0.32730037477293428 70.390288470870374
0.28053416024338118 72.304588914828372
0.2857252773545268 71.253318647041866
0.35815327399292501 65.732438828405236
0.35844024887339848 65.702612807287622
0.24178160034229157 76.375903734098969
0.28001473872012111 72.066462868684496
0.29731629237035495 70.438845608012485
0.30194219728308291 70.355140325066913
0.25609574052369444 76.163912518297465
0.20571779526284451 80.808046562588189
0.23971946581496503 74.803237769225319
0.33289805332718203 67.308924748723882
0.3120096640393642 69.571493172942453
0.30506453195638294 69.954252089067722
0.27465288931764736 72.330085094692819
0.34181316339690526 67.580673580556848
0.25297995650993699 74.111971073585892
0.26939920334015283 72.866565238742481
0.2945608653332023 70.687245219825158
0.32003266224244342 69.630364211430035
0.34780404220884253 66.567767652926051
0.36540590329231654 65.528552632356337
0.30693273267519738 69.657826899326153
0.3156731633746192 68.889852417282157
0.34080735972026249 65.781324094131804
0.32368924033498275 68.088263284630088
0.43742312466847921 61.033476238218164
0.24067034830159328 77.300642264104681
0.3255688835340676 67.736475813930952
0.26165781534402793 73.55736833518479
0.3821350502550977 64.953314332219733
0.28586300677876192 70.648784082740619
0.25374416709635783 75.409498789421434
0.4805811909851227 59.974729889332409
0.32243500892623927 66.875726825955837
0.31930969047354135 69.493487101010444
0.30396999957467757 70.973809627540774
0.38524991092753258 63.456113484530746
0.37190000460935474 64.940337605125549
0.30055680767563991 69.290424347769928
0.27445984696100734 73.801481015363009
0.38015319101678829 64.902728871439962
0.36183387580285375 64.651507954943099
0.366907575616573 64.721505787116513
0.37539899550334066 64.905703748410829
0.31300138581190945 69.725867559452823
0.37772314151006298 61.783342770495175
0.23481341878907983 77.062575714133189
0.33214499992142554 67.589292771245184
0.31694815950785876 68.136266395618193
0.32788981283997187 69.379008659039982
0.297280195271725 69.818160964960072
0.3247362035918458 67.764682050610929
0.3346631702732899 68.159308713917625
0.26375613440312312 76.065167123464676
0.31420366490691648 69.679150350471588
0.2928359844897922 70.240664419281018
0.2883637620220465 70.280316510548246
0.31692573483213293 69.856480410986279
0.30168833022014185 70.676889791238295
0.28679944623689441 71.331087052613967
0.26157852315544949 74.267959362981088
0.32447725687835538 68.532106811055741
0.26685742032133947 73.573779933251714
0.35364097063137284 66.626712743751085
0.31132354974323312 68.802643413387315
0.38160531072741016 64.17870804449997
0.44434263079583824 61.385346362281005
0.35633274889992711 64.726288724499682
0.2800588969331817 71.463838352060449
0.31119148546400011 69.636209388242392
0.26860766845002626 74.082550207679702
0.30189131058440111 72.691494178312837
0.23136135528293825 75.901198243516774
0.31034251053252992 68.207267849813974
0.35957181656316506 64.451202248945748
0.2808233520129908 72.613125027240969
0.2961743808867362 71.311666909387185
0.20968133787275339 79.494184391852045
0.2749875287912949 72.302190410774656
0.26658453645322511 73.719787741071897
0.30399774660430295 70.189622216485148
0.2513199347809783 73.980594059095793
0.3036590836169808 71.024948746577749
0.21605517430267865 80.281657354943647
0.23419464438477111 76.341228196346265
0.26326740472264737 73.50290399626904
0.27961683119419967 71.438011063748604
0.26712262756462979 74.440976825075637
0.27658572718039232 73.317129334599386
0.26315141090560834 74.530964746247264
0.29005883284629275 71.238000324802272
0.33298893846914257 67.003002349115135
0.26957806916909172 73.352167778147447
0.32686598515626075 67.957950943341118
0.31976748526163234 67.508750394565681
0.33664166215395713 67.997855680896734
0.29449965522099031 70.412948347192454
0.3219144230712227 69.059731534114192
0.25316751836462786 75.070085197201777
0.33330862938077616 67.545311788778235
0.33714734202324914 67.492430099910692
0.33124895160407114 67.235203716218905
0.33095505516283402 68.086346182039875
0.25295624647718629 75.663276998695466
0.31838936748009417 67.263483112199651
0.28346104358027047 72.395759933374379
0.32834855229964488 68.772785151784504
0.3727709590751585 65.613294014479962
0.39142216696090681 65.067421702772222
0.3007438898917828 71.709793194392972
0.39764819747239122 62.933378360019468
0.38069757226511164 65.073399283579974
0.3552463312067351 65.261351033091927
0.29033944502875203 71.318602848959699
0.29725194143122285 70.00811443768697
0.32662920928551464 68.220334506123095
0.29864623705715065 69.464794493427718
0.34455593328122308 66.545182744295815
0.30557143439855705 70.188422419370681
0.40738923620680312 63.253759026983971
0.32106304493130139 65.781830957659309
0.2631965518896735 73.703953399520202
0.32826199616732976 67.800395213335122
0.23187440788833663 78.17877483099511
0.37179247773270474 66.083494814637206
0.31018445431543501 70.101387247811175
0.24591665209048352 75.819868632145798
0.23549832782817542 76.678150788159556
0.27924486665859544 71.607554341588255
0.30481510181272398 68.806634685946037
0.30754380063660441 69.184262114792702
0.29331149362580422 71.925074287852212
0.24160917475965224 75.28119410623367
0.31154898887234778 68.674390326070736
0.27444055830317415 73.653243175958849
0.30038440733853761 70.065731364784
0.30855203801771813 70.778590173307521
0.38462778766836908 64.518279957825968
0.21358205564622049 80.55741414782004
0.32663797377822967 67.876188717057232
0.29378704724275867 70.058404647504361
0.29072365862510813 71.288074565595892
0.33061760618067337 68.643163359240134
0.33946619605113298 68.084948724683912
0.31607010092547205 70.495153917783014
0.28197755177364003 72.739814339320588
0.28458712301552197 70.346220154841419
0.35304830163313339 66.863118973196151
0.28705815685398961 70.88041122880314
0.44294765866809194 61.00737755892105
0.26845159551654751 73.652609658863682
0.39664410416994961 62.451905567533515
0.27111631543499176 73.583916377365256
0.27569176833353581 70.908283831786591
0.33586400946356415 67.817140387217876
0.24067696688698065 76.692206592370255
0.34980268294140576 67.158327719411034
0.34721446627310776 65.880961382157395
0.28225111234066241 71.175605794931514
0.26619456159041749 73.467845124108806
0.28336955972856992 71.946045563450966
0.29856185637237137 70.520907094465343
0.26496069094519753 73.559447550069052
0.27704492080563115 71.975169957394243
0.26513401659198155 73.57130402297004
0.29790362391394404 69.917381584929927
0.26072542241178909 73.530886663174684
0.27431291002165237 72.874224400235704
0.35943337058743635 65.408393386775217
0.37111060825173958 64.435780308512733
0.29525375200740095 69.777987609463921
0.33108958278275219 66.578033979034174
0.36415026602786016 66.234790774746045
0.39284225928458111 64.990169546726861
0.30108941307070458 69.454919758730355
0.2587756268447276 72.547757806726509
0.2539023928516761 74.591155053144519
0.27274773352580495 71.83977716838406
0.36576795160073972 65.51984100005204
0.3193423872930426 68.352271045303226
0.30308505520997558 70.470003012548233
0.22359582093725197 77.214842580630702
0.23723938992880697 77.08908633645693
0.32733711679468158 67.577726150329994
0.27776973383971643 72.213642705674388
0.30659977894075058 71.953543329636716
0.29634670437572158 70.388363734449783
0.39546651301321972 63.871071987111165
0.31762579984125128 68.537153082341177
0.30113703103657302 68.676331829567445
0.30519042581075928 70.170818095877962
0.33165400053311289 68.727423261582729
0.38887524849504679 64.941082870876002
0.2470842943757445 77.236138082966235
0.27365856708829789 72.256923936007055
0.27275955625312376 71.615603885610057
0.33984979505585122 66.001278959313566
0.32919426768640325 67.809557207492787
0.23416925769833974 76.909261199084739
0.24315044922500936 77.358928032702678
0.3653477664329573 64.607428464152491
0.30647322603400684 70.037468833356286
0.25019901726666349 76.194090087434873
0.32351011107709848 69.239646140203988
0.29816247451061667 71.991526343830969
0.31602126457335911 67.970789357125511
0.35607150690089623 64.609717922229606
0.35951341085507676 66.187369746947496
0.38639836575092051 64.135348074971418
0.37983449290084725 64.971502921436027
0.31178180402998823 67.971608453345496
0.37459102658067206 64.984199879044368
0.3494046951441836 67.666880749648286
0.33148760067384786 68.31915307251991
0.36782421787681413 67.596268005259219
0.30804465986132534 70.344502025654563
0.31486734743630246 68.516940612264506
0.31792361704061128 68.236060430929101
0.26915424198596916 74.299158199163486
0.27689221588728974 73.620665425146186
0.3002936490305364 70.414294919173727
0.24258251420710039 76.531783898663008
0.30385502490513872 69.306090936576041
0.3341791277094916 67.077986614110117
0.2997911094247705 70.937634292325455
0.3508171672236115 65.464851047797723
0.29622042094241363 71.329682487236269
0.24121579786904387 76.072684651578427
0.32659650536225315 69.777802797067636
0.28111260901503038 70.849327276184312
0.38364794904991478 63.671563847861741
0.27700866825168802 74.633100447421924
0.28784353507194549 70.438957703011837
0.34811630263488602 69.500700213033568
0.34358638346116199 67.386111756784871
0.27873242437516871 72.475491415120075
0.30351411936974698 68.480027033518354
0.23209752477764237 77.554728263705513
0.29011483725796278 70.549236054711358
0.24475084923234211 74.688599527529703
0.28808595259978215 71.995605722845625
0.36912921897484374 66.1250410627203
0.27274189724585157 70.974018592141178
0.30758945044314789 70.726500292764086
0.30436391771659665 69.368621095454017
0.35171792423043824 66.593647072240486
0.25039603743419447 73.846548102149796
0.28459292090974886 71.099233147708901
0.35753798396759956 66.037750283341538
0.32154102952535302 68.893002701429808
0.37701540200480377 62.892596218227418
0.38337002296462847 64.209793719317801
0.2831189843648651 72.28783394447818
0.28492220706594873 71.292830403329461
0.36241119231923802 64.616055704813462
0.2808208643349786 73.456748271047303
0.35827675503779804 66.079710176102637
0.33188556618127235 66.504603543181176
0.34076072309640826 67.185774121480932
0.24906074460020022 76.298556961513768
0.34738688309186311 67.519699791106362
0.35389849399069362 67.260527333504399
0.38469295637333012 63.894805839073783
0.2494729966343924 74.751055398272328
0.19914894968445365 82.073009451874825
0.2428167841905593 76.309981382865743
0.26776953935746023 73.992023053327685
0.3272142667541787 68.545266220515188
0.22556293775163161 76.268903791980975
0.4089896944370674 63.291140490209266
0.28166516465743247 71.836728760456083
0.27726741045066877 73.954638340378651
0.3658175207286144 66.300699322669089
0.52974951158725925 57.671841415048988
0.26985560854879975 71.733927202490236
0.28730775673779452 71.858169067297382
0.34363243685380052 66.872834991452464
0.33332882862637331 68.816885175400657
0.32989685339593056 67.758607042406325
0.40318528315593488 62.860079955840419
0.27596357374060643 73.849672799096624
0.32446512144344514 68.587544550490392
0.33585738147055094 68.144519258488472
0.29475624668670208 72.243675841616437
0.30793096301710182 69.227960525536176
0.33310913036635936 67.440287671636625
0.30798208289732076 69.580660500311353
0.26500761809322804 73.49488801113344
0.38364735005987993 63.613516583102445
0.2519032150167988 76.666143224139219
0.26850502322149672 71.560514749577209
0.27337415200095849 73.763652165412068
0.44287841433081887 61.467455654608315
0.29864431304844757 70.953901829604533
0.30923680792514713 68.053206778823878
0.32012243703570847 69.829843807265306
0.20558605870501476 80.585009302838571
0.28371973636893738 71.170339496317851
0.4269979202406034 62.344632669674461
0.3197350496163302 67.926088943794198
0.28028108725137579 72.2836990017435
0.34745848278981073 67.302673651354183
0.2957606559323589 70.990013811508049
0.3677819725541322 66.624396162962924
0.33511849553546763 66.27850792296573
0.44729130171945852 60.597891849269622
0.27163859534269363 72.132802112669367
0.25332412136173449 73.558476171229032
0.36999171788736784 65.332966968088371
0.33463143847380955 69.45226943115685
0.32967939402913371 69.681454484015248
0.28397691846631401 72.441556828256466
0.28041163582122169 71.260585480543384
0.36694378130261418 64.676562507947381
0.33736835130811199 68.467430532278939
0.31367583491557166 68.060383765303683
0.35031004291353202 66.610580758037131
0.2995850388954604 70.646461433428613
0.25015388609831452 73.983266608034526
0.2822922396019753 72.107527833664705
0.30873901315436464 70.292765483227768
0.23728917270261102 77.362883225601223
0.31772342321995645 68.087538218319636
0.27496639948419077 72.0117984369341
0.28336992309078007 72.574394110637769
0.26903990567710556 73.05805604071152
0.28553966640385586 71.459407715366794
0.27775197287999021 73.216004821422047
0.2575098291229212 73.468409219463794
0.2847676567589994 69.875640431547012
0.30861836664344655 68.545473192979657
0.31489232618600987 68.308173468317136
0.3077650777594737 69.498542104713692
0.37249830361361547 63.583155650398318
0.27618009978122721 71.670143696561439
0.26745145131961162 72.130589944025118
0.2876522274227481 71.208061751296654
0.29835231437459087 71.707095485440689
0.23478241529566748 77.645728549006449
0.32669502199639094 68.093221446947325
0.30529810548552822 70.741801252952243
0.36315054865564289 66.959378837605584
0.30264926456769187 69.955097768853776
0.29277261051236259 71.927649727950509
0.33077362044037695 68.412028504918226
0.31866218489231884 68.844853983198561
0.25888156696882314 74.051073935858639
0.28785790666619793 70.705501180572483
0.28247155408445818 71.45886759161543
0.32685334603941057 68.035053840587068
0.23028649933789105 76.044317053637727
0.37104205376433363 64.781645675157648
0.28038237269656024 72.528788805661833
0.34258792412400824 66.745185211423717
0.33224481538824524 66.906386682241873
0.33559675472676431 69.796131686817105
0.3753603339952728 64.573487206142346
0.32112635010136964 68.759686983971278
0.28372297077917308 72.152677256551556
0.29446980186630334 70.861126835410161
0.27157788597672317 74.518879644956954
0.36305647965792082 63.943676451522791
0.30273963643213647 70.293872607821697
0.28557630929294708 71.958024850273318
0.28034905966886853 72.673055660923566
0.30613135974275701 69.679263048424886
0.31450016921284574 68.800906166555777
0.29981158609939262 70.890133684332454
0.28865798359496442 71.958913471623731
0.27193334957172305 71.670504303449249
0.2437025119652369 74.853599552852685
0.27165840895504045 73.803730110389438
0.30496791354588521 71.091010460933845
0.28731146430933069 70.838206545925956
0.36822595878631531 65.110704497169905
0.29673572502014833 69.244783898961629
0.3146951866970632 68.639896272529981
0.28146136337547478 73.641821112929335
0.22865479794585936 76.877933430399239
0.20707974895958153 80.506689791693432
0.35675088062273214 66.494235603994767
0.33075939020949013 67.21249512888383
0.41406796018916703 63.152356161497316
0.27453131550563209 72.754502607659035
0.31580810498703132 68.596136575617308
0.30198897997721308 71.989226954594926
0.31563757951551197 69.044007029095212
0.32111558419146691 67.62419399786549
0.32639397089802441 69.026265617308979
0.30351269691791055 70.419001194381337
0.30297244504243631 71.721984553211215
0.29466995406483021 69.964079719410122
0.32343726164146186 68.711882238197703
0.30559619465946508 70.667077084186189
0.35762683643923399 66.684198706811969
0.34101487717771933 67.860509500473285
0.35024037161069849 65.082264175043704
0.33348711654129526 67.314303394198788
0.29270130167865982 72.084683914888558
0.29258738823758651 71.108485764680609
0.36779924612911746 65.27794068140993
0.28932418391654979 71.64969459526985
0.28454310629335766 71.8066419119084
0.28095477293654331 72.039485922819722
0.31338778299472742 68.897335096770163
0.2940124798947234 70.687513007559545
0.20791065696522254 79.896931069346309
0.3041078100632667 68.432889554792979
0.27299254801324524 71.842937495314857
0.27573635992065715 71.217150144769164
0.35382842866740633 66.839166297639935
0.25071288394355684 76.324166058659983
0.40233475513982231 63.305049612919575
0.25637970544940558 74.895900925154066
0.27982771936029666 71.876467326387754
0.2689816232993974 73.100634124349156
0.25819528265571728 74.667822459722643
0.22149899115773633 77.131539905531042
0.32894367688147802 67.784987402787948
0.29601179349234463 69.272855171976431
0.33512057698937225 68.819518409563841
0.3396442638676388 67.398885668897307
0.35220794093051738 67.48838380547447
0.30864447333868283 69.239949896725079
0.39336045480824533 64.11985702013645
0.31879583907597775 68.589046918782742
0.37109124633962148 65.120248071844202
0.29283872671265937 70.66278976445048
0.30370330765042941 69.331141793144852
0.37223087793952592 65.513836241881918
0.25310801859655208 74.311288009803235
0.31878898924138466 68.422817238773774
0.23958740415178759 75.005457043533838
0.28241638944141118 71.07828742634689
0.30485746236479155 69.943972958170903
0.26658261045120746 72.467499815500247
0.20495616126373273 78.904470015340593
0.23461874706475724 76.674419415533535
0.31105900399498249 69.702509703317304
0.17473769433439007 85.132386275534031
0.29690251933289358 68.674959807477819
0.32906940320378075 69.957203965856237
0.22013322330007482 77.999395824767959
0.31870380607035165 68.720307003603239
0.29335360021116869 69.858410906770899
0.33090535575713204 69.381316909598667
0.29129044420125377 71.972637708679301
0.3022229885868532 70.589372568541251
0.3462693033036644 68.272052307774942
0.28322517556945614 70.719682897137275
0.26480771553171745 73.878820806991584
0.33616105998695656 66.183273669395803
0.28909288743515099 70.528317107232567
0.37954866432346906 64.969926775538809
0.28724854533499311 73.061232482708803
0.28129142975569954 72.197238753129696
0.37647835922947315 65.404870351363229
0.29933978416772855 69.924855111686625
0.31678590874799639 70.029298595553527
0.49430359943867891 58.729980515690436
0.39186498051132657 65.358956770755753
0.29695014085805033 71.064389266973834
0.37470105155141376 64.682789179313403
0.30663693212284326 68.534390697291457
0.28403834570065706 71.126433688268747
0.28948039128993819 70.178429160858997
0.27599558738855695 72.189665045033692
0.25754874014396356 72.821340541979907
0.27947342543683712 73.066924672179482
0.34435502018517355 67.501828336246717
0.31537686831020051 69.276714213908605
0.28300328379648892 71.524720068066287
0.36580209925409668 63.398948969496765
0.38183823281632073 63.733997371381939
0.32143820782603016 67.137531263021472
0.29569581492331148 70.727679424433504
0.34056187674804478 64.958336056915286
0.26085760237841432 74.030711827371334
0.25819199404896592 74.609432237550536
0.30470012885548903 71.41705754206302
0.25080927869675068 74.57811690611311
0.3133470511694943 70.024034004874025
0.35401383401581543 67.075513867585144
0.28535692751275449 72.869000493698067
0.32217183367441893 68.443971192482564
0.31064440314097685 68.570681755412764
0.31019089609985423 70.708676852677215
0.38399607135980013 63.836136901812012
0.24897407999141996 75.168060544129659
0.24878629954547726 74.198390621809125
0.27849734581374974 71.24813086348783
0.35334486119729092 65.264703775843969
0.2625036478516562 73.295745994846172
0.27496614842476103 74.068258466309658
0.27983369285998694 72.479345064406246
0.27868996343446062 70.316513642195488
0.25313212934683754 76.436873077502014
0.2970766419791811 69.889764213933674
0.23676434535746141 76.262517795438782
0.34472666142678826 68.077186148266193
0.30490983082268391 69.911588642004801
0.34793574273483346 66.892923953571355
0.26579344980447434 73.371345676030032
0.3412417693697245 66.372933776093888
0.34016539089006265 69.322983679650505
0.32601490421855839 67.043384706778028
0.30296664342641061 70.21811978670452
0.2721603665337356 72.075352411563316
0.3763863968500033 64.820302687978895
0.27485180323748748 73.424518119035298
0.25532843042313963 74.534934279745769
0.34084280669786721 66.837315877590214
0.2902201469209838 70.595026395746956
0.38624253896600685 64.842867071088293
0.28055838913590364 71.753445225472674
0.34596848932478647 67.661758402069538
0.29319848190068587 72.22727659165723
0.35166173447378007 67.464370413654351
0.36210399513835495 64.833308494043365
0.30257694930298695 70.068949132869136
0.30082420366478918 69.058506043638673
0.30039832096010194 70.955368036857905
0.25780416089254227 73.570586812582391
0.30434264380585752 69.869224384878805
0.33456519712475863 67.883071499935497
0.29780893455981117 69.513339659574058
0.30264291361759577 69.185982268501505
0.2821607395088131 70.268319861660103
0.41577143319991838 62.350216197319817
0.24722441890927441 76.955934811404234
0.22373151074310232 78.188463294610074
0.31359398771996705 69.474635231289028
0.30530113193560626 69.522079472242595
0.28419469766475619 71.248811509804256
0.29951472904555176 71.692074149251312
0.24851591477132465 74.845900038118899
0.28234463607768095 70.191310910940601
0.24825697256580925 76.15965298746724
0.24047698927976596 76.691101040644455
0.3291825530597392 68.411820589872576
0.27801643733084219 71.292026607025988
0.38703858659883444 62.777916174798392
0.31572930699207674 68.555493670559471
0.34649696379334582 64.790639511983585
0.32757342525864591 68.466873956038569
0.2928173597953575 72.23380595118094
0.32047055705399552 68.218724399765478
0.29837204062334388 70.582882370931401
0.31312287884010681 69.66015078637237
0.40160803124111644 62.995724882729306
0.32528992294027576 67.825639468395948
0.29263454476449052 72.144286438915714
0.30285442127831963 69.151853562143103
0.35073808410644963 67.030440846529217
0.25045637703177859 75.804533747002679
0.25179718327103134 72.639330575417304
0.27397589647803616 71.616765843695518
0.26723563605266143 71.764594691840117
0.2733930380649604 72.175848780483179
0.27239952334456224 72.639987883135205
0.31151167822940579 69.050657123390138
0.30568123295188837 70.917159698910211
0.30576180385424501 69.979516703497794
0.3469952393801326 67.137986987840918
0.44104018150523555 60.886267364238122
0.29917915945090451 71.470627292231967
0.41892023106734549 62.593860135911548
0.32810104855976857 68.418544372623757
0.26773332935233984 73.441149181111513
0.34858303536625473 68.566551694208584
0.31466310999558667 69.428102518109483
0.29748557216153065 69.745004326542002
0.34324129283338195 68.1556486101193
0.30346676032200715 70.410487005172541
0.2789966269446077 71.758846713759596
0.22418301217039294 77.589516026226136
0.36014003859926041 66.544261551986608
0.40598568039552968 63.195671297791691
0.32400906821340875 68.493797301111954
0.25995229622149518 73.696117452602408
0.26880273223575124 74.807470828237356
0.26106829374643631 72.929697186802372
0.23045846318432917 78.924362128826417
0.31317565959723548 69.302857133399257
0.25968443552017595 74.257526198953428
0.31922611128416611 68.066821804364608
0.29532797514371428 71.165830807781532
0.28293291796245568 73.043362704194834
0.30020109206337642 70.421323901732407
0.26357525217786171 71.640287877002493
0.28378131098847487 71.881583689469352
0.25325034492247778 75.161060084064033
0.26828186957696742 74.614740799445556
0.36614209426704269 64.270648264722624
0.32359810550867263 69.941700920780207
0.35058223096339863 67.368081287627717
0.25348022445069018 74.056814724284962
0.32031815838453515 70.395076061293096
0.38735568974036949 63.870921696363176
0.32652301100860659 68.747370510666016
0.22376939448070529 79.552170492034023
0.35004813831695858 66.130634975417379
0.31048289946805857 70.286039318657856
0.34043794534898469 68.252140579570593
0.31705271412867797 69.118677213956317
0.35387805527631111 65.374958785579821
0.2813707430334309 70.728278122382562
0.31301105889540842 69.579342137732226
0.19090397062508904 82.580089498210924
0.38429286784631383 64.13867579063448
0.27762769045248875 71.781116540538093
0.26338212978317127 73.308139496535333
0.26352697574534623 74.422534979562258
0.31606975180447228 69.039575268586788
0.29550912766703513 70.188756249939374
0.29537223503161686 71.410998016486147
0.26010036073897752 74.40565058677754
0.27423612905793099 71.202918425267015
0.26850041865906771 72.648991800516725
0.34263242624013585 66.929914075628417
0.32080106364342181 67.633914215749598
0.3308104372199448 68.994832848282655
0.28183944537190286 73.254588681853917
0.35906164593113138 65.847562560436671
0.32570887268250776 69.26510710024985
0.2632479156865048 73.553666265910266
0.30189476617041494 69.883517710399175
0.3377436888611402 68.316446735277935
0.35579062271253264 64.821051644497928
0.32886333561775699 66.499611120350394
0.30224871237024586 69.681457390702292
0.3144145107966842 68.357348045797011
0.31838221052851601 69.226199171436207
0.34375149670066313 68.491803397158989
0.28290085197728887 72.010212785736371
0.27320154138206126 73.038373864691195
0.32277230185716749 69.275282869827535
0.38004662897217339 64.86731359575947
0.28056190813197063 73.097811071342448
0.21721972618686294 75.2100390795961
0.29630497742153133 70.267569566020612
0.30888584592839846 69.480803324398224
0.29771630140534328 68.969166718482995
0.25538926351044583 76.007869980957125
0.25845155466010949 74.426852026888128
0.27768390360298562 72.851415819903465
0.32664100831551285 68.902947881663863
0.37487541172464434 64.186389216625003
0.27941504399378236 71.669519164739697
0.30602060181914231 68.150108107866032
0.21609321450058355 80.550392850583478
0.36310294782579772 65.754235077787214
0.33237720480420135 69.106940542890143
0.38443311058747281 65.069946105766832
0.39220534856431261 63.897132616695934
0.28184436998633811 72.098585891213276
0.2446876393482072 75.737891837864865
0.29235314205166701 70.631931319496147
0.29446897443515024 69.769983991796224
0.28137719582796245 71.597801061289474
0.31552621089434296 69.244809667273188
0.32216935297698529 68.553483374278642
0.30654915503954594 69.446323173516319
0.32129032843964234 68.946702845427481
0.28707836362473799 71.142946988409989
0.32664750057656616 69.593261836190948
0.27335702348661323 72.52875770053285
0.25406726857627954 75.252078120126811
0.29921037770792569 68.845956759982869
0.27991778862816202 71.815746393070711
0.25475108839429561 74.896877616606091
0.28037276147842505 73.702710421773745
0.29255154323073995 71.43941438972908
0.23337772914083502 76.572571903036021
0.27820683094303361 73.550877052521486
0.37721730423059613 64.09019190999885
0.22622749834304831 78.32488401158534
0.25828919667942885 72.566530511597179
0.25910731182349322 72.036997511382893
0.31714266838143451 67.600975206199863
0.30326816064350287 68.469212420775392
0.31009543138835177 69.390512023353594
0.28551367195613581 71.270210438982105
0.30277842773904368 70.074355310952413
0.27388006038427798 72.618600355137474
0.32386338075991261 70.425464392389173
0.22443124209314996 79.247193045668482
0.29406783682985504 71.942881042004132
0.25471502989100425 74.380486307376643
0.34162308380007317 67.654026683678723
0.280298862571564 71.534010113609696
0.34254345312212386 66.542423522759009
0.24675638890094315 74.152094961296982
0.27701156637119373 73.749015823032408
0.34123570167583606 67.954125286562586
0.40985241824851082 63.737708580221309
0.30061528007333443 70.262309710005212
0.26361862262796049 73.684195051453315
0.26951725661619391 72.524151465334711
0.34782374447512554 66.078004123504058
0.29528288563212757 71.265900509298362
0.28098084876580243 72.318328713039463
0.24397318966880585 76.452446569685065
0.3082355568395731 68.182940244338667
0.25062560133900008 75.002718612867483
0.3181669893478053 67.985062127111632
0.35675532558097367 66.096184370933287
0.23260836580349675 77.078771927920485
0.30187397605183364 70.52020920444734
0.28578725597721266 70.586220138293911
0.46176376480563502 59.314981722937169
0.32589227484018302 68.245531792482893
0.31904186722736388 68.446492616044836
0.334431397274354 68.1413914071085
0.26393810151499475 75.460854610772301
0.26292559134931509 73.296672142566123
0.32489035928191118 68.369775691314032
0.3464993201121585 65.657436729572339
0.28439360075079656 71.583027937779192
0.3041963154056615 69.358029579451966
0.32335474851779278 70.214409008774396
0.34528607113533827 65.804560108442772
0.27593900322759735 73.416686131419539
0.28432343028813889 72.489368681985638
0.24166455155287306 77.464994684326385
0.30236869266451344 68.484865494649057
0.2610884577724833 73.164878177879359
0.26560918666775307 73.828468603978038
0.24815427794477643 76.203662414053298
0.32743947235551918 67.513078695156352
0.25252463593556107 74.654605691360445
0.26807530590054185 72.954285987495467
0.34472030472024606 66.644904510494115
0.25249828795473372 75.020230079204666
0.22924316635053194 79.24674740176188
0.28358308455101611 70.33594689477701
0.36365711827741282 65.463947039918594
0.30723547496920556 69.783038460313293
0.23969831461794688 76.589656562943759
0.31307935918918939 70.190541496212802
0.30912345422316967 69.844287152283599
0.32245926598331487 70.447647405357188
0.21989504576081659 80.036298922690833
0.24201714095627785 77.992846194255449
0.25817090104434476 74.86086291653811
0.28882747488475208 71.071841041921388
0.26101752896269664 74.313558922846724
0.31127235692465077 69.184915057385211
0.36497469094445906 65.616943003606252
0.42075863570399263 61.545670264393813
0.30012313592519313 69.271166320324284
0.30370108932884743 70.383137892250417
0.28632178010621551 70.363093336805193
0.2413043763727282 75.750491616235365
0.33787439574976247 66.820833213917567
0.36906111516717216 64.615825163041549
0.26467752813200685 74.2727009925365
0.28804957508412343 71.313117031538297
0.27211429494838851 71.97708084890732
0.31839617581144619 68.351649119178376
0.4087451618919975 63.590485057865081
0.28588075777137989 72.705786402678442
0.32836976044304184 68.187170182144314
0.26586989817102891 72.369064687679852
0.3960383616145548 63.194291139308469
0.283687531522475 72.091906218879274
0.35503045733758815 64.264897313418743
0.2843808538004518 72.810067439943666
0.35841044690982377 65.069518184644537
0.2556475251345543 74.28919600571696
0.25182202872386189 76.259694322884101
0.25712679137977029 74.208200729389233
0.30816835988799995 70.381057147814488
0.26339450580008311 72.995765620540112
0.27281437093364097 72.663526957255229
0.30498674812972065 69.999408099837112
0.26057831990049118 73.517395296855014
0.23686243359267481 75.875793569116624
0.30033526091864904 69.550122749229573
0.32715763582432361 68.718049275776252
0.32145898067582074 67.800112909783721
0.36305141621630088 65.462458294728719
0.36154586887838758 63.588487510503597
0.27636188420308822 74.181223460286276
0.33678962951308455 67.53777196219832
0.33636996706241801 66.700336453003189
0.29160673734128512 70.906666537479722
0.29466593300834854 70.600355945089305
0.34335510171642913 66.283025459022767
0.39725852008788726 62.57609012906827
0.22475557285691136 78.489170284564864
0.31427498485467587 70.288637779559721
0.40096094483663258 63.90801740673475
0.33451059737661959 67.74229797736055
0.36226360356226206 65.811660851833693
0.27087563688407618 73.621535430288063
0.2886914628433585 69.852603967273069
0.23552530037772587 76.865813538567707
0.29163189404254697 72.095272704434308
0.33038638895773104 68.489420924885593
0.3440165400429589 66.989355343854484
0.24334929270658257 76.281698684574962
0.25389294683136454 74.024046250384558
0.33764127175323977 66.026180261117332
0.27916797908717039 72.798214444053144
0.30502012914160359 68.732902608467668
0.2513934951469593 75.027988536736061
0.30474564206526988 69.214977364882202
0.27619284335929239 72.435721198848171
0.43549851606246121 61.680994084575381
0.32800108534596062 68.770389480660683
0.30561075928292064 69.478714151904015
0.28286368575571502 73.362073823374686
0.27573118367804805 72.341537454441735
0.29000680281833957 71.339849241924568
0.31064822729277242 69.832728905234703
0.24223416619157795 75.495411716536907
0.2953311318164949 70.757878515127757
0.33443618200917902 66.275111493874803
0.39397691090214765 64.269948262489606
0.29446417241638334 69.456228585999469
0.35315575048645687 66.48532844694823
0.28849898077850372 70.771351738556035
0.31542271436618907 71.096287550200842
0.23140708443163358 75.65995270240245
0.35637343068517946 66.021285666981228
0.30329214746115712 69.946391784666872
0.32417316896510268 68.471656189496386
0.29081259964669071 70.979824708781337
0.32750424737508932 68.90744886774587
0.26830537674141153 72.706688710616504
0.29221965615774659 70.458055194173369
0.31409213723893958 68.92720974526992
0.28464595719226399 71.553316139459398
0.42517475740388117 62.125567503526206
0.34679886889188166 67.181760024864417
0.31626690502246085 67.772494794330768
0.3255620072516055 68.814797949077033
0.28544076508377275 73.100166097252796
0.22549245455338182 76.976021255643076
0.29774731803585514 70.081286246432114
0.34621685203209496 68.050631190424184
0.26566139394966254 74.118715738827788
0.3685284257545654 64.156142582493203
0.32223395311233843 67.511778340457653
0.2523432423625252 74.418741695517411
0.32497272956094675 66.446366294770357
0.28280033939855803 71.474641204130123
0.32965124378975269 68.878826907686275
0.26653059717289823 73.996721404282582
0.27383024732289479 73.083978476596258
0.2658364257727896 72.620338770513953
0.32986445032961309 68.858783468114822
0.22010340020385755 78.322700964529261
0.19240796433461296 83.891811564640989
0.32526329088476558 68.167692941197799
0.29796199844725729 70.747806318162901
0.29198367349155424 71.794323704250488
0.26054735083010183 73.874037579756248
0.23352853024556899 75.752397517458945
0.32995684280661913 68.369593064837801
0.27267623632617305 72.113432802191838
0.34971613307696608 66.974572921204967
0.32455248611604132 67.780606023522225
0.27805200359823434 71.454718745678193
0.33935335045708304 67.116723873402933
0.26044319829998225 73.741021785609647
0.30929731129039939 69.499044447729361
0.31598430575662739 69.040499521538976
0.36474450668599018 65.750809984424151
0.3088443555803802 69.826283848914599
0.30172898587437003 70.109001911392781
0.27553282150632435 72.574288320588963
0.32561584413035288 68.303897967537324
0.27092914618442654 73.500713133573697
0.28641623027886204 71.17560354181667
0.39962509749596031 63.741905585348157
0.36757849098542078 65.51897159691535
0.26738933899962625 72.879698905662295
0.32948889484037047 69.837992442149798
0.37430776279034883 64.472907357912135
0.29713106284998064 69.583218687395359
0.2893535118477456 70.20610790507321
0.33988027351978095 67.681745551736526
0.25158755204577776 73.959836296084134
0.35931617561000939 63.939290395473968
0.36226085332725838 64.564235712733392
0.26426024790541452 74.887996052363761
0.26597101706319226 72.742750795347646
0.30396629922390561 71.346769934581161
0.31257842601448693 70.439526753660587
0.3064140221371629 71.022314149572054
0.35657631724486399 65.699533857615322
0.31410409763055791 70.343909177290314
0.2425641926629748 74.713684722273243
0.34763308100162016 67.14843384919979
0.29473791245173625 70.402519296592644
0.28980810491459313 70.809894638367709
0.39877995772150021 63.364044468855631
0.28987676338053681 71.275861421268601
0.29955903539799894 72.494711160245657
0.29936399898975213 70.882194248535839
0.32577053141771922 69.263040565213075
0.2889414500838437 72.023665723509325
0.32474212518662632 68.396779296573953
0.22429210789088116 76.62314765357803
0.26776599006489438 74.911936936685336
0.28604999175491352 71.969658126303642
0.36602549660980083 64.206887429665628
0.29674969854177463 71.692940677931972
0.25978087797609184 74.248490692599631
0.24703194015874516 77.397366794342105
0.2944080646932985 72.822448953611826
0.25075706517437685 75.256339684260041
0.31999735430853127 68.163279223229864
0.23429364317545595 76.444711623803045
0.34052826680668308 67.463654301904427
0.3593404207523595 66.549506115579746
0.3265530672368146 68.670680298069783
0.3374909689622359 69.14772898650476
0.24767638561553523 77.075903659915383
0.3020234860720849 70.168795153488233
0.39137734014113074 63.847527849199757
0.34632051714889445 67.066647801039082
0.2955524662761051 71.853607569405
0.29325294128314333 72.39903679107239
0.29129582101707452 72.226828537513143
0.31863788521749076 68.752816739881794
0.33532994531847726 67.971786596944867
0.32850741795687277 69.073644455870408
0.31322165252058104 68.741696879914045
0.31131179180609669 69.782709880449275
0.33381793967175716 67.573055419952453
0.32748088492349586 68.907027513308236
0.33955030486108256 67.422810915351732
0.32102156766862711 67.000193411705283
0.24482481659766894 76.126925059586753
0.32704533052410129 68.199700623344185
0.32399959008721552 68.483502590592607
0.29888670503478487 70.230106189286985
0.35010669342483214 66.654384622120077
0.33101062027768852 67.739394570045661
0.30479771198035038 70.979955390215963
0.28361552415185143 70.862390864512236
0.27489389515129026 72.665832634712601
0.47275211274057066 59.201541791651245
0.24537792712799752 76.960474209129757
0.27315401026035563 73.489273630168327
0.36325550890075553 67.117177319693383
0.31344347520172966 67.74156084162756
0.2860250418050711 73.01859089338258
0.29616806567299919 69.75895171289136
0.2831054966789725 70.880433289821283
0.30870416062200717 69.175895262604698
0.26348503850155108 72.65274099291274
0.31241619382232816 67.256990896399373
0.28684128739385983 72.204953508945479
0.36224989931920271 65.794421302970846
0.31791900496015268 69.31569930942554
0.36280072857468776 65.8349900017583
0.27421680102914736 73.376541497598993
0.3056088343161027 69.729321156634754
0.30654977468906419 68.341247685011936
0.47241347089516023 58.816511561360535
0.35319425885070582 67.694440520807333
0.30504820484891554 70.080419215867607
0.37568684951005665 64.925721830609234
0.29667871508071653 71.473939461671279
0.3146305447797903 68.954713765155617
0.26514982563528861 74.951554697418288
0.25931280759794284 72.165533201910407
0.22725718261986591 78.430505992515762
0.29460903561494689 70.622025466952607
0.3067057532727181 70.859416599455145
0.28407728409699989 72.493586769792529
0.31877914117386447 68.92135599765291
0.29446255978794694 72.736911746177555
0.2336255187002057 78.295475668892706
0.31908487502147037 68.073532648807259
0.36189705478243289 66.350196982198923
0.29052336708430943 71.645742955849897
0.337897160400565 68.885325077331842
0.35692918580535277 66.415201524749179
0.3974100826305994 63.769252775496881
0.33890766048765525 66.968433838868464
0.32327405324763603 68.531764275929959
0.32551971051959244 68.094256549210129
0.27101369718280111 72.620784507435118
0.32798591762614815 68.444860472100942
0.33373186002928146 67.237681029599997
0.24539659017663207 75.891023639515026
0.35109686492421049 67.557337574801849
0.3406658389733157 67.451295971322665
0.3168308768402992 69.901559596746125
0.34518984801389752 68.217755098710597
0.26278417591198683 73.750075334082226
0.30283903315580235 68.942707090857212
0.27310864276839564 73.525986982627785
0.24561345805747931 75.382144203315221
0.27384858984455529 71.597036249194517
0.29858911106878183 70.67510977736012
0.40699004810544526 63.068208594465659
0.28908541664316284 70.167372478108021
0.38482550689955797 64.983454097530355
0.33274412509549317 69.132282610071115
0.2609815915067919 75.669532352784501
0.30586306479800823 70.818181310023519
0.31299046550024451 68.604533243118624
0.26104915291144409 73.344980925808883
0.3769610061174663 65.328119246869576
0.34828828476704049 66.783695932530946
0.34098863630682175 67.746721451347184
0.350176917520513 67.947930432604608
0.34064801939732009 67.185168371741185
0.34972044236468797 66.114909600154959
0.37563290037698321 65.273360162083691
0.31205765068281288 70.300361468611882
0.2490308847506213 75.599272786800853
0.28136982362490492 72.250155095333483
0.29227753591518912 71.80087459002219
0.26080629263726485 72.855663436584678
0.31363855040792332 69.094572312751936
0.21920993258616447 79.746786403450557
0.39283479962870727 63.740839620725524
0.33328102519460068 68.093641588415849
0.27602343986830524 70.856062472744767
0.26387988810466179 73.54104957974576
0.30232407549993301 69.881679795009973
0.29179300525740787 72.198855976006328
0.41598829736247267 62.600939501844174
0.34824079300083083 67.887938664578257
0.3122893165286848 69.082101565751685
0.29840109779341356 71.003083048034057
0.26266700440006008 73.545566903299104
0.27677485534226143 72.988860855349344
0.29066963406508045 70.723849172458912
0.31952631242794288 66.806464987592506
0.28652070907481131 69.901047261816501
0.39447327089438355 64.230903343294059
0.25909844857454029 73.709061863146772
0.33056513036266866 67.787689996992043
0.2753301553404362 73.591007377588625
0.3356233787106751 68.390624640078286
0.24394964354666401 75.567340937413135
0.34088335534406422 66.419906135174415
0.34532574403328242 66.984167104723014
0.28614167639278942 71.091494009362492
0.28175386862781199 73.086594047543372
0.26221183621412819 73.529584340913502
0.26177784092591089 75.01396704597046
0.34877629268014909 67.207048080114731
0.2868255005782 71.715751634216531
0.28386611978064991 71.430409775931878
0.32718736749162858 67.790778186632892
0.31835284843538342 70.848377769183671
0.28823983319421814 70.568647416171046
0.28347964153045752 72.564793375427129
0.27202009133635463 73.573260973135461
0.34199807295855045 67.07748997670474
0.35174214139601173 66.100536509000051
0.28499234472442858 72.65154396636342
0.37149258620968645 64.045271070274069
0.34390946607527689 67.419811703902411
0.28699276444826743 74.355241593821631
0.26451109643920451 73.739919861622923
0.37547562146488367 64.165663483442515
0.26689027352269501 73.683362568349395
0.27719529019246131 72.513816998331876
0.28951640917467725 71.576531586266185
0.31869033557928539 67.934166878837502
0.30546556892148979 67.945923370298587
0.25699401225081292 73.740429942316823
0.29513319745562899 70.534497509372031
0.33140288101824278 68.104867035963181
0.30340938495306996 69.057271041489727
0.33730172321570245 66.923781460161337
0.29660652389817654 69.643933232653652
0.26016348888352242 73.207492880118266
0.23319443563671038 76.913678341909943
0.33067616920908227 67.890933151124671
0.23750320659464341 76.639106180518553
0.23157156212046889 77.079649004461672
0.31299103624604807 69.530389540737133
0.23568254910470432 76.967282764981348
0.32257959511534751 66.45261755588173
0.30066295816045457 69.29135521701339
0.28747738277846518 71.674401351936751
0.39835951224171756 64.806900630472683
0.30216697977529006 71.346623415193761
0.37090171682084 64.668115221097239
0.30536637399392946 69.937548757880535
0.27836428694889814 72.668022836834083
0.30271883249640669 69.522722729168535
0.31946647618654278 67.558054515735947
0.31285429163894746 67.38654970275671
0.39840673260227044 62.549478216237276
0.36236372298144731 65.687685052368948
0.28614280044735518 71.20701449941788
0.25281080794698824 76.016311527595533
0.27626850271695624 72.741430765036554
0.28506373227662291 72.381967384937795
0.30839832024559477 67.746707562548508
0.34900674170420393 67.087305794906499
0.33587957112904537 67.066255602893094
0.3516378068408802 67.426226370758201
0.27909307782073994 72.652013249832109
0.39610329116616255 64.214950711394565
0.28846600589812404 70.671384640011865
0.27135073791561209 72.736744739166269
0.33797951774693308 67.418657127250256
0.2305807586416283 76.666073705129747
0.29849842268729493 71.683140586457682
0.28638883320419517 73.331046395150068
0.2664611481787717 72.873022532049333
0.36428322875429298 66.234192874462295
0.2984180621825947 70.994770002801644
0.25836532288566727 73.189005265081306
0.45360077054987508 61.39727847265894
0.25728009041991456 73.086728052557589
0.36747681893328421 65.774779506874339
0.26265038040053967 75.138300312943002
0.28116680400984057 71.850756173018709
0.35423542515161111 64.864848386458902
0.30745657503431117 69.091231045607969
0.25177338385250925 75.989365509456576
0.31723102679650905 67.842566281990329
0.33199007523245461 67.126949904721073
0.30996702594939618 70.276254722192974
0.31127309561776539 69.094486400416798
0.30881418416208206 69.151721853536372
0.25422518597738419 75.715788093666546
0.29618617161312633 70.272043105091072
0.30232520343265129 71.531372757041069
0.26600823669106932 75.10641525544635
0.35024036427582156 66.519927769593295
0.28461713488214491 72.352392824025415
0.29526862820311145 69.662351473967604
0.26779953139853957 72.502598441901426
0.27539133032107516 73.584423851905584
0.3018132235957578 67.652305932905747
0.36115900002108348 65.389639460065851
0.33661588804591136 65.755618086871422
0.28031549832728658 73.381075257526732
0.33370536413971108 66.222869510429177
0.34760071290975386 66.830761112862987
0.40870563337558719 63.326382909683609
0.29821765842753667 69.985127018392291
0.30182689382216094 69.860503610635121
0.27882225281455347 71.494898668117273
0.24416648844659836 75.81466018828705
0.31420932423163339 68.891906593708285
0.38595818006410387 64.853533987978409
0.28134203154640158 72.691199887781821
0.33497216433547766 66.749171343953577
0.32563339884270115 68.003804515710783
0.30035347238184723 70.259287295771117
0.37000017697238113 64.722501293420095
0.2908936846035956 70.547419602249093
0.32995522667236088 69.439167246830095
0.35539204409595038 66.428797215185114
0.24404906899010018 76.331661381449493
0.27326587753530623 73.890448643382683
0.35220527847026839 67.188461508622922
0.31959269694681514 69.984655220497842
0.28149672947286702 71.869660683034965
0.36143328895890914 66.033372776361077
0.27899808361038975 71.105728107635841
0.27455139237926962 72.529916255268603
0.33749769342712294 66.866823151623663
0.26280386011798484 73.812138107468272
0.37416630627041075 64.621271637954379
0.3456116303059163 67.367026062566822
0.30373134100603438 69.507142390025479
0.35970061809476661 65.664886029830654
0.25487765135825069 74.865505151123386
0.24971257771500491 74.255670114461367
0.29376351171469867 72.165613936476575
0.28980316709291648 72.187081722111273
0.31241297476986457 69.897731473928971
0.3595998202972604 65.744088032610136
0.27473739880659265 73.02230874742375
0.23571683300288893 77.343133868928263
0.37675696300398942 65.047148290226062
0.36099085861995206 66.305186939404422
0.36437197125723964 64.962484462631537
0.30802072050717916 70.597389725324518
0.30500128689387818 69.923550890432395
0.28119315860245431 72.25230333536355
0.30163332321888114 71.202278120193341
0.288850146999517 72.738209992871077
0.25391357894215377 74.787443127995232
0.27623833330128622 71.818707222021246
0.26772166442263273 72.806309754706973
0.32314624057471414 69.541586954020005
0.33648661379067119 66.596208082167863
0.24243551167527475 76.296002459298052
0.27043338758176705 72.883354018374845
0.31952987982420694 69.428646677865999
0.30969242707962619 70.398211391013064
0.26825451766410063 72.63650055408965
0.28938229240096136 70.515576672347393
0.3909959814810407 62.670760153718469
0.25765091306369853 74.262850407867006
0.28268650431622916 72.984543848413054
0.40669666451439501 62.053510648154059
0.39340111998506622 64.137519752963328
0.28643862623788985 72.786876429494058
0.27931115257598077 73.12435386243834
0.21182483198302757 78.994398469149488
0.38635716991029434 64.077530142984472
0.38069004067977485 65.292003279637157
0.28267966145228418 72.570679031637425
0.24256415967220929 78.471570745149094
0.29134293323057614 70.858593547053005
0.31177906041143177 70.514501618480622
0.28512606083400571 74.455576212019778
0.27864374002807785 71.56794886627641
0.30374955709407347 70.148696399887569
0.30891206947733846 69.668096802577921
0.35345695745999123 66.245558979525768
0.29106451623570656 69.674050251884751
0.28505096414967857 71.14799516282234
0.28532852329400449 70.445807473994606
0.45944452167665062 60.457441636871735
0.3228348013962985 69.01296810916179
0.33505269256181375 65.770722800703282
0.28619244568244723 69.031503861901541
0.33495938117570834 68.865590410792692
0.37479250602208641 65.214743783619596
0.35565055603037427 66.377338647486823
0.23549105421143157 76.415108495487587
0.26031233081929067 73.92931510469225
0.2822835561153948 72.716987096637098
0.33114716212086304 66.235221485177121
0.29801793787277991 70.742368934975559
0.32875761064000497 69.346441212173872
0.23808237007861929 76.612598876101046
0.3691388287435825 64.390355049817316
0.24712424104818589 75.462260622283793
0.23625705657868629 75.077089101415083
0.37557706073924912 65.005669578399264
0.24758968001454473 74.317235305973824
0.31700046573813567 69.467316170372115
0.35881280474186195 67.356956775300119
0.23741428283965757 76.128896743959814
0.27494481724821201 70.784596099102956
0.2705848425405028 74.624256723717124
0.34211463768231637 66.704973216955253
0.35706263252582876 66.567221922910406
0.35044920325875445 65.840813146267934
0.23445282125406017 77.628250856233649
0.34728406173963505 67.536634781344816
0.36283012940958426 67.599264367725027
0.28680798004799918 69.813873809561514
0.33913777218988378 66.43691473775624
0.30527023593099473 70.365461562611046
0.24857980895176784 73.734974900443746
0.28164459242308115 69.983734142654384
0.38406854283968356 64.082665367891437
0.29035278793493702 70.662774662859647
0.38473240618540738 64.849721626928485
0.32095801759968434 69.318024557625819
0.34221228862097669 66.776536259535931
0.30333046226299443 70.065631239841252
0.3011160179852882 71.277438859705711
0.27122364714758185 73.285243034557524
0.24675010415751611 74.877048999718852
0.31577059584479339 69.868780813162203
0.35114537227635828 65.837113668938926
0.26701086905748844 72.781650975373779
0.38049480936522212 64.063591049846011
0.25838133771385413 73.849366246514862
0.32748130797768527 69.329155768354326
0.31181255255568269 71.115119682839492
0.29765267300585069 70.924864494783677
0.2462968234629406 73.915373867808341
0.27440165552927737 72.868878955692409
0.24490636891212311 74.028687228637395
0.29927776284001173 70.540983887080856
0.24139543550408776 73.988973768016095
0.32683298627076779 69.717826721397898
0.28349258426588941 70.907229191507483
0.30668333275602999 69.590560487472118
0.35864872682289867 66.856620865105839
0.31305696950395528 70.996718870369335
0.33518881285474272 66.584077070363179
0.26600619610069198 73.206900150958617
0.28546527749717215 72.796349623304309
0.253965015707592 74.181672653809514
0.315633759510483 68.535566424364987
0.38163463873441433 64.273265621529177
0.26693537352131275 75.436148958908134
0.29949481201636013 69.643750669126888
0.37070357920881908 65.409217295023097
0.31308717377834783 67.844712065993861
0.30805734113779132 69.688181736234398
0.26611706625691989 72.426393049716523
0.33191504993343535 66.110928620720614
0.28303498951805633 71.080447833951041
0.30860458603956509 68.456434483050771
0.32053383401897273 69.178033049858143
0.33512267946225893 68.508639195631204
0.34701494303216257 66.513452060424498
0.3118308682477855 68.342996654356227
0.31788628024459414 69.170727627383769
0.28258346552182967 71.309618505036724
0.27289914606542998 72.262702800941781
0.36088954664821338 65.805614554152982
0.28092726902902998 72.68552953595092
0.26772639585847302 73.797556006708277
0.29677334484877516 71.467514448110705
0.24371862757397053 76.766992732192591
0.37546883894115074 65.496942368301831
0.31535893028823225 69.505416030893613
0.36516461102362141 66.291561677259594
0.25451828144268362 73.32974428079568
0.32934897994569701 68.614426729573893
0.31714563386136352 68.765988772725706
0.35388581992844215 65.376014824155675
0.24661715794782957 76.429260079643711
0.26155527006788581 74.151007127776353
0.25105637120428781 75.557289100004482
0.32387095890798168 69.026195407237992
0.35327022345759057 66.117163492097347
0.39412498743116131 63.763137399071141
0.30731962416903374 69.840838483929886
0.26134289189168253 75.304269126919806
0.35341341548171146 67.048901000924545
0.25701140480698281 75.084847914391958
0.28158304849532567 71.953538834654054
0.29328335121516869 69.257611766108568
0.24694290740885441 74.903260763263802
0.31777104173320464 68.992128297505289
0.33232514048636069 67.958497168682939
0.32243214718626662 69.905605474276001
0.26443966324041485 73.450500073550685
0.2898595431629013 72.549498022564606
0.31496401086071579 67.91139208857507
0.28385851957436237 71.258301512556656
0.27717044504744098 72.622856254422416
0.27733922995848476 72.226473355868848
0.26107491210561895 73.845220833707856
0.24457725077785925 74.689410310133525
0.32737792576180863 68.552765307915422
0.32840014543418722 68.442154808605935
0.33309112233368982 67.785002323440381
0.29983643431103651 69.331614814159451
0.35293703764707168 67.145014639808863
0.37664455104400824 64.896347250076232
0.34975305609216512 65.41265408383255
0.29322917338304766 71.227683902855304
0.3028131348697688 69.442825961775043
0.33027623259628075 66.943442970904485
0.24986061960069131 74.688606332370668
0.29032521681986584 72.295525765344991
0.21879301028660697 77.957581993737946
0.26140670211691613 73.316063347318931
0.30294602350170463 70.555953710443958
0.31812782413444285 68.520226496150926
0.26728998048359126 72.664780769430621
0.28545675721821262 70.178088549688695
0.30838578801328581 69.226717494369836
0.28492698970699759 70.839155488905774
0.34029994348756598 66.992707277810268
0.27279765357599256 72.577168954643923
0.37364912861434341 65.320344924702397
0.26119468774067395 73.426524828858248
0.21723807741051776 78.316450304842803
0.30019675044674504 70.65349390364679
0.33222217515740532 67.820405820029961
0.22206952421382506 77.400816738980197
0.40358383218301891 63.025382139673376
0.23439207651111837 75.277193127381238
0.28276086303716186 71.417716160533615
0.29863623559950497 70.84593973694561
0.34855249066364136 67.049067704415961
0.32203052147485806 67.180469252774344
0.2926858760666719 71.469794387054932
0.30425382464623435 69.806159685319557
0.20259948368184438 80.877041347065955
0.35229479826051907 67.405734551654504
0.27466701172934771 73.283501484120634
0.27529967117345633 72.151829236180774
0.27848376159789395 71.89638305750934
0.31495249113387708 67.6090664998503
0.35773034644110635 66.420878751395009
0.23843780739879375 76.316456539263257
0.33178175041467045 67.362851963944195
0.30176679677622958 69.688452375707726
0.3115683231003093 68.612252549335707
0.18791038501369917 86.471997365578162
0.26325914779884746 74.124171792379414
0.29926645318038231 70.70400759592242
0.31011716178904314 68.807030606128336
0.26161634271337264 73.068170601349934
0.3150480980828349 68.455934434673352
0.28752944516672313 72.239719099807104
0.31892473195436272 70.556900062720501
0.32636695845437846 69.171766192575092
0.31739114415179748 67.847125612999974
0.344060528595444 67.481386088660713
0.44164745651039561 60.772101443171529
0.2721446657027084 73.982885655222802
0.29314588531746605 71.279690402387743
0.26674500868755885 74.029989518123458
0.29801148962403579 69.394924130686277
0.27066054192269107 72.779511789304095
0.35486350292404822 65.609266791880273
0.34518130401852642 67.092293363494406
0.25763426320867994 76.410747753807868
0.39481368772233011 63.501694046424994
0.34964150365415309 67.238996577860803
0.34039865488882193 65.87920297060684
0.28995042800570253 71.765330725204535
0.335679104231561 67.916302035905318
0.3021634776498332 70.504321741397078
0.2606432640061031 73.67137485692686
0.28207510006852043 72.087396993544061
0.22697194896443559 77.218733723627423
0.29446750564101337 70.326706534008551
0.27122564280689282 72.008412171740559
0.38857207251706577 64.199796235338127
0.24307669500215287 75.231000117669794
0.31204501067273765 66.86782811588013
0.29905989136429356 69.927592758338065
0.27762586574061615 71.522684962244057
0.26936102268255885 72.704502027249148
0.26319473183317693 74.597452181133022
0.24933372938692047 74.221994122830822
0.37569588048767522 63.698590601307139
0.28274093703381004 72.077660249014315
0.29102072416132913 70.322804363386638
0.38994015859645098 64.749258636410943
0.2934354913149036 71.313433218984116
0.29883741506625316 68.932832425654425
0.24568534218900703 75.484990701648101
0.34953838737406279 66.192717593133423
0.31279486790775263 68.858086914241156
0.36359673736708714 65.710568885820152
0.36985604142974904 66.50418198280174
0.25294588783514427 74.863426784899858
0.32866703997275604 67.21983737725833
0.29408765873782039 70.877573955127545
0.36240302998803542 66.35942761355733
0.31137046080017988 70.49492448765983
0.23173283024253458 77.138531631165321
0.36657713998250341 64.12240462906756
0.30670047646322979 69.455416912472216
0.34401009617302197 66.529264355038578
0.29151961671344812 69.756062433328481
0.34317428770491243 66.332510908101625
0.32961378056474311 67.109684905290337
0.26752726462674081 72.090203645273505
0.28558421664733835 71.132202010771266
0.23607574494896036 78.342452689673379
0.35210333441329145 65.477591374018346
0.33011397460995995 68.287945323596148
0.29884967227867254 69.999472017549778
0.28020861153821564 73.927364492266662
0.26884343607104644 73.743080562442515
0.26099570045870057 75.083059422856124
0.44189903873599756 61.546113490372527
0.31825645531243169 69.154657619678375
0.34372425761404546 65.517615772088561
0.3987200314304874 62.822803915917532
0.29255537623632016 71.468126074565788
0.32504481652095618 68.575168177311966
0.32036532998948408 69.534712533062617
0.27217470653509124 71.968889452901976
0.33405984565335828 67.951446406904566
0.26089405110942532 73.393779527566835
0.31292846395861279 67.076700587130517
0.32357623183260997 68.486066253907737
0.2947451151038733 71.716172582691399
0.28526896702599291 70.962573146340262
0.23348016121583867 77.413121591902154
0.33012168741179465 68.134684741416947
0.27192562720591401 73.744656760470477
0.32370844711695179 68.888776531927959
0.29432236331738149 72.639266424804163
0.27025776438355376 72.70258432923815
0.26898246792356967 75.040529769849115
0.45362985238737197 61.105449214751367
0.27355313975605577 73.664395136577298
0.29154218444808122 71.303541466091517
0.29938447542252455 71.315573942529028
0.28035436443276124 72.452540951012324
0.22074768999868397 78.313760986217929
0.30565552662675771 68.790968913965429
0.3495193479342999 66.743031875502311
0.23077812278252616 77.656892412377076
0.24224228720340554 76.218475252923454
0.26711181419734353 73.812602772746061
0.31428650077416737 70.911171779470848
0.32490699667637307 68.341821408271372
0.29839750724064251 67.204346811956682
0.35734927943605782 65.570441663051952
0.24653534345132155 76.576898033871259
0.27462520249847222 73.086274279393834
0.34487214996430315 67.366350067661429
0.31479035507101327 69.356188778850552
0.28436158332441025 72.533715073153544
0.29858469758059125 71.357333379251259
0.31387516264053689 69.153868727011471
0.30966171304320544 69.448161571509118
0.29482192619699676 70.93978982008521
0.27935850188759531 71.572814579682756
0.37459930455881224 65.369409476525263
0.3006620894489746 70.304628056448507
0.24010103344234535 76.328172126242535
0.3524664691228806 66.445895677043097
0.29874191182094428 69.318253828790063
0.29434786630868298 70.701056306757593
0.32066406952068616 68.883735750978403
0.30216103825268503 69.923243321346291
0.34267880653430771 68.351526282343215
0.33955047506844388 67.179039654372403
0.35613099534146869 65.570841926402537
0.32638294315820637 68.762780536818539
0.30726928629978206 70.173468839188004
0.26788252105818922 73.325854140043646
0.29311683061166433 70.918004990371216
0.32259042623731238 68.873585007748488
0.30257549732168582 68.570399043740494
0.28329404931594865 72.052116889254833
0.31315216625517217 70.391215451799553
0.27387596345734594 73.294615654888773
0.30109701733702238 69.25204532974314
0.27737810328887502 71.657116025718992
0.39539176371481627 66.249453616706973
0.29168885459355065 70.519633502027318
0.3431603926028492 67.357713968785887
0.35894082022977641 66.649980832457217
0.39009378529241945 64.302781386361943
0.32163549597835023 69.272718792120131
0.28874518233078028 73.104336277990328
0.35425265781740933 66.556431695767287
0.27213357707276148 71.715192292039418
0.26703248103984295 71.008183617392106
0.28707791100591362 71.889425626617438
0.28685537673570188 72.200221881572446
0.23357262677422053 76.49058285319262
0.20406137500845842 83.605664787476627
0.31744036069244025 68.162366832908219
0.25705180184537108 74.265608358828445
0.28532179576200783 70.732688236328556
0.2420704055810137 75.981293064887325
0.26416868333592414 74.541251720931015
0.26679639712764708 73.247404166042571
0.2896108221016192 71.336158218984551
0.29543386516029324 70.448697539380262
0.3934278414721924 64.846061507841412
0.26218254542275754 74.596353340134186
0.42395607418216497 62.067564474325088
0.31909498985618306 70.544901820574864
0.33575605339063735 66.874261343257004
0.32225355312581783 68.018464807722822
0.23917534297687679 74.478530814034556
0.24186115979370792 75.896120822965216
0.25402613118440937 74.669730999702679
0.23212383874461601 77.267359713033727
0.29251295569900188 70.420723436679467
0.27391563644958888 73.632018505935278
0.3171794472576876 68.107151530714731
0.2735311477043369 73.348109077438679
0.32094850798905572 70.749620118738989
0.38284605747928591 63.290837685321783
0.29577951470580899 70.705454369913895
0.30567038328238993 70.797178530843311
0.35516582797844815 64.86432282559052
0.25803591702245687 74.017673040591973
0.34429935141091478 68.191792649179447
0.26387996542937053 72.38046002735615
0.32516373547153204 67.426741198848887
0.31977803601380306 69.773853711846982
0.2646258010630928 73.575914496586336
0.27396063350104516 72.645454525578913
0.28689963737698193 71.948136652571904
0.35009799124988195 66.736618006065541
0.29826940801150476 70.810023060309533
0.21581854637894221 80.470568055142039
0.23048068560731888 76.857776587445841
0.31672528822541424 68.645644206765866
0.32571737892933039 69.034427493283317
0.24697479688930532 74.404473052130172
0.37874823429550225 65.13209413482511
0.29416585223099545 71.375880769400823
0.27900823938726016 72.666652482647109
0.25147706926916397 75.202358930832787
0.3106192476528753 69.385957393901123
0.43295316652026045 61.586200791248039
0.25573901923661907 74.017328776199363
0.32647795695104609 66.266052441352841
0.31626072137710837 70.856148159630422
0.27061928832203375 71.619659488379085
0.33178364245219566 69.06339695356472
0.30987623558713401 69.975315596546963
0.40138210885560721 63.694054729915884
0.28749580958684168 70.83325747439811
0.25257771654352495 75.355045031898854
0.40492918866121974 63.520843705781708
0.25698346557011981 75.236241081821063
0.26428787760594313 73.315915617036922
0.23851258522406749 75.893715953658656
0.2730062588744393 72.768979622837946
0.40945647234665294 63.285639680522152
0.26877752408764066 74.780915489550054
0.26684282239393498 75.771015854445992
0.33882693907369194 67.423378838772379
0.34368302138128698 67.086592040976001
0.32244655181233645 67.14264824278608
0.36225097061379757 64.955834213801097
0.36329117030158053 64.924432593183212
0.28793525409343074 70.839845101029539
0.21851885948839594 79.252073903865622
0.2908771169287202 71.064538906202174
0.27483718939583301 73.496970232785074
0.37097771305228899 65.255781813745912
0.28705653197110775 71.809417675467543
0.30097870315883202 71.56962944653219
0.31288663565310648 69.606847907083306
0.28042716742510909 73.785569705270902
0.3344300230792247 67.157780223589512
0.28627457504592768 70.83706297912488
0.29917847834393602 70.180231807834403
0.32546157557195332 68.632234056976287
0.36207832366963966 65.13475026351918
0.31003748563292066 71.939600364673453
0.28730250553209946 71.537456325204602
0.27279862197120464 71.202489685915864
0.28180432852422088 70.391073508971658
0.33593563212909899 68.015616832568782
0.25868498094321746 75.638554471987547
0.25323873009096481 74.678156972099927
0.26010816286787081 74.930570592972714
0.27909257967158096 72.138629886704578
0.3959009754486541 63.078141411208591
0.27758322414453662 72.70237591288479
0.29898807599994515 70.203259232059338
0.29946956255884716 70.276008920005708
0.23251039245557523 75.001594443751216
0.28091798014447944 74.160235745075369
0.3092364978353998 68.731409643424996
0.33019460961546637 67.828879548729418
0.29793622347382898 70.564988218623796
0.41645241276950318 61.955653650477629
0.29732411825463068 69.751389298476113
0.28070063634230596 71.712669750863725
0.23894736141218001 76.969843305618525
0.31096977838359041 68.657372767446944
0.31399559249521741 68.387530580207965
0.21287281219142615 78.581623882505824
0.25416483279562369 72.57159570519832
0.24088748446748873 77.720900909139786
0.32069449845161868 69.654870574811198
0.28679260104573828 72.201692089866384
0.30549000333356591 70.660651326886622
0.26172491134943909 73.596660786552192
0.28384182960066096 71.068857487649609
0.21491466086731081 79.096260330791864
0.29729879812648147 71.186041557879747
0.30969525617070165 71.011247728014908
0.30565588757512158 68.767504916272216
0.29639019846767489 71.739693212704907
0.31196188846434653 68.271762982927498
0.28352526098411834 73.571888704505568
0.29756159377207808 70.269600081399105
0.3001608694294553 70.481105021703613
0.31221974897512311 69.956396724779637
0.28323788015959711 71.941094559663711
0.30238733981901345 70.053842078939951
0.2990759808177969 70.167097617689052
0.32930202620571891 70.7318953796877
0.2713871193545358 73.092196320079282
0.2732165841591091 73.832732572851938
0.27737107375402642 73.019715128291395
0.27699679375013092 72.354500293258639
0.30846779049175638 68.44003339637888
0.30503096464998863 69.758064035399258
0.34914797671430275 67.399983951030876
0.37365094660430592 64.834594666508465
0.33609444804858496 67.982626147371988
0.28798153145107741 70.130356540857662
0.25851059280477501 74.262313927234459
0.34349088778749343 69.3966579561137
0.25189065476882744 75.482512138144344
0.37517522995346392 63.615092026597232
0.27544862872406828 73.109240806498818
0.34221391917249627 65.971836592871838
0.31579403047207166 69.396270296613125
0.29134249821233149 72.144262357473082
0.35267451794860383 67.545199378413017
0.30398349226888172 69.851612489915468
0.2556558978607934 74.448275771932799
0.26452457277413005 72.620162649362854
0.38096010824559146 64.993095848108084
0.34815166304731632 65.70605174653187
0.37242573792047573 63.982587145214644
0.34424783864747099 67.15455394063936
0.34179771912181384 66.790145291296085
0.35094160354582482 67.787197319148476
0.38628126271476687 63.113453766783586
0.36442332977304009 65.171284860145789
0.3462933580137858 65.962085435057887
0.30478160938666149 69.291347758051501
0.33647992186455639 67.222774003321007
0.3320686792070211 67.290395188216763
0.29276297126749828 71.926299449967686
0.33431075478588168 68.647856967361193
0.3284532053473655 68.287096780766149
0.30871075719451102 70.912331373611607
0.30776815060390245 70.87691040646753
0.23343866258544463 76.747663134684529
0.31706880698783735 69.510377114978255
0.35296181583489322 65.150845679761545
0.28938053122584717 71.571177002848515
0.27865294393109896 71.817290363984043
0.36067715195703048 65.964613256687244
0.36022686942906884 67.187578305683417
0.24226023127132584 75.825057477906739
0.2783239585147228 72.015887008254012
0.35832857346450353 65.133884222534093
0.3146028607795851 69.149770421428798
0.29962377037259968 70.610417114905346
0.3934111576664453 63.67662529951258
0.3226266546138481 67.305159125615802
0.26733525966608562 73.840422515752138
0.30152532727868525 69.415187620974763
0.30570622479511694 70.761522728337795
0.23538680435999101 77.631298601990125
0.28414581988234022 74.215471225352786
0.31637297704104989 67.128200145053
0.35319765260501007 65.63342191455331
0.36647437515137354 64.933873817027461
0.29001114031783398 71.371131198896521
0.27575543037290262 71.768334482403333
0.30349771539604231 71.187713313557865
0.40879711394357565 62.137063194106311
0.32876129882137228 68.027423223950592
0.35898431170231804 65.309130775411106
0.29279776780435418 70.878695473646587
0.30263677868494515 68.651323877480422
0.4338891800414803 62.441835451782282
0.30896109395751964 70.255884572927542
0.36745694675373247 65.719625418909914
0.24433542179348139 74.830169284545889
0.23183065552664794 77.686783176098785
0.28536050885565362 72.282695875103215
0.40941839234923438 63.483610500828689
0.31478473587773287 68.221190477326445
0.31889625999838767 69.263868740513772
0.31247264246478429 69.668990289732704
0.315151301328008 68.136882502822644
0.34896042480287026 65.977928367121109
0.34053766044512707 66.576161551410337
0.3135966845773458 69.999865911377526
0.24835073767416499 74.865058482593213
0.30097755898738643 68.856977224958854
0.2575091636758437 73.738113737096199
0.37692473377926511 65.867870962605977
0.26069177360645085 73.79477425370419
0.32608111564008457 68.318164885603125
0.37624102551867 67.202083987054493
0.3112919273900383 68.92022363962343
0.20826180098920435 80.01417999291904
0.32923118267177431 67.869502334314262
0.31522034324585108 67.694739541119191
0.31726564777609528 69.569186928702834
0.37070913985002402 66.139487515983461
0.30112784760126371 69.003968112998038
0.26034266941061579 74.231327255939888
0.25042158580283858 75.267480828889774
0.26186429258148758 74.337367836732327
0.28779039039237392 71.077677377774521
0.28847561965640645 71.100306943716859
0.30105014500854549 67.347253804656091
0.2979233184823854 70.578958501998301
0.24213060400852723 75.334931511039571
0.33318769505971374 67.887180637013515
0.33498130149141425 66.431416744468947
0.28831918517215088 70.965678387776862
0.34764736194920659 66.62008821007322
0.30537988304273711 69.639801508928045
0.25438390971741387 73.50376096644905
0.26789831540907522 73.636847932776178
0.29750406715066635 69.802082005960386
0.38861164358753719 63.091187788003204
0.31992488432487975 68.982941201357079
0.32751877104746269 67.693276109111267
0.28616738604109482 71.073193836982526
0.29568529870871874 68.90902770443391
0.3070555742108757 70.268323930270839
0.35988539744969711 65.577138610829948
0.22899397411551553 77.923519117054823
0.33075763656124202 67.80481918631699
0.29480732893219685 71.469218184737556
0.30894800014958751 70.983622693076128
0.29256479244319067 70.059471692563875
0.30347368870889546 70.328071632561787
0.25843215966909044 74.854074168839759
0.34480661567734916 67.201621966528464
0.34284408168777819 67.37115843388689
0.34366189973387401 67.783192482034821
0.30204627101176074 69.519310711651713
0.27700524743847549 71.943702719545144
0.30183943699491333 68.326212635666863
0.23068036271560138 76.771026773189121
0.31943187120907524 67.201508421798337
0.27118490545101798 71.769053556211261
0.34308751564608436 67.133827545609975
0.41236133233025912 63.122059863708756
0.38837633612841366 63.604712429887854
0.26794460603497483 72.457857243464076
0.31010614749758603 68.039996941670495
0.2592427012785819 75.538414634087999
0.25459313474033113 74.824294975193752
0.30486949073368186 69.42436865389972
0.44093783437174944 60.95733074002117
0.29629580780069736 72.359962336654704
0.30619684681023707 70.240173701079854
0.28712269568595944 73.768525720966721
0.2408992211583707 75.673474986181816
0.33740079951789437 67.360383049556177
0.33987597767736022 66.496390268338772
0.32796558640006712 69.943826150692018
0.34785559890161399 67.404403478863841
0.32392571237931156 70.229203356594383
