0.36508759 66.89647248
0.32116198 71.18008086
0.40355379 64.35377847
0.33085977 68.86318906
0.44404482 62.93312032
0.21542712 82.08394925
0.28422526 73.78
0.28937339 72.87236201
0.3029613 73.19381793
0.22241704 81.85462743
0.26396111 73.53
0.30685257 72.52586583
0.25366782 76.39859815
0.3353869 67.81127793
0.26813079 78.84063775
0.28046782 76.90858355
0.23675864 80.88
0.31059427 73.26350183
0.21739039 82.38544587
0.37086878 67.68658918
0.16945066 89.96729568
0.36858674 68.98691546
0.26879331 74.41344833
0.31771128 72.21243684
0.24260304 78.19
0.26178283 78.78
0.32413947 71.08888053
0.26404036 76.19465898
0.31978998 74.56297057
0.25687541 79.19047899
0.31736022 72.33616732
0.27957567 74.01744467
0.30568407 73.39199698
0.30853048 73.19
0.23229298 81.63920827
0.4878656 59.37531699
0.34595875 71.09135419
0.2803288 73.35078036
0.5258798 58.01360187
0.272189 76.48923493
0.30664794 71.64322749
0.23147625 79.98
0.22366511 82.34660888
0.27953277 74.83522693
0.29713143 73.34816905
0.26499973 78.35236483
0.37080513 68.54
0.31146103 71.12072685
0.45140314 62.17145106
0.24239944 80.04476433
0.23348888 77.86135733
0.33750806 68.20416437
0.17801385 90.30940443
0.32561438 70.37393571
0.25238944 79.92404376
0.24132909 78.60384217
0.27771288 73.37346081
0.31440701 73.92689377
0.15894155 92.34599983
0.35509583 69.93141474
0.28772708 74.00775463
0.25755326 78.74888327
0.54999861 58.58740942
0.30092987 73.79
0.42418757 64.16
0.24170162 78.86448945
0.26691933 80.08270035
0.27293149 75.05088057
0.29794633 72.95994773
0.31764683 72.98401616
0.2816352 74.99335526
0.29880917 73.72797707
0.3139826 73.28080265
0.31051394 71.69038896
0.29644719 70.27837134
0.44360477 64.21350093
0.2174591 82.64449482
0.23559482 80.59547422
0.26852555 74.32
0.35485663 68.82704245
0.29289693 72.52313672
0.27475795 76.22595192
0.38663528 65.28
0.22054571 82.97632825
0.34596775 70.36951747
0.26427932 77.54542974
0.28804467 73.29764118
0.31905099 71.11895837
0.29269434 74.38244894
0.43989277 63.27
0.34934309 69.67106501
0.28956976 73.03204635
0.30219187 70.81579179
0.24575736 80.82213348
0.36560411 68.15586724
0.39686843 65.21887006
0.22155276 81.39229923
0.44648345 63.63941968
0.3219378 72.33509417
0.33878511 68.35730154
0.19062641 83.87369424
0.24265497 80.53529636
0.30846706 71.73740434
0.28255029 74.86962758
0.38998281 67.65196451
0.23022661 80.23441283
0.23847275 77.19388433
0.45458164 62.58049815
0.23593558 79.38546518
0.40310538 66.08019927
0.31578655 72.62028403
0.32158268 72.64122024
0.35385557 69.47080177
0.40691805 66.56084549
0.41770756 63.93129992
0.3495387 69.8714211
0.32614174 71.72190051
0.38638216 66.34137756
0.41789638 65.21006465
0.25255264 77.52044061
0.29030182 74.42
0.27647126 76.01480169
0.31074901 74.30378569
0.26609454 77.29208117
0.27457651 74.61937252
0.19024713 86.81701029
0.19934464 85.09340992
0.32094911 72.60004914
0.34516633 70.81811964
0.26726638 75.74224597
0.37102752 66.12361818
0.28806932 74.84482048
0.26074565 76.00784842
0.31241351 72.76377755
0.30691425 72.93629665
0.30980217 72.34051207
0.27311653 76.12353875
0.29983711 73.02060218
0.19481582 86.64049245
0.19120773 85.15193825
0.43027595 63.86929233
0.2382371 77.4592771
0.48337409 60.19601592
0.28354407 75.15935845
0.31093142 73.39939252
0.28314909 76.33587897
0.33131625 69.18881156
0.31081136 72.55909939
0.40151054 66.00439008
0.41277867 65.50747263
0.26634181 77.66461398
0.27996218 74.79085469
0.31254485 72.94488619
0.37234636 68.87819173
0.30794605 73.10371413
0.26449864 76.74
0.2983211 73.24805765
0.31672909 70.96151305
0.34213602 69.70736914
0.24302121 79.39311258
0.28202671 76.52185889
0.36277866 68.29116679
0.20601924 84.37324817
0.25944514 79.11
0.21752864 83.92358738
0.19150369 87.52792219
0.28108441 76.47898137
0.27933729 73.89117232
0.33659978 71.32725702
0.30373672 71.85
0.22673357 82.36945797
0.25318931 79.17996855
0.26972158 77.44137194
0.20038773 83.99983829
0.30051227 72.59843927
0.30429437 71.15134011
0.33238956 70.39
0.29411695 74.25556359
0.31517929 71.19674897
0.25177126 76.79849949
0.26729146 75.04647655
0.26225813 78.05293602
0.24826446 79.47476099
0.33139522 70.67713424
0.30236626 73.72339842
0.27898354 72.21600592
0.2842089 75.70951525
0.27440907 76.24477373
0.2403796 80.29341029
0.35188995 67.06435658
0.24113628 81.56982759
0.25510417 77.52425734
0.19779396 85.28695383
0.38728813 68.31470873
0.25706882 78.53001753
0.27715865 74.46297878
0.24575356 79.57740245
0.17299473 91.54644659
0.28952114 73.62938983
0.20228284 83.76724247
0.35861697 68.85280042
0.26891302 73.75313785
0.28319346 74.09901134
0.54999995 58.36668221
0.25791051 79.05681607
0.28100383 75.11342589
0.28485129 74.99968742
0.28906119 74.65936377
0.30485574 73.46406724
0.30890923 73.41117007
0.40227735 63.89357898
0.41235695 64.33584281
0.29207021 76.17309738
0.21374642 81.90416565
0.35802539 69.29815948
0.37470865 67.13091936
0.26968607 76.34010313
0.28469269 76.30802072
0.32924402 70.89125677
0.33103022 73.42566152
0.22379823 82.90
0.26686962 77.47343605
0.23943883 81.12635638
0.37132172 67.47609131
0.21771627 81.70620244
0.42475047 64.86339686
0.29792781 73.85299403
0.24689587 76.75303173
0.31362647 72.35009827
0.28209023 76.17384497
0.25092636 78.15646563
0.36441889 66.76878776
0.33747839 70.39573868
0.31055416 72.56204802
0.24892127 77.63313566
0.24216889 80.49683668
0.25997695 79.95815578
0.38183594 68.28609585
0.42196517 65.19574144
0.268795 78.03339429
0.3132915 72.47810672
0.31796418 70.36869054
0.24981708 77.01315699
0.29058936 75.28
0.347601 68.87708988
0.27540756 76.57408053
0.20577658 85.82430421
0.26348288 78.33
0.34318819 70.61
0.34267719 68.35320647
0.24728006 77.55189303
0.25664962 78.66221673
0.27767985 77.22649487
0.31873968 69.76494493
0.25033394 78.35187361
0.23152167 80.41767672
0.27596048 76.66806686
0.23321623 78.37143908
0.3185458 71.13403289
0.31437474 72.51063821
0.24659806 80.20018635
0.38258941 68.57605829
0.28588942 76.96285699
0.26078237 77.84424494
0.28055284 72.34999565
0.2866902 74.32652905
0.36692258 66.30938938
0.28197147 75.25674984
0.29526971 75.08925227
0.235661 80.32047111
0.27799301 75.30610029
0.38362698 66.07124171
0.32964292 71.07999565
0.34688557 69.65326107
0.31020224 72.57590433
0.34517238 69.45655576
0.29231202 74.77200578
0.46497095 62.18262843
0.2592195 76.30228537
0.33564825 67.86291068
0.42273184 63.68
0.3821604 69.24891367
0.23093249 81.24311853
0.27834641 73.20
0.31445479 72.09185229
0.27161278 74.85145525
0.32068812 71.22300006
0.4906615 60.65025689
0.26470226 75.94136317
0.25791594 80.98595327
0.29024739 72.75140996
0.22023899 82.60722901
0.2726264 76.68212669
0.29549081 73.96272804
0.25760731 78.02375553
0.27835924 74.55978704
0.33653432 70.09785288
0.21885302 81.49818241
0.24365645 79.64254085
0.44813462 64.89783037
0.29008627 73.13774696
0.32333801 70.77408217
0.25588538 78.17232088
0.3684899 66.87107605
0.36431468 68.00877734
0.36431182 68.02629817
0.2890491 73.52153495
0.26935602 77.86159413
0.3006497 73.47056818
0.3106167 72.23996226
0.35640486 69.08345441
0.35348978 67.80248383
0.19666102 87.22112999
0.31489966 73.26464771
0.27394553 74.22238117
0.22088287 81.07175067
0.2990762 74.17364594
0.22030368 81.98649741
0.25731471 78.04714491
0.35489202 68.23329448
0.23867806 82.75309558
0.40465616 65.24822437
0.35588714 68.38913767
0.41463235 65.34488754
0.32583718 71.16888202
0.32042581 72.11512485
0.25734975 77.64891677
0.27470399 74.78552205
0.29286607 74.52153984
0.25443312 76.84082193
0.34827121 70.03643549
0.32717084 71.62682271
0.29780374 76.97215216
0.38821001 68.23080883
0.22025522 82.45132344
0.28897057 73.19903255
0.3364739 70.30265964
0.29924577 73.51365725
0.28114198 75.77205935
0.30333811 73.72557894
0.36836951 67.62032433
0.21883774 82.27589993
0.35401279 66.48733288
0.30294045 73.34
0.37876529 66.76612358
0.29540915 71.76639632
0.22267214 81.46376131
0.16162766 94.99973841
0.32218234 72.04598363
0.29620415 73.19897197
0.37337698 67.90692518
0.23830214 79.33834276
0.27134733 73.59802483
0.22558454 82.90026659
0.42755081 64.68727842
0.43155238 64.60077141
0.24741036 78.92390057
0.40738999 65.42935883
0.32232658 71.66
0.32362252 69.09866219
0.27042202 77.98
0.26215926 76.82316826
0.25688709 76.72894424
0.35510769 68.52511813
0.21148594 85.79514487
0.36610492 68.53
0.35092709 66.82826842
0.27560124 74.60827262
0.23895759 80.39443009
0.32554161 71.05123933
0.33213849 70.09847611
0.40595172 63.63762416
0.32542488 71.10576129
0.33157103 71.19793169
0.37472087 66.34444707
0.33124415 71.44700075
0.2667166 75.63116923
0.41854775 64.44467203
0.32862685 70.41993554
0.34270053 70.14684026
0.30995584 72.46738076
0.29022081 74.13987904
0.40260083 66.78906074
0.33600404 71.36333128
0.31864423 72.01
0.29488827 73.90262291
0.31575803 73.33600364
0.44147813 62.50563096
0.33170565 70.36387176
0.23958622 79.60
0.50592509 59.33996439
0.33786574 69.89547529
0.41318967 65.15366774
0.22411471 80.81373491
0.28865864 73.84173488
0.24552737 78.90014299
0.28439254 71.55763537
0.29162157 74.87329861
0.31632967 71.96811248
0.33080603 70.55635356
0.36547444 67.30716108
0.26432478 75.49
0.23530813 78.45210424
0.44268438 62.84697455
0.26544604 77.40150735
0.48460051 60.14667683
0.37502481 69.75515105
0.36967021 67.90454123
0.31710792 71.08
0.43343437 63.17657985
0.22561339 84.66
0.34417438 69.56013661
0.31522619 71.80816792
0.21911447 80.13889049
0.25611161 77.05321496
0.37199559 68.27230716
0.21840282 83.74646589
0.33674615 71.91096912
0.30474235 72.24814214
0.22701259 80.35257756
0.3460886 69.94003369
0.31879558 68.62181585
0.29134254 73.47485138
0.29636614 72.04956024
0.30903488 73.57313504
0.25891306 77.72507696
0.44188165 62.21918641
0.24516911 77.77040487
0.30597319 71.69291986
0.27390909 77.01431562
0.22683525 82.51669063
0.29096883 72.11
0.37601654 68.85073457
0.23960392 82.06270102
0.41429493 64.07797007
0.31971866 72.05
0.24191475 79.81690451
0.26752578 77.22461453
0.31672329 71.34357024
0.25408592 79.94840929
0.4404018 62.90859971
0.30894536 72.80
0.25275126 79.18194612
0.37968523 66.33616186
0.48602538 60.56752086
0.32939602 71.78398166
0.26747388 75.54381024
0.38386224 65.70
0.34379379 69.41855505
0.27970862 74.98709264
0.24237193 77.79574095
0.25049189 78.77398461
0.27268713 74.90112327
0.46420286 62.39091318
0.28151749 76.03692152
0.26975593 75.79267352
0.3185416 71.03977252
0.32976338 71.22559894
0.37482539 67.50170959
0.26845067 76.30715252
0.21345872 83.00516047
0.37266791 66.81261685
0.23465358 78.19698002
0.41147254 63.64374642
0.37089921 69.42295739
0.30469145 72.96021445
0.2397744 78.03346002
0.27500049 76.27334497
0.51710775 58.76035532
0.24410194 80.50433001
0.18847681 83.65328232
0.31896493 73.23056767
0.28182038 74.53499228
0.35347045 67.93224386
0.40202676 64.45201061
0.34069148 71.02787937
0.39648294 67.23460553
0.31111001 73.62844433
0.31182632 73.86162324
0.36864748 66.49
0.26149445 76.08100745
0.29964418 71.61557586
0.38190801 68.75080288
0.32170972 72.44871149
0.30981994 71.69132511
0.29611013 74.28285891
0.34013658 70.58
0.29894383 75.32946455
0.33403331 71.66769032
0.29788413 73.38457876
0.44027836 62.30229761
0.29301659 72.46048598
0.32159915 72.94216245
0.27381347 74.80962363
0.36868519 67.71125558
0.24720009 77.50874871
0.26190146 76.75881584
0.27353723 77.34067264
0.29800308 71.80412988
0.45890227 61.58561503
0.36292044 67.38779422
0.37866497 67.12
0.47997235 61.38799856
0.27406493 74.90
0.21440183 82.23806663
0.33732092 70.58275201
0.2943392 74.45440335
0.36376398 67.97939274
0.28412643 73.55476395
0.37882504 67.47678012
0.24451814 81.38396904
0.31365401 71.16366277
0.26300924 75.30308664
0.39653589 64.91
0.29585441 73.83
0.25641173 77.70666693
0.32266005 72.53485894
0.300948 72.55152279
0.28507838 73.30207982
0.33591897 69.46193237
0.33014393 71.52995926
0.44395633 63.39376966
0.25543427 76.72585855
0.26333205 76.74715564
0.2979975 73.51410858
0.45689079 62.33313793
0.34551114 69.62
0.3691279 67.83460412
0.31599904 70.91601016
0.31758977 71.45286113
0.26966214 74.85254285
0.40665217 65.76569787
0.30496318 72.52726693
0.49195534 59.61538996
0.28697472 73.94618393
0.33540522 70.26
0.30064387 72.96
0.37810169 67.52406999
0.29202458 74.20751826
0.32443333 70.64954818
0.27362908 75.14
0.37492548 68.91723815
0.24242189 78.60079501
0.34494492 69.67740547
0.33942054 69.66269636
0.31164885 70.62689689
0.24354689 78.92398528
0.36024571 69.93618447
0.2888924 75.43116006
0.28178924 74.92951185
0.28092087 74.58874256
0.43210574 64.46546162
0.32485456 71.29912288
0.32249581 73.27088922
0.30028757 73.34856329
0.36222845 67.10972003
0.3085649 72.24952617
0.2455136 76.52271716
0.23860303 76.55982595
0.22570896 82.23435941
0.23126622 79.21034924
0.21085593 83.19105239
0.26178957 77.64702305
0.27483627 75.98142444
0.2718352 77.84258164
0.23914472 78.36157871
0.2167263 84.67391905
0.40014789 64.66348213
0.23598895 80.99911585
0.22116528 84.19
0.41053815 65.00415599
0.3385867 68.34055665
0.24910361 79.95319754
0.47399062 60.89945431
0.44951799 64.01
0.33456636 69.89399905
0.27990537 74.90699621
0.44566244 63.10106818
0.23987741 78.33343377
0.32939767 69.08483947
0.3226069 69.47873836
0.31363973 72.07242624
0.26587199 75.95916242
0.28143586 77.18341355
0.26970251 77.87515329
0.27970449 77.16144995
0.29027166 73.72722877
0.28165091 76.28376812
0.30535075 73.18372488
0.30279621 74.66217032
0.26981385 76.80706571
0.36003253 65.95264887
0.25596046 77.79928401
0.35634653 69.03619664
0.25598168 76.80235334
0.29425015 73.98363126
0.29883935 74.55595614
0.30978787 70.99843654
0.27156136 75.28550909
0.21320884 84.79477055
0.37981364 64.68339827
0.25336711 79.66997014
0.38343296 66.77
0.22246305 81.00099458
0.51083022 59.38994914
0.2529189 76.6460533
0.28229052 74.85037814
0.38064851 66.88130122
0.50097516 61.60834913
0.25094252 79.38409326
0.40551681 63.83909005
0.33781744 70.95477497
0.2870884 75.74877509
0.48360588 61.10411039
0.29566394 73.91375794
0.29226439 73.18285273
0.25630466 78.82527799
0.32088546 72.05
0.37383313 66.42333618
0.41666439 63.39677746
0.30616891 74.86262664
0.30026353 74.21703873
0.33936549 69.96918527
0.3754614 67.14316805
0.40878567 65.39576073
0.28223095 74.14884121
0.36058473 68.01
0.31374536 71.28
0.26572389 77.83556391
0.26006219 76.01339296
0.34222546 70.69781013
0.33305311 70.60438824
0.25725983 79.27694998
0.18081761 88.93916999
0.33117556 71.15698617
0.2900605 74.53998821
0.44989296 60.42433827
0.22578003 84.38187957
0.282722 74.4190097
0.42679001 62.20437606
0.35641015 68.22088732
0.29280015 75.75834421
0.23348394 81.40553343
0.26736611 76.59505101
0.30334422 71.87772318
0.42878688 63.13863258
0.29838053 74.65
0.21944543 82.08407077
0.40828641 63.96666591
0.29578555 74.53406757
0.25462268 79.12018398
0.34980696 72.14922256
0.29572173 75.43849028
0.39792489 66.66178626
0.51110271 59.14718801
0.48834466 60.09868656
0.19810601 87.40
0.25044967 76.87019188
0.23641623 80.06638329
0.37027826 68.26
0.27644673 75.92176369
0.34975404 68.87373088
0.24088748 77.96
0.26704114 76.70048174
0.25555496 81.69
0.32682758 70.47
0.37104626 66.28
0.28346542 75.48328062
0.35640045 67.14203622
0.35537339 69.00821363
0.24362686 79.27044291
0.26679649 77.85387334
0.26056609 79.98
0.33093066 70.10920821
0.29644299 73.13141079
0.25452813 78.14184139
0.44107925 62.81549512
0.22244864 82.89683937
0.32453471 71.34136372
0.27667548 77.28351071
0.43697244 63.28919227
0.31587387 72.86924056
0.25982619 75.75747399
0.19851078 86.72164261
0.40643718 65.83996909
0.33346128 71.91
0.28042183 76.73405928
0.44379024 63.96505086
0.21268552 82.57
0.28971997 75.02945137
0.33900515 71.91417025
0.2754831 76.58164582
0.3691532 68.30385246
0.35637325 69.16680464
0.28486468 73.06395581
0.26543222 78.62700574
0.33846471 69.25449931
0.38087164 67.50211796
0.35270794 67.76
0.41835955 64.96973133
0.26618595 77.00983251
0.36852573 68.10419993
0.40292974 63.41814931
0.30958485 71.94539144
0.33529895 72.61903828
0.20806139 84.03742194
0.34380081 69.36165195
0.30150763 72.53923891
0.41021667 64.00166133
0.36291679 66.64
0.27514952 76.57756072
0.4117187 64.06098194
0.26900893 75.60663618
0.20458805 83.93
0.38367 64.69336816
0.53907601 59.33441581
0.22613316 83.09765716
0.21105213 83.35743543
0.3219484 68.31375641
0.34007332 68.62
0.43668398 64.18455374
0.54999931 58.07014095
0.33064083 71.87265649
0.24828652 78.46251333
0.35934839 67.58849327
0.29869167 72.77487658
0.27116405 77.02923473
0.29783547 74.77847418
0.24826182 78.81
0.25313761 77.65
0.33295379 70.69791203
0.24220886 78.23645462
0.36821363 67.16485238
0.33409512 70.96786852
0.31993016 70.51865001
0.31357472 73.01203183
0.41932635 63.27005107
0.22942903 82.24817829
0.23701525 79.19936573
0.31214055 73.31
0.31035217 71.32269707
0.3312511 70.03797445
0.33672577 69.60244427
0.23056358 82.83818673
0.35291762 69.46918561
0.44472407 64.06412152
0.30432052 73.86665714
0.20659612 85.28135327
0.37382656 66.66129018
0.3526123 69.67398897
0.37383306 67.40917792
0.24850727 78.63693427
0.35889247 67.63
0.3384148 73.16919142
0.37216901 68.08289724
0.35378793 68.46774735
0.29104811 73.63481917
0.30688345 71.66
0.27982562 74.76955774
0.43882062 60.84724189
0.26581634 76.60872043
0.24515553 79.65783737
0.27154597 75.70384447
0.33591763 70.38295298
0.30934074 71.86668982
0.40125018 65.53859119
0.25246693 77.36828276
0.34747114 68.77381455
0.3434061 71.25087281
0.34256794 70.20346124
0.34843749 68.51651253
0.32371953 69.91729951
0.2823743 75.06595219
0.15189349 94.98135592
0.44368283 62.05419049
0.43707132 63.68326655
0.34448238 70.61281968
0.27627657 73.01710148
0.20951293 81.83846239
0.17401528 89.79896482
0.25368189 75.67577543
0.26021766 79.00
0.3167597 70.94550094
0.27366513 76.12875712
0.38725682 66.85108693
0.33151831 72.13927922
0.35391332 69.04025643
0.30202209 72.92046372
0.21631084 85.44949462
0.2593285 76.75560932
0.29154717 75.56474803
0.40217438 64.82
0.34395282 70.33029835
0.24653887 80.76360406
0.28385625 75.56086118
0.34644603 68.64598134
0.2953893 74.87317833
0.46837435 62.28485533
0.38509597 65.11118486
0.31115264 73.73580613
0.49714675 59.62406051
0.2759795 75.28818759
0.29712449 74.53343153
0.29156507 74.73479011
0.25839519 77.76815413
0.29771545 74.19678191
0.26693677 73.67595058
0.30236279 72.32
0.28657516 74.56939523
0.37202336 67.76697845
0.18328147 89.87240999
0.25997915 77.03596768
0.27045325 75.86393114
0.29138086 74.41860419
0.26242781 77.64059087
0.26822702 76.93779021
0.29477089 74.18969622
0.25872096 77.83947569
0.27478627 78.46007207
0.27252845 75.54828421
0.39848695 65.05967034
0.30418862 75.36115324
0.30901225 71.44913329
0.25529561 77.09173941
0.32140951 70.97528091
0.28958306 73.32037569
0.26589417 78.08999804
0.42338077 64.03704943
0.24961777 78.73
0.25961482 79.96838347
0.35518936 69.72028068
0.39371429 66.90940534
0.2789792 74.34798529
0.28231662 76.62
0.23497025 76.89547857
0.30619498 73.63603959
0.27769808 74.78156169
0.28523879 76.62
0.26692281 76.84728728
0.27117187 76.00406021
0.28450745 74.19711812
0.29357192 75.83047408
0.29517488 71.85736299
0.26376471 76.79737268
0.26802175 78.12000277
0.39850463 66.13895436
0.19687778 87.27309294
0.35589139 68.95581296
0.33388161 71.77155473
0.41574932 63.32517654
0.27094308 76.89660259
0.35067561 67.58531209
0.35693163 67.62662569
0.22703728 79.81
0.31079068 70.87309345
0.24600955 80.27511805
0.42733444 63.14087129
0.29406379 73.54833573
0.29558635 74.03566288
0.2646386 76.45514431
0.26738417 77.08892892
0.28761255 75.23008335
0.36122445 66.59674293
0.31416847 71.95413535
0.33013855 70.90354476
0.23609194 80.3560132
0.23635272 79.84633303
0.2456682 79.44483535
0.2867583 75.3106906
0.32030384 73.27851685
0.21587524 80.83999464
0.3395836 70.89812058
0.38746566 64.03634529
0.24518004 80.90305216
0.34156761 71.57603233
0.39211464 64.39955096
0.28137732 75.45062973
0.31934948 70.53224872
0.23934768 81.22967044
0.35031003 70.96142321
0.25452427 79.75985582
0.23300556 79.17978713
0.37892482 66.97176318
0.23776973 79.02226085
0.36516146 69.63139743
0.27301196 76.35417088
0.24782122 77.58152024
0.37476306 66.82201177
0.23245436 80.78357122
0.40192057 65.496892
0.26618728 75.93395117
0.2672161 74.9646165
0.27419297 75.19859912
0.23426087 81.34026502
0.29496295 73.25968409
0.40080003 66.45794051
0.31445489 70.49828036
0.39242889 64.74677075
0.32261338 71.3198329
0.30347797 72.26836465
0.26020906 75.43044877
0.17486559 86.25248532
0.28871929 73.37043236
0.25096262 77.60844352
0.26475127 75.63268267
0.21751016 81.21122466
0.32928446 70.57392317
0.37560414 68.04279661
0.27149691 76.99729064
0.29683245 76.40662461
0.29495591 72.65000482
0.28584409 74.59807745
0.25834365 75.76431047
0.28584138 74.74788998
0.28685346 75.30164923
0.27195016 75.45811072
0.32124357 70.78508327
0.52659831 57.93297514
0.25996033 78.24047855
 
 
 
 
 
 
 
 
 
 
 
 
 
 
 
 
 
 
 
 
 
 
 
 
 
 
 
 
 
 
 
 
 
 
 
 
 
 
 
 
 
 
 
 
 
 
 
 
 
 
 
 
 
 
 
 
 
 
 
 
 
 
 
 
 
 
 
 
 
 
 
 
 
 
 
 
 
 
 
 
 
 
 
 
 
 
 
 
 
 
 
 
