0.19801858 83.22
0.28778517 74.26969865
0.30596245 69.15127334
0.27038039 73.87041746
0.31841519 69.04016862
0.39100746 63.36711699
0.33662206 68.49124791
0.34386975 67.83530835
0.22425921 79.75793247
0.27411034 71.46218055
0.2775192 74.75475081
0.40575261 61.82506747
0.2954239 72.16251065
0.27823895 72.45
0.34874154 67.84721094
0.24168565 75.33044588
0.28242321 72.08126384
0.19830249 79.14776646
0.29136086 73.35366703
0.28780369 72.16663159
0.25669312 77.81569193
0.24485088 76.75281261
0.27472148 76.38657319
0.32645501 69.19032889
0.2480818 76.7922537
0.27642254 73.16453797
0.28344289 72.88034238
0.16422014 90.63167177
0.26892903 74.36490358
0.38196418 66.28305479
0.25721918 75.20928382
0.25424193 76.34142883
0.30201803 70.14624551
0.28061051 71.74
0.21347301 80.60235611
0.2313232 75.88929454
0.2465703 75.51390464
0.33203222 68.19246955
0.24707841 77.06176872
0.22394642 79.19892597
0.3610717 66.66968464
0.31233393 69.46262198
0.27156411 73.42685015
0.24115956 79.63209275
0.26808269 73.70343965
0.26029488 75.06658855
0.32116425 70.61614251
0.23831669 77.31692555
0.33233201 66.15828717
0.24596825 78.42539497
0.29032823 74.34083226
0.21173554 79.13700797
0.20140214 81.79068523
0.32112739 69.15118909
0.21203385 81.18628521
0.23062315 77.35240928
0.29287874 71.68011006
0.20524764 82.08248175
0.18510146 84.25691744
0.27249518 70.59423932
0.32149815 68.38225591
0.19905542 81.28
0.29694304 72.35457003
0.33016911 68.82
0.31839811 70.21850413
0.22291948 77.52506848
0.22915192 78.38098216
0.28655473 70.08934529
0.18673872 83.06935743
0.27961166 69.02046767
0.27024135 69.76144977
0.1918729 83.79409499
0.29745235 72.28
0.21806088 77.85087937
0.25555031 75.01747258
0.29591557 71.38
0.24402381 75.10836458
0.25445133 79.05140079
0.30754257 69.01146881
0.23811685 77.75942318
0.18560744 85.94606648
0.29080716 74.65520778
0.24112756 77.93540321
0.24844491 73.24011032
0.22833272 78.04812542
0.19840745 82.00738272
0.23947863 78.96
0.39871719 63.87738034
0.26592536 77.33590584
0.22938603 80.13
0.15095427 91.39056515
0.2774748 73.08650318
0.27980249 72.21528786
0.20181101 80.68444694
0.29307338 70.46810817
0.22124139 79.36059564
0.32263411 68.76598941
0.28317487 71.41282683
0.20469579 80.77644009
0.25420675 75.82389988
0.18054922 83.16292177
0.33552667 67.05375886
0.32788833 68.56007991
0.2706194 75.70294054
0.35436432 67.76
0.31498224 69.46427173
0.21643997 78.41
0.26596731 72.78
0.24016304 73.54089488
0.22779553 79.80804299
0.33984443 68.35080916
0.38050371 65.55459802
0.33737789 63.64181093
0.24253989 77.24728579
0.28823124 73.09667604
0.42404424 62.85138393
0.1995357 80.74522482
0.22523199 80.93100411
0.24770984 76.12053465
0.26524721 75.60
0.24104434 79.14339937
0.32809495 69.13008015
0.26580286 77.16590437
0.21861904 82.51900232
0.32463725 68.79203139
0.28202565 71.31313934
0.35203262 68.77761385
0.22599604 78.37259502
0.20907857 79.09135342
0.19893247 80.88762396
0.34963002 67.43191268
0.35481307 69.28308299
0.23753956 79.16332932
0.20659146 82.62106373
0.22627993 77.90
0.35300442 68.41348202
0.40447363 64.55475768
0.50309993 57.53962063
0.27850766 71.73243078
0.22617543 79.48107283
0.24668151 78.39193936
0.23928952 75.46829361
0.32038145 71.13352518
0.24434226 75.01212819
0.25824799 76.19
0.23086006 77.73401035
0.35701594 68.31250961
0.26111046 75.61511126
0.32217438 70.38493603
0.21654604 80.01520159
0.32252053 71.49280452
0.20171337 83.26413328
0.26789779 73.43808426
0.33610598 67.53005854
0.24486902 76.49564717
0.25844082 75.38
0.28521571 70.80397816
0.26863457 75.68041895
0.25902764 73.90285119
0.2104998 77.86946134
0.22313937 78.22366265
0.34267507 65.03276572
0.26927606 73.85
0.2258229 77.3109905
0.29674661 72.04937259
0.18851738 81.80407998
0.21886987 80.21733824
0.22778947 79.80
0.20150217 84.44093941
0.35372188 67.56371277
0.30904886 69.02165245
0.21292282 79.43762537
0.22340025 81.00579867
0.26814385 74.06015889
0.24340987 78.14006486
0.24632337 73.98091563
0.26065572 77.58056368
0.30339802 72.25564004
0.3515848 67.04568385
0.20905908 79.83509035
0.19845662 81.34206318
0.17457745 90.09300055
0.27393038 75.11922009
0.28699977 72.89835176
0.19263009 82.34642451
0.21789374 79.58
0.20252237 82.46029748
0.23763536 79.40221508
0.2918902 72.08522276
0.30885811 70.32961262
0.30242258 70.80480258
0.24016035 77.96645273
0.37096631 66.35328811
0.25078354 79.43734397
0.28533602 75.60323793
0.21318025 79.53127615
0.25598261 76.28
0.37777058 66.17186296
0.2410214 78.15997295
0.36588632 65.51356732
0.28123072 72.19113272
0.2082672 80.04672708
0.23814395 78.37082892
0.26156818 74.54192134
0.25418416 76.98310199
0.27083841 75.83383221
0.29276482 70.17
0.25164271 74.89218799
0.20140145 80.55070955
0.21759241 79.42093383
0.24535206 77.84381133
0.25812967 74.75
0.25863904 70.84521424
0.18063443 90.24590073
0.20978122 83.02153199
0.29049748 72.14937877
0.40611584 61.65639639
0.34265531 68.16819591
0.34704301 66.95643632
0.3363532 68.20184802
0.26146011 74.16
0.21651462 80.83140402
0.3145833 72.38223803
0.24617828 75.55653958
0.34265475 67.89757578
0.23176358 78.38149888
0.20746442 83.10612708
0.27321527 73.48324664
0.25194126 74.85622367
0.24883369 77.32349713
0.30262058 72.11618397
0.26085895 74.75308177
0.47792657 57.90481754
0.33826894 66.50050396
0.34555735 66.99075804
0.25123663 77.57608271
0.25977249 75.14134084
0.23396829 77.35605376
0.22469887 78.62
0.23185972 78.33859572
0.3038511 70.11788854
0.34309419 68.93594908
0.3122032 69.5185181
0.2967962 68.85844889
0.31541431 66.40297245
0.29738366 72.60953627
0.18812327 85.19587837
0.19454493 86.87
0.2389771 80.43974663
0.27696753 72.99486452
0.25653432 76.04200705
0.35286118 66.79924221
0.30830782 70.47959056
0.23822158 75.47
0.23329435 76.48534629
0.21169557 82.04074248
0.29467818 71.55780394
0.38187339 65.65648356
0.32025677 69.71663061
0.28571637 73.30326012
0.29335191 71.12469007
0.35062618 66.97477086
0.19419524 79.14123987
0.20021194 83.89325459
0.21720016 77.66681734
0.26239342 75.62207668
0.31376576 69.85894103
0.33239006 68.53
0.29416138 70.87985815
0.25116219 74.69367089
0.30888485 71.67755387
0.31494286 67.93
0.30635423 69.86388855
0.31300841 68.15318228
0.26858705 74.78237148
0.25248028 75.06416012
0.36481163 66.95448477
0.30969195 70.28743557
0.2055514 81.90915776
0.22813633 79.70945867
0.26436475 71.71105319
0.30845707 70.02660469
0.30303963 71.06131391
0.27288591 73.02832993
0.28964996 70.96
0.39906456 66.01760911
0.28239208 72.70694573
0.23629309 79.73934846
0.43961263 60.75823763
0.24237847 78.69245115
0.34430534 67.63415284
0.23473774 77.53249592
0.3193766 68.67365613
0.2373466 80.14040352
0.27855123 74.23895645
0.33093856 66.92
0.39781815 63.99699454
0.34206256 66.52694891
0.17796431 86.10506154
0.27788655 74.80584941
0.3430163 67.87050021
0.30332296 71.60138676
0.23845964 76.55
0.23769294 76.43151684
0.2744542 73.55520071
0.26980308 73.03991529
0.22566991 80.78359882
0.24833891 74.57340593
0.29885198 70.93701601
0.28907577 69.90832959
0.2717049 72.96319013
0.19619611 84.49
0.2764255 75.64758675
0.30790853 70.71661036
0.38498104 63.63632965
0.29185122 70.84980686
0.23938216 78.60553988
0.25320371 74.02613031
0.35342021 64.98566041
0.33397986 67.12736543
0.24525085 75.32213352
0.39659569 63.85906819
0.2790413 70.85286539
0.23536459 77.57663397
0.23165159 78.86
0.20473779 82.80435514
0.24627598 77.31978976
0.20560343 81.59599196
0.28469713 73.26749115
0.20916665 79.30154047
0.31189358 71.63537684
0.21365458 82.03932084
0.20793453 81.86897525
0.28925948 72.34423011
0.39286219 65.50524649
0.34761222 66.13
0.38859726 62.86313193
0.36940023 67.12574712
0.35838225 68.30667271
0.25051828 77.04342922
0.39145431 63.91295562
0.25764363 75.74
0.31569789 68.52401779
0.28036698 73.27715204
0.17283827 88.29977776
0.19253125 79.96197055
0.22670187 80.10972559
0.27667299 71.39184629
0.20889443 83.21
0.32895311 69.57933383
0.18849794 86.54504832
0.21571178 82.11045254
0.20607942 83.56332318
0.28293941 74.67112036
0.22139009 80.31
0.23738918 76.49226573
0.29677287 70.87696966
0.27299631 72.42049632
0.30027192 71.14690819
0.22474727 79.57995668
0.28437047 74.24549623
0.20011286 80.09318774
0.34568608 64.55381562
0.23564381 78.72940178
0.14549965 94.99991653
0.34916696 67.73520005
0.23194984 80.93433422
0.33607174 67.79828081
0.28621163 72.57652702
0.22640119 77.04610402
0.28046945 73.49
0.24342923 76.55585407
0.18840434 85.47552832
0.21849907 79.68564157
0.25648867 75.66240812
0.21628947 78.19404436
0.28761366 71.98137739
0.22220589 81.53959778
0.33859445 67.58
0.22439517 79.35917511
0.21244201 80.82
0.22405377 79.62163268
0.30772736 69.83354522
0.32976742 70.83651091
0.26223765 77.89593279
0.16638482 89.95545509
0.23331436 79.21390013
0.32609334 70.90207884
0.25459222 74.07
0.21215882 81.23028488
0.27817099 71.55585497
0.26552895 74.53541226
0.22674375 75.81737005
0.3004773 70.46584533
0.47947013 59.07730142
0.32446988 70.50
0.17048942 84.67661535
0.30951548 72.25024871
0.25048867 76.41
0.25779969 77.20
0.33860757 70.67454451
0.39233659 62.91508511
0.38870498 65.37606229
0.21504651 79.81969298
0.23688726 79.66082796
0.21205997 78.54818707
0.26625635 71.73658618
0.3011402 70.31356405
0.21801315 79.33707148
0.19766263 86.41992647
0.30786402 69.60936687
0.2347972 77.91036407
0.28777414 72.82637484
0.26444838 74.59526267
0.31814392 69.34304176
0.28260176 75.05509663
0.19156405 82.06800914
0.35924958 67.82047612
0.2064692 81.58434598
0.23536125 77.23115801
0.22362525 77.69103092
0.14687584 94.99932079
0.18713868 85.02959731
0.30568069 71.84798685
0.21821754 79.85728467
0.22345515 80.19432386
0.23444864 78.82724766
0.27102648 75.07232954
0.29863458 70.40456209
0.39883446 60.18399218
0.23213457 80.35921496
0.26074915 76.04
0.26884225 73.72427173
0.17963803 86.39
0.40386485 61.94081634
0.23292399 78.93556225
0.24835949 77.29549203
0.25854475 74.24000191
0.21513771 81.17387918
0.25334272 75.61
0.47700513 61.59905796
0.27120569 74.41325452
0.21023754 80.98
0.47876703 58.95186532
0.2086504 79.06538416
0.29315978 74.03642576
0.20443956 84.28037073
0.28772636 72.52063584
0.28145641 76.37553678
0.43321925 63.25731002
0.25511428 77.39980192
0.20408533 84.15162282
0.19755474 80.07668581
0.32025574 67.99837265
0.23991476 77.18926818
0.23744107 76.66277037
0.33885886 67.15
0.26552992 74.30870636
0.26592843 75.25043319
0.25980061 74.96698384
0.20302495 78.93288561
0.24456998 76.04256038
0.2716644 73.6321079
0.20493549 81.96762049
0.23967577 78.23656462
0.38457691 65.43777451
0.19736482 84.21844742
0.32253369 66.39516639
0.25854348 76.55034211
0.35131289 66.00017728
0.33261724 70.60484804
0.18362312 86.29
0.24818268 75.83571121
0.17364921 86.81535645
0.34909961 68.99859425
0.18800219 83.72199586
0.29014038 71.90162202
0.23404772 80.53295352
0.26357507 73.77443497
0.2561135 75.24632349
0.35186378 67.42942428
0.30506164 70.98083893
0.29477833 73.36468204
0.24044501 75.23891542
0.23860372 77.20257124
0.29477827 71.79794788
0.22492601 78.83581171
0.26615179 73.91108539
0.29335911 73.16
0.34068673 68.70
0.16848232 90.47417159
0.194303 86.61560407
0.30322425 70.17203839
0.25366422 76.97980515
0.24059143 78.00599555
0.28329172 73.57949671
0.29268121 71.05070289
0.2467199 76.55192962
0.24705118 77.60199142
0.22665876 79.00204225
0.30166964 71.49853882
0.21743925 77.96438762
0.23495484 79.22352505
0.38741429 65.07703842
0.34857523 67.10833851
0.25798933 74.75849347
0.25137412 74.55895608
0.17752897 85.39
0.18276665 84.79674025
0.23265287 79.17373805
0.25893339 71.91993395
0.31711974 68.14
0.28459782 71.18586055
0.26556089 74.37940437
0.29049769 71.55485169
0.2252628 79.20500205
0.28927115 73.17108644
0.24202337 74.26330582
0.22701793 79.83
0.2472107 75.67182448
0.27951311 74.95942161
0.21368907 81.58133359
0.28865388 71.46886869
0.30645827 70.45961388
0.24839025 76.32107778
0.21405407 80.78680922
0.24099573 78.90939383
0.22691723 78.08483658
0.28986904 71.16327914
0.24496238 78.80395247
0.34718122 67.46435333
0.32992257 68.12994558
0.26277646 73.48
0.22458204 79.52895476
0.33912915 70.35629116
0.27542885 73.25254029
0.24683109 75.15719121
0.26638471 72.78655004
0.330071 70.73154669
0.23955704 75.24773153
0.24852829 75.13253884
0.29824637 71.38686713
0.20939499 81.18909655
0.32059185 70.10827062
0.24320092 76.30089168
0.23531348 76.99699713
0.36142835 65.46243467
0.21335796 82.49448034
0.23117742 79.01149889
0.31866874 70.49912395
0.44851212 61.28287897
0.24431018 80.47044676
0.25580372 74.76393996
0.30711544 72.16516937
0.24953697 76.90721802
0.37677448 66.53487344
0.3339838 66.96887969
0.32935748 65.54285441
0.39885358 64.19
0.35255639 70.21496627
0.17982939 90.32503641
0.30394554 70.55347718
0.34833671 67.50294059
0.28857975 71.40446198
0.19145106 85.29570932
0.24071833 76.07386826
0.26202495 75.44772405
0.3454511 66.50284686
0.25656565 74.08577349
0.2768141 74.63523807
0.24598846 76.94034452
0.25816898 76.72892649
0.37733258 65.28293698
0.3212884 68.98734157
0.28165158 73.37147725
0.19677602 82.43726897
0.37599589 64.98335959
0.23988188 77.38082592
0.18067271 85.79552034
0.16731177 89.71937885
0.27592912 73.08105752
0.3029966 72.46988021
0.2366434 77.13082092
0.50821147 57.95538881
0.38466814 65.48338166
0.32468713 67.22034505
0.23185828 79.49376203
0.32971511 67.96486122
0.26142689 75.07971909
0.32214378 69.51045912
0.26029753 73.99316167
0.33557837 67.33
0.23921996 76.82528116
0.21436423 82.61186142
0.31409684 70.25601873
0.25813469 72.66596199
0.15035147 91.92067385
0.3423391 68.48967351
0.23285734 77.50424196
0.19924599 82.83190941
0.28887986 71.98723577
0.27368845 72.25
0.29933616 70.68471759
0.28309112 72.45220421
0.35366678 68.53347232
0.24891607 74.37
0.2680023 73.52385413
0.31817627 70.12906032
0.27770186 72.88850162
0.24125233 77.51340397
0.2696952 74.81132306
0.21922323 81.53905658
0.37460566 67.02165176
0.23424952 78.72681156
0.28308037 71.37680451
0.27001075 75.08374796
0.38341459 64.41
0.32641775 70.21
0.27563386 72.68346339
0.30847023 70.70455017
0.24865722 78.41246223
0.2897447 71.22991101
0.276805 73.59293128
0.28009556 73.16679762
0.25589996 74.16107943
0.29102094 73.43042039
0.23654224 79.32350901
0.25901912 74.12527243
0.3257936 67.05572987
0.24711024 77.39487648
0.31066268 70.07713288
0.29279195 69.69821254
0.29914321 72.17
0.26930935 74.29657008
0.36772413 66.78238206
0.23898617 78.02799687
0.27290506 73.67
0.22656751 78.94171975
0.25937905 76.80432918
0.22529829 79.90469193
0.19361215 84.39895834
0.21867455 75.37599966
0.28722456 75.66755068
0.21778518 77.90984062
0.2409233 77.28398914
0.24028467 79.31
0.24338093 77.37836458
0.32159753 69.39568341
0.21355026 80.38903919
0.22734092 79.25177506
0.25779687 74.06804794
0.28092044 72.02095447
0.25908629 72.83097923
0.21250399 81.71145293
0.24222572 76.97826369
0.27644406 76.41660978
0.23111086 78.10929391
0.27861806 75.78336736
0.24419803 75.92139485
0.19855527 83.17770753
0.17683031 84.95309054
0.21067633 82.82636488
0.22951749 81.83732362
0.20506901 83.24126555
0.31813207 69.53597559
0.20768489 83.00923056
0.24280508 78.15045679
0.27857982 73.21997119
0.28414303 73.07291859
0.37447644 64.75682661
0.21687429 79.11022339
0.29460875 73.34122802
0.31603385 69.58762883
0.36970753 64.77485641
0.15618346 94.16076951
0.35347894 68.97690313
0.23247086 77.14980021
0.35228464 66.54961491
0.25360683 74.84
0.27199134 71.62
0.24349811 78.36346453
0.19767693 81.15397884
0.29511482 71.69656629
0.19843257 84.76500678
0.26493695 74.55
0.2537923 78.49606708
0.24000043 75.67
0.29198588 71.43
0.25183175 77.56701832
0.29444378 73.76068372
0.23590764 77.54808349
0.38658354 65.82778009
0.26594385 74.31612309
0.34808884 67.64350002
0.33440358 66.67557808
0.32326482 70.04462665
0.25997975 75.03012864
0.23291683 78.44325123
0.37608346 64.12376512
0.23505345 79.17110893
0.37563218 65.63869141
0.24128343 78.85381132
0.25927445 74.77193033
0.23989397 76.17835276
0.31113251 69.32475475
0.19234507 82.95800438
0.24310338 75.00451877
0.31862591 69.33
0.36145314 67.46819536
0.41502186 60.74747634
0.29661996 70.90
0.23258297 78.54614285
0.22950906 81.28640827
0.28878313 73.27569058
0.37838594 64.76124288
0.32917794 69.31178757
0.2614289 75.83528348
0.35234573 66.91847627
0.17257431 90.26156196
0.36499616 67.30559727
0.28391931 73.50994082
0.25542307 76.73562952
0.29511693 70.86
0.26021586 75.66543291
0.18740827 85.14150818
0.18997291 83.86477435
0.23635105 77.21258396
0.20995998 82.41984885
0.37352359 66.73653694
0.27602929 73.45109407
0.22823814 79.25994033
0.31760837 71.04219684
0.3199027 68.98935371
0.26560431 74.20587686
0.37968333 64.79930981
0.23750504 76.34459169
0.3073367 73.45565796
0.37285869 65.93796035
0.30128495 73.11667563
0.25059622 75.30365683
0.26177511 78.77705892
0.21425357 83.23890376
0.27409238 72.14685636
0.32787031 68.97715948
0.30014578 72.38227997
0.18861805 87.92003232
0.25986051 76.17174279
0.23537917 77.09367906
0.18006987 87.36537799
0.32034098 69.77227429
0.36764869 65.84466625
0.18488032 85.55
0.25894626 75.20851716
0.43242702 60.99706327
0.26253555 75.69638567
0.27296747 74.16375784
0.16711921 87.62449089
0.39039896 63.03762178
0.43432206 60.78428733
0.27311508 75.37785062
0.25580345 75.25303962
0.30916165 70.75199276
0.25555129 75.65860417
0.26695047 73.58691013
0.27314788 72.43196249
0.2750107 74.16091767
0.23567573 76.85755469
0.19838326 82.94
0.25050508 74.89827677
0.21547304 81.23347287
0.19077098 86.51130115
0.34029746 68.95315867
0.18863724 81.11568644
0.23314483 78.41726204
0.260828 72.57671403
0.31495353 70.81825872
0.28507315 73.06254025
0.24080932 76.90282045
0.27640764 76.87708751
0.37380691 65.11268724
0.27411375 73.01269537
0.24800652 76.67
0.38687501 65.09330097
0.32494891 69.81965059
0.34991721 68.16028327
0.24267797 76.97303769
0.29705231 68.89
0.30023503 70.28893742
0.31176867 70.46495457
0.32592511 69.00122226
0.19153635 83.17430659
0.38480578 64.37784196
0.17949871 85.76104376
0.21375246 81.48222733
0.21136233 79.64710743
0.40786367 62.69253029
0.22254283 76.87065006
0.26848715 73.73076877
0.26076552 73.52590963
0.15182238 91.82
0.24158749 80.30573978
0.31361969 70.70078245
0.36072958 65.43112125
0.23753705 78.98470124
0.30672172 70.46894158
0.29836999 69.67763137
0.28339945 70.95
0.3753665 65.98236641
0.33296636 69.34183193
0.21068514 80.35128901
0.2442334 77.05242138
0.33823123 67.21165744
0.27690178 71.06
0.23774561 74.43954419
0.25442455 76.00583845
0.22388395 78.56
0.17070344 89.18325279
0.36189544 65.48444664
0.16063579 87.76952598
0.28618422 70.60007658
0.25459137 73.65423015
0.35380454 66.93390205
0.31732112 69.05361539
0.29885329 70.99748502
0.31425084 70.75308014
0.22003657 81.61187078
0.31112908 69.96155688
0.37026133 65.55285858
0.41907409 62.41864655
0.3238979 70.17811918
0.19416965 84.05796486
0.27514657 75.38612819
0.2583672 77.06756641
0.25247026 73.86753623
0.23771797 78.07
0.25941822 73.51397598
0.29405373 72.96902982
0.28813745 73.95861728
0.31460651 67.63905169
0.30545788 72.04345331
0.29320695 72.27922413
0.25906971 76.05193687
0.22839646 79.48902713
0.28487892 72.59560151
0.23409214 74.97452411
0.15974504 90.39414164
0.40991124 63.16754093
0.2046444 81.49836408
0.19471127 82.50278563
0.26319404 73.36803111
0.26966557 71.91
0.2391041 74.28254195
0.23407814 76.84047548
0.22596372 81.67661882
0.30528839 70.75342641
0.2842075 73.29498419
0.25111115 73.47986055
0.39602283 63.46133764
0.4619231 59.54582453
0.22029787 79.91324054
0.25386656 74.7099076
0.24631405 76.04573019
0.23840465 78.70094576
0.33242197 66.70051542
0.25545434 74.70011425
0.32495258 69.03072215
0.25295166 75.12523718
0.34648944 69.09212828
0.36574493 67.51460303
0.24353669 77.50803737
0.19837344 84.51892453
0.25209003 75.54045704
0.2710911 71.52093677
0.23715222 78.15970257
0.26038734 75.41991837
0.22643398 78.20764649
0.35236643 68.83721482
0.28876401 73.59013363
0.22571908 80.67861971
0.28758826 70.68325529
0.17220873 87.27869527
0.38979746 63.03889519
0.22632208 77.25189227
0.31776558 69.94242437
0.31151395 69.99449359
0.2439802 76.21802344
0.16360445 87.42543475
0.21838032 79.58892844
0.39672674 61.01446597
0.45868373 57.45573429
0.2013911 77.93712261
0.43695319 61.59389194
0.34632673 67.75466172
0.29212205 69.30740764
0.24550507 76.82475141
0.25216002 76.23381714
0.32001962 68.5239976
0.32591159 68.96035003
0.23611688 77.15123088
0.24202662 76.87876128
0.23497276 78.81983622
0.3184628 68.00050613
0.25076532 78.70281909
0.30748072 70.7526883
0.25367945 76.49068687
0.2012188 82.72166237
0.25817047 74.80962495
0.20150438 80.27206211
0.29011133 70.74112386
0.24446194 76.3689713
0.25966718 73.49189691
0.320191 71.83820246
0.24519774 73.84075778
0.29183888 74.15452633
0.21584646 80.18027195
0.34443218 68.86588697
0.35580355 67.457937
0.20738193 84.84503813
0.25050769 77.91156687
0.28977791 71.74289677
0.27871821 70.81010148
0.19793099 85.03580552
0.25082872 78.10284806
0.22406773 79.37564997
0.36386875 66.11002011
0.20133205 83.00830733
0.27127344 74.28394355
0.29474959 69.54235645
0.33147849 68.15690197
0.26444389 75.09775768
0.37308321 64.70647237
0.2511904 75.07462213
0.31325533 68.56208693
0.27209657 72.7802663
0.31383462 69.98934264
0.29248703 72.47946062
0.25418288 76.43674782
0.28316721 70.88581977
0.27644686 74.37601574
0.34413009 66.4679094
0.23342057 76.35297483
0.29175626 72.17741334
0.26201167 73.26778721
0.21331105 81.66872708
0.23185924 77.49565726
0.40053467 64.49802155
0.26864012 75.71217623
0.23375583 77.47807845
0.27717711 71.93094077
0.28519952 71.13972216
0.16201334 89.74906215
0.27683046 70.53733064
0.34325346 68.99446547
0.31784165 70.07225239
0.24446221 77.40106733
0.37032848 65.97151335
0.25940951 75.56157793
0.27679546 73.51761853
0.29393205 70.25566477
0.25599733 77.21303725
0.30989243 71.09108637
0.24038373 78.08956614
0.27715145 73.58647929
0.27048723 71.93893029
0.25828048 75.39671664
0.31274253 71.77078631
0.19429815 83.90129516
0.19243219 83.65173354
0.29070305 71.65452329
0.32446159 71.27901619
0.31673071 71.55677219
0.25528772 75.57341635
0.27030108 72.2869259
0.27294201 72.79748252
0.35927705 67.11048823
0.25240448 75.92918173
0.3561198 66.66743012
0.2236181 79.22176494
0.16465398 90.52029993
0.31807251 70.83581087
0.29507655 72.05911107
0.28745916 74.35702572
0.28333256 72.86105407
0.25304019 74.3343508
0.24460724 78.4953654
0.17349672 87.4439132
0.27638001 73.3536865
0.24412331 75.50568386
0.34105712 68.9782313
0.25697421 74.69543888
0.32582774 71.848057
0.27632447 72.95494755
0.24599434 76.72810404
0.2172339 77.52689794
0.21325996 80.26270171
0.30751005 70.35132264
 
 
 
 
 
 
 
 
 
 
 
 
 
 
 
