10004 211.38867 2.9668271
10026 211.56814 2.5953753
10030 211.62543 -0.32765233
10032 211.65926 1.0485026
10033 211.68703 -1.339781
10034 211.72034 4.8058827
10047 211.83625 2.5980709
10054 211.92866 2.4818907
10057 211.97279 43.586942
10058 211.97471 -0.5051763
10073 212.11777 1.0297768
10087 212.23039 -1.2551304
10088 212.23238 -0.66979781
10113 212.51527 0.21395063
10116 212.52971 -1.3340853
10117 212.53783 2.9436074
10137 212.70647 1.8597122
10141 212.73889 42.725
10144 212.77903 2.3135852
10146 212.78545 42.74137
10147 212.7882 44.669952
10150 212.82495 4.9583642
10151 212.83905 5.2061317
10155 212.88279 44.333601
10156 212.88965 3.1875454
10158 212.93427 5.4375063
10164 212.97501 44.884324
10168 213.02792 -1.3358944
10170 213.05674 2.200604
10173 213.07867 44.754678
10176 213.13184 43.9267
10177 213.14449 -0.58334184
10180 213.16155 -1.3427585
10184 213.18262 1.1405548
10192 213.23169 2.2179657
10198 213.30285 -0.75222055
10202 213.33878 2.9309575
10204 213.35334 44.404474
10207 213.35775 43.683696
10208 213.36339 -0.24309385
10216 213.46969 43.707443
10229 213.64826 0.55352017
10237 213.7273 1.5662657
10241 213.7631 -1.3236665
10243 213.77369 44.802165
10244 213.77464 4.7628198
10246 213.80135 3.7819668
10248 213.81419 4.6044411
10250 213.83123 -0.50599616
10253 213.86713 42.259773
10254 213.86725 1.1114082
10257 213.91499 52.624426
10262 213.98686 5.3415448
10269 214.05569 2.3188421
10271 214.08202 43.725064
10273 214.10715 3.0519899
10275 214.12839 1.6188916
10280 214.15556 43.122552
10281 214.16627 1.2748507
10283 214.19225 1.5202663
10289 214.29386 5.1530907
10303 214.45316 1.6361932
10305 214.48144 43.198863
10313 214.53935 -1.8547727
10315 214.5847 -0.99825887
10324 214.67429 4.0702984
10334 214.77644 2.1448201
10337 214.83604 4.6064955
10340 214.89249 3.5314214
10343 214.93251 3.2320159
10363 215.12706 44.54578
10374 215.25318 1.5764067
10376 215.2647 51.972072
10383 215.39952 52.527498
10384 215.40052 44.765443
10392 215.49224 -1.1324256
10398 215.56206 43.232619
104 7.4492868 -0.38295617
10423 215.83912 3.1080466
10431 215.93719 3.7448927
10436 215.96621 42.22637
10438 215.98045 1.4579665
10440 216.01034 1.0248207
10444 216.04968 -0.99716529
10447 216.10017 2.6060473
10452 216.14186 -0.63312669
10455 216.17169 -0.1242018
10458 216.20619 1.3982468
10459 216.21805 4.7843149
10460 216.2314 42.235454
10461 216.25003 2.6775459
10463 216.26943 -2.4250797
10464 216.28803 1.3198442
10481 216.44129 0.37854224
10482 216.4461 2.8707195
10489 216.53531 42.797185
10506 216.70325 0.88983017
10507 216.72451 5.4214744
10508 216.72841 1.7884863
10512 216.82204 43.934608
10514 216.84555 42.444242
10516 216.86105 -0.33055761
10518 216.88111 3.9078045
10523 216.91641 4.337268
10524 216.91713 3.0944774
10525 216.93124 -0.070423601
10530 216.95121 5.0394564
10535 216.9753 -1.2467477
10540 217.00081 -0.17411867
10546 217.03596 -1.75214
10547 217.03706 -2.5235704
10559 217.11409 -1.312763
10560 217.12086 0.45409934
10561 217.13899 44.846816
10568 217.21653 -1.5439296
10571 217.26921 1.3382019
10577 217.32385 1.6206971
10584 217.3924 44.79691
10588 217.41974 3.3571938
10591 217.43762 42.68193
10594 217.49578 -0.41856538
10598 217.50735 -2.2882825
10610 217.59811 1.1360625
10613 217.62591 -0.18752293
10618 217.72315 3.1960219
10620 217.72571 0.79464789
10624 217.7569 -0.71434374
10641 217.94163 3.0288466
10643 217.95027 5.0412452
10655 218.04557 42.924258
10656 218.04686 0.90267191
10663 218.09852 4.2330993
10668 218.17716 3.8477821
10676 218.23932 5.2316018
10679 218.24491 2.6062201
10682 218.31299 -1.3554533
10690 218.42961 -0.88455607
10691 218.44334 0.63481121
10693 218.45087 1.4937905
10696 218.5036 43.178498
107 7.603911 0.048480233
10700 218.52233 5.2245587
10707 218.59082 42.161603
10712 218.65864 1.6462798
10713 218.68036 42.088477
10718 218.71095 3.6451632
10720 218.71411 -2.4110636
10725 218.74142 2.6163083
10733 218.79564 -0.63945891
10736 218.81521 2.53932
10738 218.86925 4.4641391
10741 218.89811 1.4763367
10744 218.93084 2.4413622
10750 218.98354 1.6269274
10751 219.0065 4.8021696
10756 219.02369 5.507857
10758 219.04413 -2.0154397
10760 219.1034 -0.48481219
10767 219.15755 2.1293175
10768 219.16737 42.492732
10769 219.18296 -1.9369813
10777 219.25505 -1.0716779
10780 219.26717 0.11807156
10781 219.27825 42.033189
10785 219.29212 -1.6818033
10791 219.32161 43.039575
10792 219.35791 -2.3887109
10794 219.36586 -0.39542898
10807 219.4768 4.7856343
10808 219.49679 4.9535106
10818 219.58602 41.946365
10828 219.69809 -0.13483641
10843 219.86464 0.85691001
10846 219.91783 3.0912844
10872 220.11319 43.068204
10876 220.13042 -1.2969182
10894 220.29812 -2.2097729
10904 220.40608 5.52069
10909 220.5073 1.9510797
10910 220.51177 43.619106
10912 220.51582 0.075742643
10924 220.63257 1.7315122
10928 220.67 5.4064643
10931 220.6982 0.92556676
10936 220.74081 44.717114
10940 220.76587 3.9638346
10942 220.78582 42.124229
10945 220.83221 -1.0659873
10956 220.91905 42.681592
10957 220.92435 0.42287065
10960 220.95546 43.009518
10963 220.99897 1.4989448
10964 221.0044 3.3346789
10970 221.12268 1.1827716
10983 221.23523 42.869791
10984 221.25428 42.677334
10987 221.27773 0.49476222
11000 221.36678 2.9955286
11011 221.44458 43.274011
11019 221.58041 0.88831015
11032 221.73322 -1.1242795
11035 221.75007 43.61068
11037 221.77277 0.61479544
11042 221.81431 43.487865
11047 221.8887 3.1482797
11048 221.89689 -0.54179731
11052 221.90959 5.0227931
11054 221.9174 1.094995
11057 221.94233 44.468217
11060 221.94595 0.92169045
11064 221.96024 5.2977977
11071 222.05212 -0.51097978
11072 222.08069 44.542434
11079 222.17231 2.2091854
11087 222.21994 3.9662994
11100 222.33635 42.350361
11101 222.36351 43.278916
11103 222.37704 -0.79621972
11106 222.38627 0.37675752
11113 222.4404 42.378666
11118 222.53236 2.3663836
11119 222.55965 1.775837
11123 222.59538 42.358717
11132 222.68978 -1.7980254
11133 222.69665 3.6126064
11134 222.69863 4.003644
11148 222.79301 1.1927898
11154 222.83777 1.468243
11155 222.84591 -0.10720763
11160 222.91751 -1.1980934
11167 222.98246 4.929534
11176 223.06497 43.080205
11191 223.20609 42.887843
11196 223.2571 42.357735
11224 223.52456 -0.84920717
11238 223.7026 0.64133277
11242 223.75663 43.212467
11252 223.86941 3.2169971
11255 223.88299 5.5658881
11257 223.90398 1.5308886
11279 224.10001 42.300066
11286 224.13187 -0.18728151
11287 224.13587 1.563554
11288 224.14831 0.12597948
11293 224.20593 2.764562
11300 224.25936 2.6169618
11311 224.35555 3.5878767
11318 224.46634 0.0031734724
11331 224.58148 4.9143851
11333 224.60936 1.9461778
11335 224.65065 -1.755614
11336 224.65188 1.3275308
11343 224.67984 2.8659309
11347 224.74104 -1.5720237
11358 224.80337 0.67222447
11364 224.8674 44.086132
11373 224.93771 5.5855956
11383 225.10914 -0.9078707
11385 225.14654 42.889268
11392 225.18068 -0.97245264
11393 225.18108 5.5457704
11396 225.21296 2.7631296
11397 225.21643 -0.50493048
11399 225.23318 -1.8734411
114 7.946855 -0.7331594
11407 225.32719 2.8242465
11420 225.4792 4.1353843
11425 225.5323 1.6631556
11427 225.56195 42.000571
11436 225.62376 2.6740614
11456 225.77998 42.295603
11463 225.82666 0.50836139
11464 225.83757 3.1150662
11470 225.94559 42.056429
11474 225.97914 2.1650356
11481 226.08712 1.8665079
11482 226.10486 5.013174
11488 226.16589 0.15101861
11497 226.27786 2.5366214
11498 226.28043 43.834667
11499 226.28479 1.2803359
115 7.9892906 0.31052365
11501 226.29111 2.1003843
11504 226.3081 3.0287544
11506 226.34134 1.697185
11511 226.485 1.2782021
11515 226.54376 2.2805647
11524 226.67839 43.254262
11540 226.92055 44.892111
11574 227.19519 44.574864
116 8.1591686 -1.009781
11609 227.50366 42.482648
11616 227.55653 44.412286
11644 227.7914 42.57626
11672 228.03012 43.656847
11726 228.52514 43.630577
11732 228.58553 42.745965
11735 228.66252 43.036632
11773 229.04008 44.58693
11802 229.42384 42.805589
11810 229.51593 42.214378
11814 229.58469 42.580846
11843 229.85668 44.132141
11846 229.8815 43.949848
11946 230.85116 42.122326
11954 230.94274 41.916966
12017 231.59039 43.397128
12025 231.64838 44.833055
12042 231.84145 43.11502
12044 231.88368 43.567074
12076 232.253 44.436686
12077 232.25452 43.523136
12086 232.30666 44.502471
121 8.7634725 -0.51042233
12122 232.62992 42.782296
12125 232.65099 42.106696
12156 233.13253 42.061878
12187 233.41208 43.568029
122 8.7978388 -0.82169064
12219 233.6943 42.59356
12236 233.94029 42.340134
12241 233.99165 43.428917
12263 234.24479 43.811825
12296 234.62826 44.677379
123 8.927842 0.79306411
12316 234.8774 42.464485
12325 234.94842 43.22822
12358 235.3672 43.38042
12388 235.72978 42.623398
12392 235.7491 44.686627
12398 235.85456 43.47595
12432 236.20825 43.864251
12433 236.20991 44.128804
12445 236.33258 44.342992
12474 236.66644 44.491667
12511 237.13763 44.373909
12546 237.61881 44.787738
126 9.2490674 1.0956774
12642 238.82797 42.190015
127 9.2958272 0.3577669
12705 239.58352 41.957597
12711 239.62326 43.532575
12752 240.16678 42.937869
12776 240.59003 43.054919
12779 240.61635 42.989675
12793 240.83261 42.363126
128 9.3479097 0.13683074
12803 241.00934 44.624649
12813 241.15098 43.879811
12816 241.18753 44.721353
12831 241.27218 42.635486
12851 241.49218 44.055427
12871 241.73027 42.726938
12887 241.83529 43.551828
12898 242.02784 42.682725
12943 242.69408 42.512174
12971 242.94527 42.230749
12982 243.08197 43.266375
13015 243.5602 43.638944
13078 244.35594 43.978749
13099 244.57702 42.320638
131 9.6992708 -1.2034008
13103 244.65162 43.588287
13110 244.70521 44.421462
13120 244.87081 41.88209
13188 245.78338 43.112839
13191 245.85049 43.426023
13192 245.87969 44.209258
132 9.6998581 0.58262222
13215 246.18706 41.860858
13239 246.54766 42.821169
13242 246.57693 43.542542
13257 246.83548 42.131479
13263 246.87536 44.711452
13279 247.12158 43.496824
13292 247.33451 42.794513
13297 247.37279 41.902113
13298 247.37507 42.117572
13334 247.87696 44.588161
13338 247.90818 43.106812
13363 248.17695 43.820813
13370 248.27845 41.961163
13392 248.65791 44.259231
134 9.8183825 -0.54245296
13414 249.02491 44.232765
13416 249.10591 42.229656
13419 249.13037 42.045129
13445 249.48003 42.804055
13453 249.73557 43.586825
13470 250.19009 43.282449
13493 250.62615 42.956461
138 10.556133 0.98825291
14147 329.8503 1.2181902
14148 329.8628 -0.97589849
14150 329.95418 0.16797311
14152 330.10309 0.98028224
14156 330.20093 0.096204377
14157 330.36646 -0.80064708
14160 330.51065 -1.205998
14163 331.14615 -0.62347743
14165 331.28962 -0.80572424
14169 331.44256 -0.68644406
14171 331.4827 0.6896275
14175 331.76801 0.8405357
14184 332.61921 -1.2052312
14186 332.76095 1.1217485
14189 332.91317 -1.0930737
14197 333.92237 0.31007971
14198 333.92624 -0.60271921
142 10.717978 0.458368
14203 334.31548 0.94174669
14207 334.88406 -0.76448044
14209 335.10244 1.1586969
14213 335.3149 -0.67514179
14214 335.38087 0.67202426
14215 335.38506 -1.1579724
14216 335.40059 0.84785918
14220 335.73151 0.84268339
14221 335.76135 0.077142653
14222 335.81295 -0.43628671
14224 336.00962 0.59253916
14225 336.01401 -0.95674621
14227 336.06884 -1.2657245
14228 336.11909 -0.71432096
14229 336.14705 -0.18440114
14231 336.20094 1.0094143
14233 336.31179 -0.36542058
14236 336.63607 -0.95486549
14241 336.77968 -0.31013337
14242 336.88837 0.58029373
14246 337.24045 -0.89747489
14247 337.28968 0.24705692
14248 337.2909 0.42428233
14253 337.45006 -0.7263146
14259 338.1773 0.98211551
14261 338.32671 0.026467276
14270 339.0218 -0.68910403
14272 339.25437 0.71711024
14273 339.26224 1.1889875
14278 339.5986 -1.2788252
14279 339.87259 -0.41853174
14281 340.11811 0.78032804
14282 340.12026 -1.113808
14286 340.66904 -0.728943
14287 340.73573 1.0877961
14289 341.14749 -1.0309764
14295 341.8172 1.2318272
14297 341.89821 0.91625136
14301 342.00668 -0.99431415
14304 342.10266 0.15577584
14308 342.38772 1.0821291
14318 343.03996 -0.094719943
14322 343.38084 0.80708478
14326 343.7176 0.77539678
14327 343.8181 -1.2390789
14331 343.90072 1.0062186
14340 344.23128 0.42880102
14341 344.32255 -0.96965566
14344 344.37759 -0.34258953
14346 344.48838 -0.43563228
14351 345.0303 0.29423714
14353 345.11454 0.67578294
14364 345.66104 0.88850814
14365 345.71096 1.0648493
14366 345.77869 -0.085829774
14367 345.83304 0.26672475
14368 345.84052 1.1823265
14384 346.44029 -0.60239017
14386 346.55912 -1.006806
14387 346.70741 0.83981451
14390 346.84685 0.28558127
14391 346.86404 -0.55377663
14392 346.87924 1.1653857
14398 347.22367 0.38428053
14399 347.27537 -1.1212762
144 10.832272 0.85425062
14402 347.33443 0.75651455
14405 347.40687 -0.57487645
14408 347.53471 0.73835017
14412 348.18124 0.31024444
14413 348.21201 0.28863736
14414 348.2905 0.44269813
14418 348.7018 0.85129571
14419 348.78673 -1.1764653
14421 349.10578 -0.37375366
14424 349.29913 -0.60102323
14425 349.33172 -0.53667497
14427 349.42749 0.09310438
14429 349.56529 0.26117946
14430 349.69403 0.85723691
14431 349.8723 0.59963082
14435 350.13343 0.79977995
14436 350.3533 -0.98565369
14438 350.48189 -0.52633323
14439 350.49613 0.1274498
14440 350.64046 -0.029220707
14441 350.74999 -0.89982242
14442 350.78026 1.1891634
14444 350.86668 0.34248285
14446 350.99504 -0.18276935
14447 351.03488 0.35527921
14448 351.10088 0.14853945
14450 351.35552 0.064476886
14452 351.48125 -0.61966412
14456 351.79496 0.28436389
14459 351.92289 0.94143026
14464 352.11504 0.5924335
14468 352.60305 1.267332
14469 352.63729 0.0073296359
14478 353.49361 0.85590376
14479 353.60041 -0.89020395
14481 353.75885 0.81750897
14484 354.01245 0.2913413
14485 354.02772 -0.62709339
14486 354.04716 0.74329567
14492 354.54806 0.34601591
14493 354.56848 0.84159167
14495 354.6546 -0.46955163
14497 354.7243 0.80343799
14499 354.80198 -0.336149
145 10.899868 0.24888482
14502 355.03372 -0.61434948
14503 355.08262 -0.98568892
14510 355.39645 -0.029131476
14511 355.42293 -0.63519
14512 355.43077 -0.92185862
14513 355.4617 -0.72476419
14515 355.56973 0.040032967
14516 355.62277 -0.79212228
14518 355.79177 0.54761756
14520 355.89787 -0.96612852
14532 356.8554 -1.1121427
14542 357.36025 0.64059225
14543 357.38654 -0.61269396
14551 357.87492 0.067658366
14552 357.93727 1.0180344
14554 357.98386 -1.1537092
14557 358.1671 0.44818054
14558 358.26941 0.48562781
14559 358.28753 0.66438011
14562 358.55485 0.91647877
14563 358.6731 -0.080177755
14564 358.6794 -0.15839575
14565 358.73789 0.70555009
14569 358.94389 0.16899087
14571 359.20309 -0.1261539
14575 359.39676 0.81723378
14579 359.63837 0.5815574
14581 359.73313 0.1519239
146 10.986351 -0.61536941
149 11.037673 1.1917023
15 1.1718246 0.11979774
153 11.244478 0.72219575
156 11.362743 0.71046868
158 11.389444 -0.9691345
16 1.3608773 -1.2147415
161 11.666654 0.358105
163 11.922772 0.69153811
164 11.927425 -0.71382741
17 1.4885515 0.47714777
170 12.347149 -0.17440258
172 12.435522 -0.38350744
174 12.593932 0.15770911
1752 128.15121 4.7516606
180 13.002361 0.59704389
1826 129.01529 5.4156693
183 13.129456 0.91813949
184 13.262922 -0.17965537
1842 129.19797 4.3706806
185 13.287731 0.51108163
1852 129.31863 3.9350193
1862 129.44955 5.6124584
1892 129.73959 2.5826548
1902 129.8352 4.4682337
1927 130.1063 3.5504889
193 13.692347 0.70114752
194 13.754297 0.35201214
1940 130.29535 2.4978169
1945 130.36422 3.5350271
195 13.909119 1.0031837
1950 130.42915 4.0743219
1951 130.43125 1.5305084
1952 130.44177 3.4069199
1956 130.49164 5.4349533
198 14.139032 0.086166056
1985 130.73941 3.1448528
1998 130.90666 5.2621857
200 14.224977 -0.95392971
2004 130.99923 4.8375581
2011 131.13831 3.7152973
202 14.282579 0.088951841
2028 131.36968 -0.45646223
2032 131.39644 2.152766
2033 131.39739 0.27209969
2039 131.48138 -0.21529122
2046 131.5939 3.222823
2049 131.65687 0.0068042429
205 14.413338 1.0124723
2051 131.69253 -0.50918127
2067 131.89916 3.6996683
2082 131.99015 5.5282534
2083 131.99992 -0.55929157
2097 132.108 4.974702
21 1.5598534 -1.1464475
210 14.69785 -1.0971606
2113 132.36902 5.2675584
2116 132.41811 1.7773341
2122 132.51649 3.4452051
214 15.038866 1.0209032
2161 132.89841 4.6903648
2172 133.03914 5.3527964
2179 133.12284 2.7872017
2180 133.16721 5.2042882
2183 133.18081 5.210764
2189 133.24676 3.2223946
219 15.332944 -0.62459892
2199 133.34121 1.0379726
22 1.5625809 1.1915758
220 15.462811 0.34138091
2205 133.39051 -0.51531277
2207 133.40945 3.5461523
2220 133.58672 3.1956654
2225 133.63037 -0.61406277
2228 133.64132 4.3729516
223 15.609641 -0.6512844
224 15.625164 -0.53521975
2240 133.70428 1.6835677
225 15.908751 0.57397072
2253 133.798 0.21887393
2254 133.80055 3.4973794
226 15.995857 -0.59562027
2264 133.93707 2.2504442
2267 133.97613 0.85304333
227 16.01647 0.64045443
228 16.029158 1.2369618
229 16.038167 0.14547729
2296 134.21006 5.5207975
23 1.574133 0.606684
230 16.044683 -1.1466952
2309 134.40743 5.4725914
231 16.310403 0.040586672
2314 134.53725 2.685962
232 16.443738 0.11802576
2322 134.64994 1.5304218
2329 134.71503 1.1305423
2335 134.76651 2.0844505
2337 134.78159 4.7428879
2339 134.81522 1.3001635
234 16.60972 0.65447672
2344 134.85727 -0.78773239
2363 135.0242 0.97653828
237 17.051157 -0.392651
238 17.133963 -0.75449716
2383 135.18535 2.0446394
2387 135.22667 1.4348102
239 17.182167 -0.31668402
2397 135.3243 4.6155792
2412 135.49535 0.3871915
2418 135.58898 0.5725186
242 17.412575 0.9973135
2423 135.62693 0.60439349
2424 135.62698 4.4637495
243 17.437832 -0.59566996
2434 135.79377 1.1880241
2436 135.81294 1.106421
2442 135.83738 4.9605797
2475 136.21757 3.5563548
2479 136.24127 1.0730731
2480 136.24968 -0.70191903
2483 136.30161 1.3006308
2484 136.30635 4.9406498
249 17.747137 0.43365139
2495 136.43253 1.5157592
25 1.676166 0.23868293
2506 136.52147 0.04793817
2508 136.54181 -0.76484365
2512 136.60252 0.96556395
2519 136.68162 2.7867849
2523 136.73792 2.859431
2528 136.85798 2.2559049
2538 136.93122 1.557755
254 18.168813 0.90777621
2542 136.96898 -0.51745374
2543 136.97537 1.5650943
2549 137.06991 5.3366628
2554 137.11143 0.36039354
2556 137.13328 4.851384
256 18.228845 0.05363528
2569 137.3017 0.039392437
2574 137.34037 0.6020486
258 18.498081 -0.54685916
2580 137.37826 2.5827205
2587 137.42711 4.0304163
259 18.509815 -0.79746892
2593 137.49252 4.9410315
260 18.702821 -0.49613431
2607 137.64292 3.2245786
2615 137.73029 2.2826248
2623 137.79611 3.5049079
2635 137.91431 4.9472999
2644 137.95706 2.4883256
265 19.264929 0.0076054975
2665 138.15339 5.407738
267 19.364501 0.01272723
2671 138.2109 3.8727004
2684 138.39611 0.038826792
2688 138.48859 5.3752084
2690 138.50735 5.1307252
2692 138.52418 -0.0025662249
2703 138.61033 1.1643601
2709 138.65573 1.4398614
2714 138.74605 1.442041
2715 138.74649 5.0453966
2716 138.74823 2.5863741
2719 138.76535 5.5492683
272 19.760788 -0.7108353
2720 138.7663 4.4665133
2724 138.80331 0.3069129
2726 138.80819 1.7320308
2735 138.94771 2.5730625
2738 138.96525 4.7923271
2739 138.97305 5.263665
275 19.871094 -0.14435809
2750 139.10324 4.162031
2752 139.10847 2.0230789
2753 139.11171 3.4681577
276 19.88696 0.14366504
2762 139.17557 -0.44057422
2766 139.20589 0.0087664992
2770 139.23005 2.5120605
2776 139.25995 -0.73821317
279 20.063056 -0.97740297
2796 139.47927 5.6304861
28 1.7917361 0.89140204
2805 139.60747 0.84956071
2811 139.68134 3.1592803
2812 139.68262 1.5157524
2815 139.72098 4.979605
282 20.212241 -0.30915758
2828 139.77981 1.3461641
283 20.242662 -0.11920517
2831 139.82454 5.1647017
2845 139.99519 -0.74632212
2846 140.03428 3.3792997
285 20.367049 0.58072852
2861 140.2441 -0.50682617
288 20.499255 -1.0400985
2882 140.45785 4.3549487
2883 140.49548 3.7099099
2884 140.51073 3.457467
2886 140.52187 0.15092233
2889 140.53869 0.17128553
289 20.51245 -0.7473496
2891 140.54062 -0.53957448
29 1.8749695 -0.90779171
290 20.527802 -0.51219079
2900 140.64502 5.1443615
291 20.55112 -0.88801217
2914 140.73511 4.4592542
2915 140.75565 2.1913951
2936 140.96322 3.3754577
294 20.727647 1.0185356
2941 141.00036 2.7356761
2944 141.04778 2.389402
2946 141.06129 3.1502193
295 20.734137 -0.04794548
2958 141.16844 -0.026304701
2960 141.19035 1.3491006
2962 141.20866 1.8499217
2969 141.25194 2.3728327
2985 141.39034 2.2284839
2988 141.43586 0.2575432
2991 141.44718 5.0421314
2992 141.45407 3.270433
30 1.999413 1.073198
3007 141.62025 3.2366474
3008 141.62181 -0.10158915
3013 141.67842 3.4284771
3014 141.68994 -0.18685199
3015 141.70025 2.9486077
3019 141.74844 4.0361
3022 141.75962 4.5522805
3025 141.79461 1.879568
3038 141.91571 5.0534891
304 21.471173 0.272475
305 21.55142 -0.024638
3055 142.05438 4.3943714
3056 142.05521 5.4395854
3073 142.23447 1.5461133
3076 142.24543 -0.35812979
3082 142.32646 4.3259342
3085 142.35721 4.6175005
3087 142.37089 2.9469653
3092 142.42104 2.2443089
3107 142.63775 3.7454476
3118 142.77905 1.9283329
3119 142.78617 -0.18193655
312 22.072346 -0.070037541
3123 142.82419 3.522116
3125 142.84941 5.229231
3126 142.85388 3.1409967
3127 142.89272 0.50785228
3135 142.99761 3.6061465
3138 143.0133 1.7628098
3139 143.01519 2.0677461
314 22.151123 -0.39764969
3142 143.03679 3.9902851
3143 143.04148 4.0555216
3150 143.16896 2.559072
3154 143.2436 2.1034305
3155 143.24835 4.0850257
3158 143.26917 2.3243075
316 22.562946 0.43254236
3167 143.34511 1.0224696
3175 143.42732 3.4273019
318 22.598006 0.097684855
319 22.69233 -0.13355657
3199 143.64147 3.1125462
32 2.0551115 -0.96481167
3201 143.67436 3.7535146
3213 143.78775 0.95791501
3226 143.91519 -0.83449732
323 23.11606 0.655454
3235 144.03278 5.1762156
3237 144.03807 -0.44436502
3239 144.06123 1.3516353
324 23.124964 0.70032413
3255 144.22947 4.3880071
3258 144.25437 1.0954984
326 23.213967 1.2184513
3265 144.28547 1.4288814
3268 144.35076 5.5547695
3289 144.54979 4.8990373
329 23.234707 0.72391677
3292 144.56171 2.0065093
3294 144.62245 3.8074096
330 23.23527 -0.38045807
3302 144.68524 0.95438376
3304 144.68998 0.99076401
331 23.243713 0.90492476
3318 144.85975 5.325383
3319 144.86275 0.27144284
332 23.411334 0.41891595
3325 144.9412 -0.48952748
3327 144.95366 -0.0028285017
3332 144.99313 2.6698979
3335 145.02605 4.2313729
3336 145.03004 0.15273638
3338 145.08709 3.1642418
334 23.469391 1.2292659
3340 145.08854 2.17345
3341 145.11806 4.5294671
3342 145.13277 -0.47869489
3344 145.23833 3.4003375
335 23.49276 -0.26158383
3363 145.46519 -1.0644753
3365 145.4876 2.6074769
3367 145.50082 2.9995135
3375 145.62226 0.034593059
3386 145.70313 -0.044517399
3397 145.78045 3.8896491
34 2.1446712 0.53226926
3402 145.84156 4.4033594
3409 145.89838 -0.72280608
341 23.721663 -0.31178125
3411 145.9253 0.04879248
342 23.840328 -0.73394197
3427 146.06576 0.18365913
343 23.866024 -0.7466661
3434 146.1662 3.8278205
3436 146.18709 3.7335345
3439 146.20027 4.6552163
344 23.987464 0.51578266
3446 146.2918 -0.25947359
3450 146.33012 2.5265686
3468 146.51645 1.6565841
3471 146.57045 2.9165344
3477 146.63417 1.1572615
3491 146.81267 3.499769
3495 146.8833 -0.49469887
35 2.2466251 1.2308854
3509 147.01927 4.6660427
351 24.72776 0.91590522
3510 147.02733 3.3005333
3511 147.03099 -1.1456056
3519 147.08697 2.7504645
354 24.920782 -1.1623458
3545 147.40742 2.5687015
3554 147.49533 5.5949799
3564 147.62723 1.2204968
3568 147.65409 5.6320759
3579 147.73172 4.5929492
358 25.044043 -0.0004925632
3587 147.81361 4.7412779
359 25.071136 -0.8341692
3595 147.87927 -0.50882584
3598 147.91059 2.9864885
3603 147.98632 2.6005548
3607 148.01862 3.3098298
3619 148.10753 4.6105061
3620 148.1158 1.6892799
3635 148.29459 3.4570643
3641 148.35708 -1.0615241
3679 148.88333 0.68576117
369 25.537599 -0.8472324
3693 149.03443 0.47026995
3694 149.03862 5.1558102
3699 149.10248 -0.9370189
37 2.360035 0.32563008
3703 149.12819 -0.57726153
3705 149.20667 4.36177
3706 149.20751 5.1550618
371 25.643365 -1.2381575
372 25.66031 0.087447969
3724 149.58282 2.484295
3735 149.65 -0.99515956
3736 149.67917 3.3137934
3739 149.70278 2.8786816
3741 149.72596 5.1072016
3744 149.74388 2.2497335
3746 149.74915 0.78858374
3749 149.76151 2.3184415
3752 149.81525 5.0653148
3755 149.83871 2.6750834
3759 149.87274 3.1837552
3765 149.9147 0.58670266
3772 149.99127 -1.1790507
3776 150.00757 3.9005673
3780 150.02823 3.7678426
3782 150.06567 2.9293341
3785 150.11432 2.9975841
3788 150.14784 5.4079354
3797 150.23505 4.9408951
380 26.283798 -1.2500655
3801 150.28628 5.220278
3802 150.29383 -0.68029948
3806 150.32214 4.6670078
381 26.479791 -0.20515558
3816 150.44875 -0.38537523
382 26.497715 0.59018258
3826 150.52933 3.0576861
3834 150.64523 2.7147753
3838 150.72962 -0.41385309
3848 150.81776 2.7104062
3857 150.9183 4.9724187
386 26.68677 -0.67867486
3867 151.02084 -0.54816942
3872 151.08391 5.2167875
3876 151.14266 5.3921209
3882 151.20107 0.66928368
3899 151.46081 0.22038842
39 2.7286059 0.24757652
390 27.067712 0.32917348
3900 151.52633 2.0893053
3909 151.60892 -0.58778081
393 27.465233 0.42680663
394 27.56846 0.95053988
396 27.62948 0.9435866
3961 152.1097 3.1875251
3970 152.20893 -0.20239725
3973 152.27086 0.45127272
3976 152.29813 2.7476002
398 27.774172 -0.57399254
3980 152.34051 -1.0003369
3981 152.37251 2.1564178
3986 152.42779 0.90184734
4 0.47619767 0.12569905
4000 152.56559 -1.010586
4002 152.57445 2.1423273
401 27.920648 1.2353213
4015 152.68546 0.72537002
4021 152.77141 -0.38680371
4023 152.78503 0.48575077
4038 152.98327 1.4675526
4046 153.06398 2.3071008
406 28.162268 0.15988735
4066 153.20919 3.1562222
4072 153.30064 2.0712291
4073 153.31193 -0.87598273
4074 153.32174 -1.1823067
4075 153.32493 5.0094668
4080 153.42456 -0.15714263
4082 153.4391 1.2704619
4085 153.48003 0.48065892
409 28.282223 0.21782592
4092 153.52455 0.10564722
4098 153.5819 4.2111994
4102 153.64231 0.2856663
4104 153.66484 -0.83091002
4110 153.72972 0.5604078
4113 153.75936 2.5244751
4122 153.92503 2.0401425
4128 154.01298 4.7666996
4132 154.06816 1.7511516
4134 154.11385 -0.1207135
4141 154.15276 0.22596864
415 28.840403 -0.69721083
4151 154.24438 -0.11900407
4152 154.26453 -0.91901828
4153 154.27076 3.1064595
4154 154.2884 3.7514468
4158 154.30955 4.9448513
416 28.867469 0.06853691
4161 154.31678 5.1950948
4166 154.3596 -0.16420642
417 28.869519 0.69383366
4172 154.38835 -0.029231852
4175 154.41318 4.0393426
4188 154.5186 0.35000118
4189 154.53166 1.2124994
4193 154.5665 1.9046736
4195 154.60165 2.5504511
42 2.7874237 -1.1872704
421 29.218443 -0.20612271
4215 154.77707 -0.35650228
4219 154.79724 1.8985335
423 29.791851 1.0874015
4231 154.90114 0.34159576
4234 154.92755 1.2934226
425 29.990148 0.55291729
4262 155.18513 1.5134709
4278 155.31181 5.2931244
428 30.12108 0.47961764
4282 155.35366 1.4556475
4283 155.37181 4.6700677
4286 155.43043 1.2412208
4289 155.45375 3.125617
429 30.152495 0.7636977
4307 155.64645 2.4918107
4310 155.69909 -0.40821798
4312 155.72258 5.1468574
4315 155.74074 2.4283837
4317 155.74446 -0.26065317
432 30.385701 0.39812053
4326 155.83544 1.6387595
433 30.524382 0.134581
4330 155.88787 1.3994432
4337 155.95185 4.0982531
4348 156.09704 -0.80012005
435 30.745604 -0.46876039
4358 156.19813 4.8252296
4359 156.20239 0.59390075
4361 156.21049 -0.35065686
4371 156.31535 4.5024898
4389 156.48787 1.3649006
4395 156.52807 -0.84414153
4399 156.59557 1.5661536
440 31.13183 0.40014999
4404 156.65581 1.4576904
4411 156.75099 -1.0736104
4418 156.80159 5.0558165
4430 156.94101 5.2663813
4432 156.96728 -0.58232198
4435 156.98159 5.4247335
4437 156.98791 0.90193089
4439 157.02884 3.7339873
445 31.566635 -0.29144317
4452 157.15363 -0.72066525
4469 157.27299 5.4320801
447 31.805525 -1.2064272
4476 157.33622 -0.79651288
448 31.981377 -0.78840148
4482 157.3589 -0.44540332
4485 157.39456 0.80530713
4487 157.39606 -0.26494839
449 32.036516 0.51636213
450 32.099174 -0.33352641
4506 157.719 4.1056565
4523 157.89649 0.47537546
4539 158.03507 -0.9373411
4560 158.26794 2.1755906
4567 158.32258 -0.63193772
457 32.645429 -0.34801365
4575 158.46913 0.73426859
4590 158.63232 1.515804
4600 158.71392 5.2474858
4603 158.73871 -1.0358418
4605 158.74418 -0.7649548
4609 158.80757 3.571493
461 32.951095 0.27764524
4610 158.81342 3.1118083
462 32.986408 0.54107496
4632 159.07826 5.3328285
4639 159.21849 -0.8246021
4649 159.26291 -0.31522617
4654 159.30272 5.4503165
467 33.383494 -0.14500216
4673 159.57424 0.31228015
4675 159.61752 4.7598441
468 33.499076 0.70743881
4684 159.71842 -0.51353102
469 33.695834 -0.547396
4692 159.81541 -0.65471634
4702 159.91304 1.5513127
4714 160.11595 3.2045045
4719 160.1394 3.3105703
473 33.872076 -0.246656
4733 160.26786 5.1522983
4739 160.30015 2.1131365
4742 160.36915 2.5347351
4744 160.3848 -0.58671644
4746 160.38658 -0.84929597
4747 160.38931 -0.043445154
4749 160.47332 3.2501879
475 34.21864 -0.39314734
4752 160.52563 -0.65487256
4754 160.54179 -0.30408553
4756 160.56566 3.9731655
4762 160.62557 1.0399054
4766 160.67449 1.5967606
4767 160.68178 2.7096669
4772 160.72059 4.2447561
4776 160.76948 -0.57542481
4778 160.78642 1.7191665
478 34.382084 0.59307622
4789 160.88701 1.0191099
479 34.509737 -0.44691084
4808 161.05551 -0.056865107
4812 161.07143 0.62327958
482 34.835208 1.0105142
4820 161.11911 1.0830383
4832 161.21614 3.8810969
4833 161.22574 2.3175919
4834 161.24291 0.93587726
4835 161.25169 -0.26497633
4838 161.28431 0.907703
4841 161.35934 1.8444933
485 35.046939 -0.11008158
4853 161.59146 3.2859398
4857 161.64874 1.8679403
4858 161.64947 1.8047818
4868 161.79483 2.9970441
487 35.178504 0.28041411
4875 161.8914 1.6945216
488 35.226089 -0.55259
489 35.411399 0.8467546
4897 162.15626 3.455285
49 3.2293269 1.1514516
4917 162.30749 4.6777728
492 35.718308 1.1119262
4927 162.37341 3.5537644
4929 162.39754 5.1986032
4945 162.52673 1.3700446
495 36.272349 0.094604288
4955 162.61875 0.46880472
4961 162.67812 4.2946729
4968 162.73925 2.0135192
497 36.534168 -0.88856541
4985 162.88346 3.1611408
4987 162.91607 4.720499
499 36.984509 0.95918242
4997 163.01998 2.0117292
5 0.47950239 -0.35880634
50 3.2654566 0.79693385
500 37.06661 -1.1101429
5027 163.52833 -0.41981975
503 37.17282 0.86904903
5035 163.57625 0.10429247
505 37.385121 -1.2021016
5054 163.73052 3.3131831
506 37.587222 0.23211937
5066 163.89434 1.4805796
507 37.662016 -0.020711853
5075 164.02891 -0.78208728
508 37.677533 -1.1849084
509 37.687208 1.2127753
5101 164.27892 -0.69588589
5103 164.30459 2.4958342
511 37.920747 -1.1676618
512 37.961702 -1.1397457
5127 164.54659 0.4216093
5131 164.58119 0.77998885
5148 164.70787 -0.1717162
515 38.274852 0.64901023
5162 164.8855 -0.73185929
5165 164.899 -0.09757181
517 38.465123 1.1371587
5186 165.13548 2.1160691
519 38.560751 0.95219955
5196 165.19712 4.8761125
5201 165.22328 2.0548498
5211 165.30935 0.38025639
5214 165.37935 2.9178591
5217 165.41165 1.4135681
522 39.183115 -0.99535075
5220 165.42578 3.3320944
5221 165.4309 2.0582597
523 39.251281 -1.0251718
5238 165.61102 3.5775797
5240 165.6288 -1.0916415
5242 165.6387 -0.29101036
5243 165.6478 2.1983677
5249 165.73138 5.0205192
5252 165.74517 3.7812561
5254 165.79201 -0.21244379
5257 165.80344 0.0034622173
5271 165.96097 1.3270423
5275 166.01975 1.0770232
5280 166.06145 2.1583813
5298 166.25829 -0.74849605
5306 166.32496 0.89119452
5309 166.34963 5.4545925
5320 166.41246 2.0492806
5323 166.4186 3.8858582
5328 166.44272 5.3365886
5343 166.6187 5.1055897
5345 166.66751 5.3182325
5352 166.73046 1.5967359
5355 166.74633 4.3183966
5365 166.83051 -0.4067419
5374 166.92819 4.359503
5375 166.93821 2.0164953
5377 166.95615 4.6773333
5378 166.97152 -0.12156497
5393 167.14797 2.1249117
5397 167.18951 2.0446909
5406 167.33968 2.7251011
5416 167.44154 1.8413611
5426 167.53959 1.8007497
5428 167.54954 0.064590794
5429 167.55029 1.2243894
5430 167.55503 5.5607932
5431 167.5577 4.0084903
5434 167.59329 -0.9290365
5436 167.60601 -0.059467106
5438 167.63172 2.3453564
5450 167.77077 1.4754785
5451 167.77479 1.7662734
5452 167.7786 -1.2317073
5470 167.91739 1.5236473
5478 167.95512 5.4766679
5479 167.95616 -0.43299171
5486 168.02524 1.5901309
5497 168.11469 3.2569461
55 3.4438319 0.56748386
5500 168.14092 3.6686116
5511 168.22479 3.6422458
5518 168.28221 0.53622105
5538 168.50903 2.1476872
5539 168.53064 -0.0086051784
5541 168.55187 4.6977393
5542 168.5557 -0.27492585
5548 168.59209 1.5658505
5550 168.61809 0.80890384
5557 168.70261 2.294738
5558 168.72333 2.7019123
5571 168.82633 5.1771424
5575 168.85673 1.5685734
5579 168.86869 -0.58184778
5587 168.97454 0.79286835
5589 168.99695 4.6653283
5590 169.01305 2.1478534
5598 169.05007 0.78570453
5603 169.10483 1.2539473
5605 169.16314 4.0743296
5606 169.18178 4.6077566
5631 169.4549 4.7209769
5640 169.60076 -0.95124199
5665 169.85468 4.3474302
5668 169.87026 4.4487434
5677 169.95733 2.0490603
5697 170.09929 0.65588796
5716 170.30923 3.4296726
5719 170.34378 3.1194527
5723 170.41768 1.3474122
5732 170.53917 1.2887511
5738 170.62369 -0.52944336
5742 170.64969 0.14855056
5744 170.66059 1.059843
5747 170.70837 0.50858531
5754 170.7774 3.4854074
5762 170.83341 1.1105202
5767 170.86718 5.4731109
5785 171.01408 4.4747262
5786 171.02143 2.7443785
5790 171.03603 -1.1577624
5791 171.03754 1.3159131
5798 171.1856 4.157511
5801 171.23646 2.1249192
5802 171.25266 0.24478524
5807 171.2899 3.6653082
5815 171.36049 2.3441827
5822 171.40264 4.5906523
5835 171.51523 0.55225609
5837 171.52677 0.39722565
5838 171.53221 -2.2556884
5844 171.57061 4.1625184
5847 171.61556 -2.4241698
5853 171.68251 3.2322384
5855 171.69346 -1.5716661
5863 171.78835 -1.5187129
5869 171.82383 -0.79520069
5871 171.83123 4.1992145
5888 171.96846 2.8439711
5894 172.02385 -0.98083429
5899 172.05954 5.5978259
59 3.9227094 -0.79002314
5908 172.15073 2.7640958
5918 172.20014 -1.2780048
5922 172.23361 3.9895863
5929 172.33476 4.5776618
5934 172.38064 0.64924095
5957 172.58749 2.3698501
5958 172.58921 0.97306561
5964 172.64986 -1.1602762
5968 172.67816 -0.81752034
5973 172.73283 2.80002
5977 172.75948 -1.0227868
5986 172.79438 4.6489004
6002 172.92516 5.3845743
6009 172.99359 5.1430434
6016 173.12142 3.958077
6020 173.16857 4.91477
6027 173.23321 5.2610119
6037 173.33712 4.5486568
6038 173.35975 3.4484437
6056 173.59369 4.1910085
6061 173.63458 -0.93005491
6062 173.67258 5.1796307
6077 173.84489 1.9847557
6084 173.92166 0.3765106
61 4.3701888 -0.30744029
6100 174.03131 -1.3871289
6109 174.10858 2.1955998
6115 174.13788 2.1298748
6116 174.1461 2.2338273
6122 174.1754 5.4452662
6125 174.20017 4.8614404
6132 174.27853 1.6633357
6171 174.67269 1.9270199
6175 174.70545 5.2026556
6192 174.79024 -0.26907207
6193 174.79448 3.7616942
62 4.4239599 0.13121732
6201 174.90262 3.8865549
6203 174.91402 2.9261774
6205 174.9536 -0.90849856
6210 175.01814 -1.090952
6212 175.03633 3.1198362
6216 175.1206 3.8364182
6233 175.27381 2.6880647
6247 175.35477 2.9327548
6253 175.4643 3.0540524
6260 175.51423 0.85996027
6279 175.62293 2.4103132
6292 175.70065 -1.1823597
6305 175.89735 -0.49510603
6306 175.89938 -2.4085846
6308 175.9249 -1.7429195
6313 175.961 2.8141102
6321 176.03043 2.1774737
6342 176.18444 3.8512922
6347 176.22984 4.3390917
6355 176.30612 2.2197988
6366 176.40736 5.3736096
6373 176.49587 4.0694134
6376 176.52593 3.9987497
6387 176.63691 3.0852346
6394 176.78335 1.3270285
6396 176.83058 0.56348529
6398 176.84227 2.6137701
6401 176.88809 2.8212661
6402 176.91049 3.533425
6403 176.91895 3.8639979
6413 177.0644 1.6444769
6414 177.07896 2.6710517
6416 177.08679 1.4428585
6422 177.1503 3.9416071
6423 177.15164 5.2690412
6426 177.19365 -1.0488879
6428 177.20133 1.6762316
6429 177.20685 -1.1695925
6440 177.27539 4.4832108
6446 177.3678 -0.078494408
6455 177.47913 4.8035892
6463 177.56627 4.6404789
6466 177.57667 3.7674408
6469 177.59829 0.14418153
6473 177.63659 -2.1047386
6474 177.63834 -1.3545358
6477 177.65911 -0.89072355
6478 177.66193 2.1483957
6486 177.70919 0.75164222
65 4.7186254 1.132922
6509 177.90937 0.82956501
6517 177.98622 -1.3001701
6525 178.03587 4.4824143
6530 178.06601 4.415591
6538 178.11791 5.0124237
6542 178.14581 -0.095211432
6582 178.49235 4.5158446
6588 178.53867 2.6375054
6593 178.61823 0.68770015
6606 178.7463 2.9077923
6618 178.87229 1.4925759
6619 178.88958 1.1251547
6622 178.89515 -2.5350819
6625 178.90828 -0.7706118
6630 178.93503 4.108786
6632 178.94055 4.858386
6636 178.99118 3.7021671
6637 178.9932 5.2770885
6640 179.00259 3.6361257
6642 179.00472 0.21053507
6643 179.02827 5.2339013
6648 179.0516 2.6904336
6658 179.16555 1.4334162
6669 179.29582 2.583447
6681 179.34657 4.8669544
6688 179.41406 5.5780038
6691 179.42398 4.2140493
6694 179.45635 2.5446195
6698 179.47642 1.3680589
67 4.7632091 0.11645829
6700 179.48113 0.28445193
6704 179.49471 -0.37244417
6711 179.64724 2.236319
6712 179.66035 0.70870823
6716 179.7024 2.2750644
6721 179.74538 0.7756723
6722 179.7542 -0.545437
6726 179.77416 2.8007153
6730 179.80035 4.895207
6734 179.82975 4.3046059
6744 179.94472 -1.0807244
6748 179.97248 5.2249971
6758 180.04554 -2.081059
6761 180.05873 -0.77742639
6766 180.09571 4.7810354
6788 180.27358 4.6456934
6797 180.34189 3.8530644
68 5.0671789 0.68318049
6802 180.37592 0.408131
6803 180.37656 1.1940737
6805 180.3992 3.7816422
6810 180.45728 -1.8909608
6814 180.51388 5.5605799
6828 180.61151 -1.4875743
6831 180.63785 2.4332535
6833 180.65867 3.9640311
6841 180.7409 4.84585
6848 180.8006 1.889268
6852 180.84816 3.8106348
6856 180.88727 2.4929611
6857 180.89398 4.2432135
6858 180.9243 1.0019064
6867 180.95501 2.0991743
6877 181.06092 -0.50263565
6879 181.09228 -1.3675967
6885 181.13755 -1.7078934
6891 181.20383 4.2022624
69 5.2221571 0.63686113
6903 181.31778 1.5856501
6932 181.56528 3.6067204
6957 181.75125 -2.3241934
6960 181.77877 1.5834658
6974 181.8863 -1.638722
6999 182.17439 1.844174
70 5.2283464 0.15751358
7004 182.20079 1.6095585
7007 182.21927 1.1138685
7023 182.43674 2.536861
7036 182.57647 1.9016508
7039 182.61001 -0.36039193
7043 182.64742 0.47193277
7047 182.68148 -0.65201896
7054 182.70545 -2.348898
7065 182.82419 -0.036783459
7076 182.89391 4.9666564
7079 182.92743 1.0603204
7081 182.95057 1.3610831
7088 183.01235 3.679419
7094 183.1076 3.7639582
7096 183.15165 1.9675212
7111 183.38831 -1.5390925
7116 183.42051 -0.58024884
7122 183.43234 -1.00072
7149 183.65697 0.47637372
7150 183.65844 0.74195923
7158 183.75316 5.0142367
7160 183.76534 -1.5362623
7167 183.80764 2.5595546
7169 183.82598 1.797551
7172 183.86915 5.2274487
7187 183.99514 1.3647741
7191 184.03066 -2.2382793
72 5.3709594 -0.84473091
7202 184.15443 -0.37777574
7203 184.19425 -0.81448848
7211 184.3101 4.4824759
7213 184.33165 4.0017996
7218 184.35065 0.20722476
7230 184.44069 2.3526418
7242 184.56842 4.4722173
7247 184.61024 -0.86699715
7248 184.6113 -0.13056241
7259 184.66239 -1.0262047
7263 184.68978 -1.4293805
7269 184.73252 2.000607
7276 184.79097 2.3301861
7279 184.80755 0.680897
7281 184.83689 -0.24152164
7294 184.97983 2.5913483
7299 185.03082 2.4087845
73 5.4208824 0.64495357
7301 185.03982 -1.5336599
7302 185.04954 2.0617413
7303 185.05246 -1.0920518
7309 185.10413 2.5890134
7314 185.13737 -0.24277871
7318 185.22228 5.0529589
7323 185.28078 0.047532551
7326 185.29843 0.94308271
7327 185.30926 -0.45381536
7332 185.37936 0.086909262
7335 185.4081 4.5072591
7340 185.46016 0.55676547
7341 185.46315 3.8380764
7345 185.48939 2.3779093
7356 185.56212 3.9631631
7362 185.61153 0.8379317
7384 185.83617 2.2766416
7386 185.85057 2.6790106
7406 186.09259 2.3648706
7410 186.13501 -0.45871142
7422 186.34193 3.0319561
7423 186.34526 4.3551755
7441 186.51026 0.77781247
7451 186.60177 1.6724386
7473 186.85246 1.6584652
7475 186.85777 4.5932167
7478 186.87327 -2.1577627
7481 186.91596 4.3256744
7488 186.97124 2.7044134
7497 187.09922 0.24185067
7498 187.10614 3.7744187
75 5.5541601 -0.80907513
7509 187.22127 5.5045765
7515 187.30359 0.81769394
7530 187.45865 3.5790932
7531 187.4609 2.7813048
7539 187.53997 -1.0456927
7546 187.56468 3.0485274
7547 187.57111 2.2521941
7551 187.61726 -0.73384877
7558 187.66353 -0.56937259
7564 187.71502 1.6748977
7572 187.82421 1.9083725
7586 187.97007 0.17601725
7611 188.19426 -1.6110805
7625 188.41491 5.3429704
7630 188.43996 0.19949035
7636 188.50027 0.052233799
7642 188.61782 4.6826121
7650 188.71045 4.1459456
7653 188.71877 -1.9987999
7655 188.76455 4.9251543
7674 188.98562 1.957842
7682 189.02272 -1.6886587
7689 189.13062 1.8339433
7694 189.16578 4.1329101
7707 189.30437 -0.4055596
7717 189.4295 5.5513764
7723 189.50268 4.6224748
7757 189.73405 -1.059125
7761 189.78856 2.3514437
7762 189.80325 3.0004196
7766 189.83026 1.4387676
7783 189.96089 2.0064509
78 5.7709776 -1.1287537
7802 190.14925 -0.48874332
7808 190.28182 -1.3677857
7813 190.32806 1.0111275
7836 190.49503 2.2672319
7850 190.65245 -0.9879371
7851 190.65991 4.9379185
7855 190.67691 4.8606495
7858 190.73765 -1.3219244
7861 190.80608 4.8873941
7863 190.81951 3.1265043
7864 190.83327 2.8822732
7865 190.84069 0.26032778
7866 190.8493 5.2462198
7867 190.8509 1.0078117
7872 190.89174 3.9648133
7880 190.94632 -2.1012028
7882 190.95727 4.6069275
7886 190.99841 0.27651643
7887 191.00877 1.7327566
7890 191.03112 1.1093087
7892 191.04602 4.5159082
7897 191.07318 -0.87674894
7901 191.09609 -2.4827651
7902 191.09611 0.45442698
7912 191.2145 0.38903193
7914 191.23989 -0.27151918
7921 191.29313 2.4629286
7925 191.30392 -0.68233986
7927 191.33221 -0.8751071
7934 191.38161 -1.7614636
7941 191.46079 1.3409728
7942 191.46262 3.3579021
7947 191.59459 -1.9412482
7949 191.59583 0.47775076
7950 191.60169 5.3630008
7955 191.64687 2.3690977
7960 191.68935 4.6342674
7962 191.70921 2.6712463
7966 191.7187 2.9232165
7984 191.87908 -1.7077129
7988 191.90822 0.057491651
7993 191.9738 3.2600909
8 0.65105544 -0.45687475
8006 192.1058 2.7635837
8010 192.11914 5.0802763
8013 192.16153 1.2467007
8015 192.24968 -1.1598499
8017 192.26731 -2.3766412
8023 192.32034 -1.5478311
8026 192.3402 2.8025452
8035 192.48088 5.2743945
8039 192.52236 4.2665757
8044 192.56757 4.9625196
8047 192.62003 4.3690676
8051 192.70985 5.4963137
8055 192.73036 -1.9324082
8056 192.73138 -2.2292465
8062 192.7987 -0.96612593
8065 192.86787 2.8475173
8066 192.88451 -1.9841027
8075 192.9854 1.8804804
8076 193.00575 -2.4754605
8078 193.02424 3.9168013
8087 193.11385 3.3982143
8095 193.18418 3.2626454
8096 193.19358 2.1884156
8097 193.20205 1.8767797
81 6.2340029 1.2075767
8115 193.41229 -1.25675
8134 193.56031 2.7713117
8141 193.66313 -0.72629496
8153 193.83205 1.7367507
8175 194.09409 -1.9998706
8190 194.29286 4.5946391
8192 194.32847 -1.3224501
8212 194.50041 -0.46346902
8219 194.58884 1.5329441
8225 194.70023 1.6009358
8241 194.88952 -1.4759518
8246 194.95461 -0.26929864
8247 194.96482 4.8268294
8252 195.01217 -1.100494
8254 195.03333 3.9323809
8255 195.07528 -0.9069147
8260 195.09676 -0.90827238
8265 195.1266 1.0465373
8283 195.29044 -1.2747155
8293 195.40861 2.3556681
83 6.3186033 1.1918029
8306 195.67304 4.1274102
8311 195.7146 0.33281073
8316 195.74512 5.4647571
8321 195.79681 -0.75905736
8325 195.8477 1.1840889
8330 195.88963 -1.6365429
8331 195.89711 -0.82019358
8333 195.93008 1.3672116
8338 195.97217 3.5994891
8339 195.97521 -1.7615824
8343 195.99781 3.6589305
8347 196.012 -0.41558976
8353 196.07083 2.0936499
8358 196.09125 1.8211181
8365 196.13765 3.2998381
8370 196.18843 -0.91029453
8379 196.25506 1.0566007
8398 196.403 1.7165833
8405 196.46047 -1.3921222
8414 196.53625 1.1031548
8415 196.54184 -1.2668756
8422 196.60053 -0.12697345
8429 196.64443 5.4651861
8432 196.67231 3.6377962
8436 196.73057 0.48643788
8444 196.80522 -0.60045749
8446 196.82401 3.5799065
8457 196.89336 -1.9618694
8465 196.98572 1.1193517
8468 197.01267 3.8540507
8473 197.07876 3.7436684
8479 197.14359 -1.3264267
8482 197.15658 4.5437667
8484 197.17599 2.3234639
8486 197.19043 -1.5149735
8496 197.35171 0.23637026
85 6.3803811 -0.56867498
8501 197.36529 3.3810566
8505 197.42761 3.3354148
8509 197.4564 -1.8500483
8512 197.49166 2.3545292
8517 197.53934 2.5621588
8520 197.55947 0.32986578
8526 197.61618 1.2238693
8542 197.86462 2.4628272
8544 197.87865 1.185108
8545 197.88446 3.2087421
8548 197.90591 -0.95951611
8549 197.91779 -2.072835
8556 197.97419 5.5273295
8561 197.98713 -0.42624578
8581 198.09714 5.1244901
8584 198.11736 1.7009156
8587 198.12622 -0.62360426
8590 198.14935 5.4962901
8599 198.2737 -2.1775725
86 6.5852545 0.30365107
8600 198.2742 1.4655409
8605 198.29221 5.3283788
8613 198.36448 -2.5424795
8621 198.45834 -1.9545305
8627 198.52281 0.76932904
8635 198.61038 2.0210285
8638 198.63275 4.0510811
8640 198.63484 0.59609768
8656 198.78594 43.197877
8677 198.93503 -1.4354463
8685 198.99516 -2.3959079
8691 199.03779 4.9461993
8695 199.0732 -2.1831736
8696 199.07852 2.2354238
8697 199.10161 -2.1625441
8698 199.10233 -2.0903988
87 6.5869576 1.2550251
8701 199.15419 43.420139
8708 199.23705 1.6052607
8712 199.25592 0.75269357
8716 199.29569 1.4221604
8735 199.5079 -0.74922831
8751 199.68064 -1.7277663
8764 199.81833 2.3177474
8774 199.89889 2.3731288
8778 199.92854 -0.76977897
8786 199.97147 3.5600085
8787 199.97162 1.8819026
8792 200.03877 -0.34552778
8799 200.08857 5.1779819
88 6.588746 0.15416216
8800 200.09526 43.80219
8801 200.11037 5.1871081
8802 200.12176 5.3268586
8809 200.18855 -0.4137787
8813 200.20163 3.044586
8814 200.20849 4.5213882
8815 200.23055 43.312164
8824 200.28505 0.83331463
8829 200.34754 4.991854
8834 200.39721 -0.21826852
8839 200.43736 3.5154783
8843 200.49534 4.7991148
8845 200.5074 -0.3039847
8852 200.60169 42.44537
8853 200.60172 -1.2723598
8856 200.62969 -0.19015152
8863 200.67698 -2.4227957
8889 200.91797 -1.4636714
8890 200.9205 42.904929
8891 200.92939 1.2182483
8894 200.94616 3.6015834
8895 200.9698 -2.0171476
89 6.621365 0.086006342
8904 201.0175 43.568649
8911 201.11768 4.7748895
8917 201.17684 5.4107848
8919 201.18748 4.0685926
8921 201.19856 3.409075
8943 201.43125 0.69557251
8953 201.53789 41.781736
8958 201.6453 42.537075
8960 201.68177 1.8692851
8963 201.75228 -2.1066194
8965 201.76724 44.584735
8966 201.76895 -0.60766227
8967 201.77451 -1.4043078
8969 201.79032 -1.5217787
8995 202.01062 44.3015
9 0.715032 0.1334875
90 6.7369936 0.24356418
9007 202.10886 3.6040643
9009 202.13576 -2.5559602
9010 202.14229 -1.4882319
9021 202.22098 -1.9949357
9026 202.30062 2.7960711
9028 202.34956 44.893073
9039 202.46663 -2.0587463
9046 202.50551 3.8074851
9055 202.60115 2.728233
9057 202.63086 -0.47188416
9059 202.63334 -0.60375072
9063 202.666 -0.17658074
9064 202.68897 42.385917
9070 202.76506 2.6307313
9082 202.90846 1.5310207
9084 202.92096 -1.8701165
9090 202.96628 5.0626695
9095 202.99494 43.833862
9102 203.06612 0.90191054
9104 203.07806 -1.9053836
9108 203.1299 3.9911115
9115 203.20221 1.7139641
9116 203.20248 44.414642
9117 203.20292 41.871832
9120 203.22197 2.0126902
9126 203.30178 1.5065855
9128 203.32016 4.1405913
9137 203.40962 4.3010974
9143 203.47409 3.4353112
9144 203.47831 -0.92626305
9150 203.56206 41.979984
9152 203.5722 41.925924
9154 203.59711 43.725493
9159 203.63852 -1.640393
9166 203.66979 4.0870599
9170 203.71013 1.0386142
9176 203.7637 1.25708
9180 203.80698 -2.1893722
9185 203.87143 -2.2497512
9190 203.91105 -0.061892778
9194 203.9541 -2.0341409
92 6.9021538 -0.98510159
9205 204.11658 44.488254
9209 204.13981 44.725178
9210 204.1469 -0.35177838
9212 204.15271 42.159497
9214 204.20461 -0.34926536
9221 204.27049 2.3472825
9224 204.29042 3.5989187
9227 204.31633 3.1601795
9235 204.3603 0.97464749
9242 204.42402 -0.93004797
9258 204.56613 4.5425932
9267 204.65302 44.245134
9293 204.90943 -1.8596496
9313 205.07135 43.182954
9314 205.0923 -1.9007902
9315 205.09436 43.436593
9320 205.13344 5.3662562
9326 205.16286 0.83226902
9328 205.18211 3.4215986
9337 205.27492 -0.81739531
9339 205.30807 -0.88755139
9345 205.35864 4.5847055
9352 205.43547 -0.97581404
9359 205.52738 5.089967
9362 205.56153 41.791351
9363 205.56447 -1.0141469
9365 205.56739 1.9218459
9368 205.598 -1.067487
9376 205.66505 44.379217
9377 205.66702 2.4234228
9381 205.68177 5.0756148
9385 205.70649 4.4423106
9387 205.71502 -0.89591448
9390 205.76107 44.838503
94 6.9682906 0.43771971
9403 205.83929 4.6348183
9404 205.84268 41.946147
9414 205.95075 4.2259466
9418 205.96278 0.076331759
9420 205.96999 1.0026725
9427 206.02371 43.899492
9431 206.0718 3.4425443
9433 206.07793 3.7803574
9439 206.11007 44.272238
9448 206.21919 -1.2478612
9449 206.22046 0.088969194
9452 206.24771 -0.26653267
9460 206.31993 -1.1818839
9470 206.43882 1.5253816
9490 206.63091 4.002952
9495 206.64308 4.0567976
9502 206.69541 5.3092036
9515 206.8869 1.34359
9520 206.91159 -0.036416062
9531 206.96096 42.177373
9533 206.96753 4.7914874
9535 206.97054 3.489097
9537 206.97305 -2.1693112
9538 206.97906 44.738986
9539 206.98204 0.78183538
9543 207.06202 2.2211889
9547 207.09137 44.354987
9551 207.11191 -0.99552881
9558 207.22821 43.052517
9567 207.36907 3.9848633
9569 207.37048 5.5396409
9570 207.39098 5.4782587
9572 207.40871 3.5955258
9574 207.44895 4.8677953
9575 207.45465 43.400257
9577 207.47018 2.0791949
9578 207.49327 3.9471171
9579 207.50261 2.6168673
9584 207.56192 -0.40197753
9585 207.57418 2.457906
96 7.1289598 -0.40066447
9603 207.73973 1.4288631
9605 207.77646 42.325757
9608 207.80889 -2.2511458
9612 207.83425 3.6212593
9618 207.93365 -0.08469019
9623 207.99647 2.8427755
9624 208.00048 4.6902572
9627 208.02586 3.173636
9639 208.18597 -0.25726641
9652 208.34864 3.6488925
9656 208.39032 -2.2461551
9662 208.43181 -1.3003645
9677 208.54123 3.7851488
9680 208.57412 42.010143
9682 208.59505 -1.0152544
9683 208.59584 3.8366502
9688 208.65126 5.2568145
9692 208.68476 2.6775574
9693 208.69938 42.111521
97 7.1321342 -0.070329066
9701 208.7602 2.0839558
9710 208.83318 2.0533042
9733 209.07707 -1.2539139
9735 209.09105 1.5399079
9748 209.16559 4.632117
9749 209.16772 2.3235454
9752 209.18238 2.838641
9753 209.18911 2.2051394
9767 209.31089 0.86658281
9768 209.3233 0.33694704
9774 209.3551 -1.8066441
9775 209.36217 44.387499
9776 209.36406 -1.4444475
9779 209.39098 42.560121
9783 209.42228 43.607065
9784 209.43767 -2.4588805
9790 209.5314 4.4758982
9791 209.53665 -1.2738486
9802 209.62326 1.152386
9806 209.67622 2.8236569
9809 209.68363 43.034197
9811 209.70229 43.076559
9817 209.72726 3.8339103
9826 209.78337 0.45889862
9832 209.86676 1.3686396
9837 209.92974 -0.57345347
9838 209.92982 -2.4227211
9839 209.93364 4.9470903
9845 209.98726 42.038197
9849 210.04029 1.8646641
9852 210.07276 43.387086
9853 210.07678 5.0450694
9856 210.08207 3.0628154
9858 210.12558 0.36905672
9864 210.16903 -1.9217443
9868 210.20793 2.3608178
9872 210.23359 2.3071669
9880 210.28912 42.477632
9883 210.32927 -2.1907654
9890 210.35768 5.0450465
9892 210.36538 2.935047
9894 210.38262 2.2320531
9896 210.40265 4.2742307
9899 210.42584 5.5369721
9900 210.43036 0.54566068
9908 210.5023 42.078201
9917 210.5781 3.7453381
9934 210.71724 4.9924014
9943 210.77043 4.0008002
9946 210.79584 43.905415
9951 210.84211 2.3758153
9952 210.85558 1.2274238
9966 211.03528 4.6895255
9967 211.03912 1.6534823
9972 211.11838 4.6354984
9977 211.16166 43.452065
9981 211.21655 42.846195
9983 211.23889 43.754833
9985 211.24243 -1.5374254
9991 211.29095 1.5707218
9992 211.30898 43.439959
9998 211.33219 2.9706018
