8.54918 4.27036 1409.90477 1504.93875 70.49524
4.84461 2.24254 1562.10376 1570.76077 78.10519
1.57124 0.87606 999.77788 936.96181 49.98889
5.93599 3.42422 1217.16114 1213.56846 60.85806
4.27416 1.90369 1586.26050 1603.11128 79.31302
3.18397 2.24564 854.43454 904.25137 42.72173
12.26907 6.24673 1281.50919 1231.59225 64.07546
6.39658 3.48313 1310.64252 1384.62489 65.53213
3.74835 1.35640 1696.82402 1594.87365 84.84120
3.88009 1.19343 1765.42692 1778.30333 88.27135
10.11177 3.62090 1872.97712 1769.20575 93.64886
7.76490 0.52290 1528.78598 1560.76451 76.43930
4.21981 2.81421 967.09090 1035.04842 48.35455
3.54975 1.09954 1706.85752 1756.77450 85.34288
7.41652 2.66961 1886.37843 1867.65605 94.31892
3.49726 2.54492 791.48780 753.29933 39.57439
3.64738 1.42628 1642.60774 1662.78491 82.13039
3.69308 0.85676 1695.93011 1664.54892 84.79651
3.30352 1.21344 1623.74430 1531.01955 81.18721
7.21283 2.92739 1744.36200 1938.86687 87.21810
4.99081 2.37252 1530.22933 1517.51263 76.51147
10.18054 1.65993 2368.69591 2281.13566 118.43480
3.34053 2.39707 820.58602 777.27643 41.02930
1.15195 0.37407 877.40669 922.75456 43.87033
3.80123 1.54455 1633.81428 1668.85344 81.69071
14.28503 9.54511 749.82959 721.67054 37.49148
2.94607 2.08288 845.52067 814.73604 42.27603
3.33256 1.78025 1318.42134 1290.35715 65.92107
11.38581 3.37729 2079.64438 2083.17358 103.98222
4.00517 1.19166 1789.97810 1792.46517 89.49890
3.55044 0.38762 1175.60164 1200.29781 58.78008
5.89774 3.23129 1308.86442 1346.87157 65.44322
3.99305 2.20968 1295.02722 1235.06710 64.75136
4.23655 2.51122 1186.00426 1128.26390 59.30021
6.50922 4.36430 912.15954 824.41086 45.60798
5.67170 1.89418 1909.48483 1660.02570 95.47424
1.88843 0.97744 1144.03229 1153.77937 57.20161
3.46406 0.49374 1352.37394 1409.04163 67.61870
4.14343 1.07520 1813.77239 1492.93398 90.68862
4.74709 1.73161 1791.55448 1727.39750 89.57772
1.63195 0.74237 1126.45481 1194.67483 56.32274
1.82030 1.32984 718.33389 726.10423 35.91669
2.48357 1.43421 1144.71322 1162.86393 57.23566
9.90299 5.16241 1301.43489 1353.91405 65.07174
7.46541 5.66779 626.84921 616.69917 31.34246
1.65626 0.78075 1123.23107 1148.38738 56.16155
2.88146 1.07373 1539.09489 1581.29408 76.95474
6.88254 0.82505 1905.95489 2017.04474 95.29774
6.42099 1.94210 2010.65079 1906.06583 100.53254
7.88792 3.09188 1784.42398 1748.68874 89.22120
5.93570 3.19553 1338.19515 1456.08632 66.90976
4.74428 3.77312 576.27196 620.37251 28.81360
4.99499 1.86223 1790.84656 1972.90128 89.54233
12.73824 3.19759 2235.59856 2315.32987 111.77993
5.08815 0.87773 1848.26999 1848.14619 92.41350
3.44866 0.86288 1662.36634 1683.50038 83.11832
4.64420 0.85648 1799.34789 1760.79142 89.96739
3.82038 1.37116 1710.07224 1659.75995 85.50361
2.34166 0.96970 1379.36442 1473.71280 68.96822
6.31538 3.14272 1461.32408 1572.72331 73.06620
1.84929 1.26978 823.12681 790.11443 41.15634
7.78192 4.05481 1356.47531 1312.71785 67.82377
9.39296 0.90792 2058.32263 2168.03059 102.91613
3.76526 0.97012 1740.00776 1765.58314 87.00039
3.39656 1.83112 1310.15836 1320.68081 65.50792
6.32054 3.00641 1530.59440 1470.38459 76.52972
4.73074 2.39180 1441.21091 1318.11637 72.06055
2.12302 0.66320 1323.62731 1391.96625 66.18137
3.67197 2.07296 1256.17446 1172.70339 62.80872
3.24593 0.71803 1563.77697 1507.57173 78.18885
1.77555 0.38389 1033.17795 960.33298 51.65890
5.27556 1.30438 1979.00312 1815.15263 98.95016
3.38541 1.33469 1603.49444 1638.54294 80.17472
7.14966 3.00467 1699.00731 1708.86802 84.95037
2.69606 2.22929 502.01246 483.13913 25.10062
1.61978 0.86945 1042.11100 1118.52394 52.10555
4.98618 2.16716 1641.33910 1515.47514 82.06695
9.02402 6.36072 749.62746 693.57163 37.48137
5.03072 1.45530 1928.88909 1991.05734 96.44445
10.92222 5.02908 1485.45784 1488.27616 74.27289
6.94130 1.43542 2151.36353 2171.96963 107.56818
9.97152 4.84132 1421.85806 1504.24879 71.09290
2.45796 1.45678 1108.20524 1164.13778 55.41026
4.80387 2.98017 1100.91308 1108.57921 55.04565
16.17027 7.39554 1368.40504 1312.55680 68.42025
1.71068 1.39431 500.57918 514.74880 25.02896
3.38138 1.69476 1399.79400 1445.01031 69.98970
9.68288 4.52606 1491.99670 1513.46422 74.59984
1.42746 0.62495 1050.09007 1071.19393 52.50450
7.85474 0.52958 1542.07232 1526.18664 77.10362
3.33301 1.03255 1663.88161 1604.28575 83.19408
3.61577 1.01498 1720.43322 1571.67692 86.02166
7.07144 2.69155 1822.68575 1914.98869 91.13429
7.22814 5.81480 504.04302 498.59336 25.20215
3.41199 0.92771 1672.56362 1748.20256 83.62818
4.71067 2.60500 1303.52265 1334.57466 65.17613
9.83942 1.65012 2350.79502 2240.87311 117.53975
7.68765 2.33096 2050.24951 2044.13637 102.51248
4.52398 1.60246 1792.87801 1831.35346 89.64390
4.47233 1.28447 1863.52994 1769.13197 93.17650
4.17762 2.69536 1031.87591 1084.45632 51.59380
4.09369 1.58152 1698.12656 1871.25680 84.90633
4.04158 2.30223 1250.53920 1314.63524 62.52696
3.71331 1.05928 1740.52992 1726.82912 87.02650
9.92143 5.27842 1264.97850 1211.95177 63.24893
2.47453 1.38660 1180.20966 1278.02856 59.01048
4.92916 0.95281 1874.37899 1854.78268 93.71895
2.89819 0.58168 1410.97456 1374.75913 70.54873
4.80848 2.06168 1650.61624 1663.93745 82.53081
5.96361 2.45963 1721.32252 1648.29389 86.06613
2.51640 1.03955 1422.92708 1373.44457 71.14635
3.90526 1.20882 1768.44480 1605.28893 88.42224
3.16646 1.36701 1515.61828 1470.41678 75.78091
7.08499 3.18280 1606.45008 1532.36862 80.32250
4.76636 2.20177 1562.79452 1553.53398 78.13973
6.58889 2.18065 1952.98788 2016.27794 97.64939
4.69484 2.06804 1616.73211 1732.04941 80.83661
10.81665 2.21751 2353.90642 2557.49206 117.69532
8.32253 4.56890 1250.74116 1241.39074 62.53706
7.91595 4.85040 1056.02635 977.27361 52.80132
11.56593 1.38694 2382.24708 2432.65981 119.11235
7.89664 0.95565 2049.56624 2148.48014 102.47831
3.06352 0.89954 1600.19620 1723.08243 80.00981
6.69500 2.86964 1675.29000 1608.70093 83.76450
6.13704 5.49647 271.27745 268.34421 13.56387
10.23982 5.34021 1291.87236 1307.76149 64.59362
3.45249 1.72074 1411.49520 1359.94397 70.57476
5.70727 3.23538 1252.44409 1131.19062 62.62220
6.40764 3.43483 1337.50011 1386.34403 66.87501
3.60756 1.15612 1712.96481 1807.43230 85.64824
4.41526 2.24943 1425.17347 1471.17539 71.25867
7.12685 1.89462 2113.01531 2224.35631 105.65077
8.08858 3.47736 1655.66220 1656.74419 82.78311
2.38510 0.62138 1364.87727 1342.15020 68.24386
8.91650 2.92600 1986.99501 1905.05330 99.34975
2.12052 1.26198 1058.54947 1133.61353 52.92747
16.02012 3.16699 2420.60318 2420.14894 121.03016
5.67421 3.55205 1068.92677 1105.27572 53.44634
5.91512 2.24085 1812.65957 1699.25898 90.63298
12.83561 5.33921 1599.86659 1608.78319 79.99333
3.62889 1.65675 1518.38105 1495.69077 75.91905
8.17822 5.25052 957.90499 964.57364 47.89525
2.90738 0.35541 1084.27804 1144.90829 54.21390
2.83118 2.14255 703.49917 761.99094 35.17496
2.86388 0.93298 1555.29660 1593.99598 77.76483
8.72448 3.85974 1601.07976 1615.75844 80.05399
4.54502 3.75564 488.74232 527.86419 24.43712
11.22017 4.55952 1674.14253 1656.80670 83.70713
4.52514 1.05415 1863.36732 1954.57559 93.16837
1.39681 0.26402 790.86353 728.32934 39.54318
5.74388 1.88079 1926.60316 2008.23208 96.33016
3.48553 1.34951 1627.40661 1662.39175 81.37033
5.51635 0.56689 1552.50483 1671.00178 77.62524
5.95554 2.29758 1795.12304 1891.47636 89.75615
7.19642 2.36951 1971.70063 1958.01294 98.58503
6.81124 3.67708 1317.15734 1348.78760 65.85787
9.53531 3.38800 1890.78809 2000.68032 94.53940
6.53354 1.85603 2050.94800 2023.23306 102.54740
11.51340 3.89592 1922.73601 1950.95722 96.13680
9.08903 5.73683 968.31846 988.84958 48.41592
4.87783 1.65784 1846.73373 1803.10324 92.33669
3.23941 1.20721 1607.32619 1538.31238 80.36631
6.67887 2.84886 1681.80880 1827.46754 84.09044
8.85337 2.41514 2151.68382 2091.01771 107.58419
4.60116 0.31493 1042.46950 1020.03641 52.12348
2.33538 1.28937 1177.34184 1171.75282 58.86709
4.90833 2.03353 1690.49789 1663.01301 84.52489
5.03423 2.55893 1435.82539 1394.65735 71.79127
10.25299 5.39907 1274.47734 1219.84932 63.72387
1.68714 0.63984 1173.18113 1179.69642 58.65906
1.73312 1.28840 678.13157 693.34697 33.90658
9.57408 6.56646 792.68355 753.19219 39.63418
5.09101 0.72232 1725.73029 1779.14993 86.28651
4.95863 3.34487 933.83573 886.12334 46.69179
3.08254 1.59248 1340.23318 1392.14341 67.01166
4.74897 0.43282 1301.68733 1441.79511 65.08437
4.79917 3.80180 584.47990 592.68796 29.22399
8.54741 1.13686 2179.89059 2121.71490 108.99453
4.50733 1.65303 1769.56381 1727.07322 88.47819
2.56783 0.30238 958.00436 988.13653 47.90022
3.18198 0.83278 1608.37138 1532.20655 80.41857
3.78766 0.88342 1719.14482 1747.84997 85.95724
3.42801 1.83795 1319.26476 1357.76491 65.96324
9.05111 3.59989 1749.86217 1720.17756 87.49311
4.09297 1.64945 1666.80904 1626.51966 83.34045
5.10859 0.77983 1779.04725 1748.11591 88.95236
1.99241 0.92659 1236.43303 1171.58381 61.82165
5.83619 3.53974 1126.22058 1147.31621 56.31103
5.72311 3.07539 1344.24663 1330.89845 67.21233
5.28393 1.34534 1978.69431 1963.83962 98.93472
2.05669 0.69663 1311.71783 1309.19597 65.58589
3.80174 1.70630 1548.68451 1573.24382 77.43423
4.29466 3.12211 786.77808 835.68574 39.33890
4.49667 1.06527 1861.87190 1865.77842 93.09360
3.25344 1.12995 1632.09623 1593.34944 81.60481
4.46839 2.09475 1535.91067 1567.32078 76.79553
3.68969 0.78091 1657.94863 1641.49949 82.89743
11.83481 1.06845 2239.21429 2338.07928 111.96071
5.25650 0.81998 1820.48786 1759.38296 91.02439
7.27711 5.40740 677.26425 624.23680 33.86321
2.32896 1.76441 687.03739 632.27022 34.35187
6.75609 2.31453 1927.46189 1950.49457 96.37309
4.16010 2.50462 1158.63471 1213.80699 57.93174
7.78753 3.25794 1698.67730 1703.02978 84.93386
2.11203 1.19473 1114.54844 1084.74474 55.72742
4.28462 0.48142 1373.68983 1205.20344 68.68449
10.14622 7.04285 756.37974 737.99673 37.81899
3.61721 1.52536 1586.90062 1673.85033 79.34503
2.70503 0.37978 1118.82279 1113.60419 55.94114
6.32754 3.46746 1300.93330 1269.13806 65.04667
10.46063 3.93668 1800.82011 1999.35952 90.04101
8.91888 2.65041 2083.59124 2132.03483 104.17956
2.44059 1.70545 848.28288 825.92079 42.41414
7.54074 2.21768 2069.62840 2055.95502 103.48142
1.58960 0.98689 906.31991 943.98577 45.31600
5.35647 3.03396 1258.95624 1179.92624 62.94781
3.23070 1.46859 1483.28127 1532.40125 74.16406
3.34814 1.10292 1660.81418 1652.44977 83.04071
7.21100 0.80575 1899.92786 1816.64786 94.99639
3.21198 1.06016 1633.40780 1716.81993 81.67039
3.27322 1.74506 1317.13181 1404.62618 65.85659
8.79912 5.88146 862.19904 897.70909 43.10995
6.24566 1.67907 2056.26623 2028.61794 102.81331
7.92589 2.01861 2168.04977 2080.35388 108.40249
4.78909 3.36484 851.94248 874.36402 42.59712
3.83674 1.04869 1761.98561 1724.23079 88.09928
6.33567 3.58789 1242.52454 1146.03313 62.12623
4.00953 2.17577 1324.90831 1251.24434 66.24542
4.88661 2.72403 1290.05592 1243.92675 64.50280
7.83160 2.67706 1942.96282 1857.52136 97.14814
10.35089 3.30057 2009.80078 2038.12726 100.49004
3.45377 2.28511 981.93789 1016.47368 49.09689
5.67380 0.54494 1523.40492 1589.23557 76.17025
2.61788 0.55380 1348.73806 1342.75470 67.43690
6.69548 2.81899 1698.86065 1782.20063 84.94303
2.61333 1.21040 1379.54244 1413.53618 68.97712
3.03271 0.37949 1137.01241 1090.47497 56.85062
8.87775 7.26519 439.67896 455.64630 21.98395
7.95820 2.11636 2146.44920 2063.18584 107.32246
1.80209 0.50435 1160.93743 1263.60488 58.04687
4.48655 2.08613 1546.45667 1657.16004 77.32283
6.28911 1.71919 2053.20449 2088.17471 102.66022
10.04952 7.30605 665.66597 637.72324 33.28330
4.40301 2.23602 1429.39770 1365.72798 71.46989
5.22219 1.84872 1843.48651 1948.73805 92.17433
3.80301 2.66640 868.46970 852.97002 43.42349
8.45058 6.55788 560.49377 546.36742 28.02469
6.77865 5.14752 640.70293 655.63468 32.03515
6.32683 2.08317 1948.50211 1947.54744 97.42511
6.17326 2.33009 1822.09329 1876.13181 91.10466
7.59607 1.22873 2166.65962 2347.43736 108.33298
1.58485 1.03565 845.98944 861.46327 42.29947
10.95948 3.29437 2069.14933 1967.00645 103.45747
4.86166 2.32067 1522.67572 1638.79607 76.13379
1.50823 0.47513 1061.26768 1060.60901 53.06338
3.78973 1.65537 1573.29733 1588.28578 78.66487
3.85164 1.81650 1500.41332 1621.96670 75.02067
5.03394 2.83547 1271.72771 1234.62338 63.58639
3.71334 0.68550 1591.86862 1454.07315 79.59343
1.55251 1.21346 567.16224 576.24536 28.35811
3.36633 2.36593 863.24657 812.23642 43.16233
7.88318 1.59872 2226.40868 2319.69405 111.32043
2.17496 1.17068 1175.67837 1207.00289 58.78392
3.45486 0.61696 1503.82690 1522.08151 75.19135
4.53025 1.31096 1870.07297 1846.96126 93.50365
2.65573 1.22532 1389.72383 1182.17247 69.48619
2.21849 0.69738 1359.35692 1411.68852 67.96785
2.96264 1.00099 1576.48666 1437.88270 78.82433
5.50490 2.81175 1428.11792 1488.73820 71.40590
4.90491 1.85308 1774.99483 1762.13948 88.74974
2.63633 0.81729 1491.36485 1441.61514 74.56824
5.93028 3.64155 1100.67265 1069.11711 55.03363
5.78434 1.74031 1977.70357 1776.00571 98.88518
3.40718 1.47871 1541.56627 1420.91900 77.07831
7.38847 1.83297 2154.57595 2046.90541 107.72880
2.99261 1.24765 1511.88080 1463.94261 75.59404
5.06505 2.11006 1690.49081 1649.61272 84.52454
12.89312 2.26485 2458.30123 2552.88202 122.91506
1.06623 0.36723 840.46288 871.02166 42.02314
7.52703 4.36303 1171.56055 1052.00489 58.57803
2.75144 1.34585 1357.82669 1408.97975 67.89133
8.35770 0.96520 2073.01482 1926.99241 103.65074
3.61430 1.61775 1535.91866 1537.51265 76.79593
4.06954 1.22225 1798.82676 2071.24677 89.94134
4.69779 2.56587 1323.54540 1434.73800 66.17727
4.46806 2.99681 953.05840 965.12731 47.65292
3.98526 1.25587 1777.21704 1720.48548 88.86085
5.60776 1.51873 2002.51500 1979.45933 100.12575
7.27433 4.60141 1010.35477 1015.46258 50.51774
5.44162 3.15034 1219.14752 1128.42217 60.95738
7.18124 1.19872 2133.01135 2069.33823 106.65057
4.24846 3.25209 672.75787 723.01392 33.63789
3.56661 0.67368 1567.49612 1576.81861 78.37481
5.55534 1.75745 1936.30922 1852.83522 96.81546
10.59217 5.52303 1282.95651 1206.84455 64.14783
3.01845 1.59188 1310.43251 1217.11655 65.52163
3.08516 2.12945 895.34490 875.21802 44.76724
5.10982 3.23167 1059.69163 1038.30653 52.98458
2.79027 0.53642 1351.47530 1395.26700 67.57376
4.58944 2.76987 1153.60679 1119.97518 57.68034
2.02978 0.51306 1217.07128 1264.20443 60.85356
4.43258 1.74368 1712.15405 1637.19447 85.60770
4.63618 1.77034 1749.81071 1748.61447 87.49054
3.32170 0.28201 936.57151 916.36489 46.82858
2.04652 1.05040 1189.12135 1080.47953 59.45607
4.22220 1.23923 1825.02906 1914.20850 91.25145
1.97192 1.55921 580.88090 604.64881 29.04405
7.11447 2.23593 2008.79215 2085.43232 100.43961
4.70209 2.23149 1527.07298 1375.43953 76.35365
6.99934 1.58536 2151.99119 2189.53139 107.59956
4.78379 0.78810 1763.83422 1783.30930 88.19171
9.21025 3.15769 1936.90512 1906.91285 96.84526
3.18795 1.29313 1558.50826 1550.90424 77.92541
1.53452 0.58763 1106.27046 1102.78773 55.31352
8.43072 4.92265 1134.40790 1128.40410 56.72040
10.97022 5.83294 1238.67099 1248.87254 61.93355
3.44710 1.04544 1688.03769 1630.86187 84.40188
6.48471 2.56085 1777.04269 1848.16091 88.85213
1.24855 0.32141 853.82432 836.23941 42.69122
1.44472 0.57567 1065.08211 1058.38092 53.25411
4.58828 1.67311 1779.89069 1759.95393 88.99453
4.24418 2.40065 1264.41733 1277.04175 63.22087
7.23964 4.47194 1057.80911 1057.90249 52.89046
5.80030 2.45352 1689.27372 1702.02404 84.46369
6.10361 3.56836 1189.34114 1221.65541 59.46706
2.76611 0.95413 1527.51549 1509.79592 76.37577
1.77971 1.20138 838.34859 844.33826 41.91743
3.23548 0.78592 1599.20166 1630.96356 79.96008
3.07340 0.60061 1449.29802 1502.90067 72.46490
3.98681 2.21355 1289.81656 1328.04920 64.49083
5.71548 3.96545 859.60361 878.59861 42.98018
3.85945 2.28590 1183.92014 1124.57073 59.19601
3.69648 1.75184 1485.01419 1499.63020 74.25071
5.66821 2.37719 1697.62038 1550.11707 84.88102
8.34221 4.50394 1280.15187 1290.78997 64.00759
7.96116 3.31901 1701.22291 1815.80957 85.06115
3.32619 0.84583 1637.04268 1541.17582 81.85213
1.87655 0.33745 976.20912 963.34179 48.81046
4.69896 2.45438 1392.96859 1365.77487 69.64843
5.69891 1.70927 1973.35448 1954.56306 98.66772
17.01625 13.60313 391.96937 405.08211 19.59847
8.42310 2.28309 2147.58758 2146.14673 107.37938
4.23088 0.60889 1552.55313 1487.27112 77.62766
1.39705 0.62843 1031.68012 1020.11902 51.58401
2.97312 2.27972 676.64432 668.09716 33.83222
8.58859 0.45276 1402.44289 1439.17230 70.12214
3.62129 2.47691 918.84040 958.02462 45.94202
6.31970 1.94648 1994.70889 2063.34291 99.73544
7.50044 3.97141 1335.35005 1374.30415 66.76750
1.31321 0.69488 940.37465 944.17342 47.01873
5.13410 2.22146 1650.47164 1607.12517 82.52358
17.27897 6.18822 1722.90878 1837.34737 86.14544
5.61560 3.75960 936.04096 972.81378 46.80205
6.19990 3.54710 1226.86622 1247.12788 61.34331
1.76860 1.15052 887.64427 918.51252 44.38221
3.22513 2.23166 892.83824 917.10025 44.64191
4.44255 1.38384 1841.63600 1707.55739 92.08180
3.65713 1.74314 1476.05999 1600.39386 73.80300
3.97048 2.22983 1271.78489 1326.29612 63.58924
4.50874 3.70526 502.52222 500.89926 25.12611
4.79226 2.98881 1091.03281 1080.01651 54.55164
1.96094 0.63398 1268.39432 1272.58865 63.41972
4.44247 1.91266 1630.23232 1671.18995 81.51162
8.25793 6.59967 500.62645 511.70204 25.03132
2.27876 1.13289 1263.78694 1213.33941 63.18935
5.19367 0.92719 1884.54674 1773.82362 94.22734
5.46047 3.78835 865.31880 827.54738 43.26594
11.50985 3.44171 2069.65250 2015.62909 103.48263
7.28932 2.51250 1930.22360 1831.99959 96.51118
6.44972 1.27602 2096.97234 2153.10245 104.84862
5.31246 2.61511 1484.01175 1405.03771 74.20059
4.06561 1.02962 1796.34644 1811.18100 89.81732
5.40188 0.60891 1608.32366 1645.10453 80.41618
2.86941 1.51761 1292.65181 1231.91381 64.63259
4.23127 2.63829 1095.74790 1137.24461 54.78740
3.33574 1.82088 1289.89642 1340.60488 64.49482
4.82832 3.34410 881.46490 850.90662 44.07324
3.12366 2.30928 756.71414 744.68281 37.83571
2.15711 0.74974 1349.19588 1256.13808 67.45979
4.05820 1.12213 1802.54426 1910.53205 90.12721
3.54903 0.37594 1152.41968 1119.69254 57.62098
5.05209 1.67162 1875.56358 2010.58660 93.77818
4.38449 3.37202 659.92875 658.70003 32.99644
10.07298 2.19340 2309.21442 2359.54469 115.46072
4.28311 1.43685 1796.12775 1752.93780 89.80639
2.47793 1.56419 1020.44111 949.03673 51.02206
5.06591 0.60924 1595.29918 1482.07414 79.76496
6.39406 3.10085 1500.47834 1430.10885 75.02392
1.86209 1.22725 885.25295 800.40921 44.26265
8.27816 3.78607 1559.13639 1467.69814 77.95682
4.42104 1.44451 1822.49296 1873.42040 91.12465
4.18563 1.15503 1823.84173 1831.51953 91.19209
3.52026 1.56043 1535.86968 1615.79212 76.79348
4.60604 0.95603 1844.10735 1959.29969 92.20537
7.71429 4.81140 1026.77155 1018.58966 51.33858
6.45813 2.17627 1934.28548 1802.48765 96.71427
1.79720 0.76977 1203.44855 1173.58377 60.17243
2.20235 1.31155 1069.91008 1042.40528 53.49550
10.34221 4.19414 1696.88768 1779.60216 84.84438
2.92735 1.02404 1563.58050 1685.22292 78.17902
2.76509 1.48408 1264.68914 1202.82990 63.23446
3.68337 1.21111 1720.51787 1584.11976 86.02589
7.27050 3.23892 1616.23610 1397.99426 80.81181
1.90087 1.56266 494.41716 520.56362 24.72086
1.94297 1.11280 1069.45412 1052.12732 53.47271
4.36921 1.33136 1838.39860 2036.74385 91.91993
14.22787 7.37394 1203.44423 1188.90707 60.17221
5.50766 3.48170 1053.25197 940.13892 52.66260
7.76222 0.71953 1822.28042 1787.59130 91.11402
1.27697 0.44419 964.44355 983.92342 48.22218
7.94040 2.50243 2021.96944 1980.85409 101.09847
8.66421 1.49887 2276.87651 2475.83463 113.84383
9.36228 2.73316 2102.02304 2067.22698 105.10115
2.97621 1.92835 1008.12751 915.64380 50.40638
6.24985 2.78727 1623.17146 1726.05182 81.15857
2.69747 1.22360 1408.85350 1309.65509 70.44267
6.62707 3.23530 1487.08908 1506.62856 74.35445
13.62828 4.93308 1788.82490 1746.03596 89.44125
4.35593 2.71099 1098.72972 1190.87613 54.93649
6.70397 1.65507 2113.91634 2121.04724 105.69582
7.00811 3.73943 1333.18686 1270.80429 66.65934
4.10848 1.35054 1782.53189 1767.03929 89.12659
4.86267 1.39017 1913.30457 1931.48610 95.66523
6.12715 1.49260 2070.07492 2012.27906 103.50375
5.79889 2.32599 1750.40942 1812.49724 87.52047
6.69852 2.79264 1711.57958 1793.88792 85.57898
4.07501 0.80659 1715.64865 1536.26654 85.78243
4.69599 1.78656 1756.65771 1839.72583 87.83289
4.62397 2.38869 1408.61619 1388.73087 70.43081
7.45484 6.42509 345.21965 357.33916 17.26098
5.73568 1.72251 1975.29868 2052.02030 98.76493
5.39022 0.74156 1760.65504 1779.20335 88.03275
3.82985 2.05440 1336.45207 1348.93608 66.82260
8.43729 3.54411 1683.27203 1744.05956 84.16360
7.22047 1.81764 2140.23538 2060.52859 107.01177
4.60032 2.22423 1500.43637 1433.78496 75.02182
3.73277 0.95785 1732.43089 1770.14697 86.62154
3.60765 3.32685 222.01974 238.51324 11.10099
5.34274 1.62595 1939.88513 1758.67047 96.99426
6.15995 2.55222 1717.78675 1685.68323 85.88934
2.08992 0.89263 1299.43227 1343.06054 64.97161
5.07820 2.30259 1592.91395 1564.94224 79.64570
3.25927 0.72340 1568.96068 1612.04489 78.44803
3.39395 0.36943 1133.48554 1205.66699 56.67428
2.54121 1.46036 1157.43717 1086.06488 57.87186
5.19843 1.43901 1957.20710 2003.96772 97.86035
7.88188 5.48370 802.47725 774.49455 40.12386
4.67736 2.26559 1499.71747 1438.77816 74.98587
5.21548 3.84074 741.92464 756.40212 37.09623
5.25327 2.41358 1578.86604 1757.77498 78.94330
3.14220 1.79471 1215.55052 1263.19594 60.77753
5.28651 2.29765 1648.66274 1775.88292 82.43314
4.70976 1.03462 1880.74285 1936.31880 94.03714
2.25873 0.56791 1304.42213 1274.19603 65.22111
6.47625 1.45212 2109.04006 2141.56057 105.45200
2.37447 1.48217 1027.38816 1006.71191 51.36941
9.97003 4.68757 1475.27554 1460.21769 73.76378
3.79029 0.45519 1308.74242 1234.33292 65.43712
4.37118 1.71848 1708.22394 1646.20826 85.41120
8.59794 2.90888 1954.88516 1884.85322 97.74426
4.46563 2.47007 1302.23332 1301.68098 65.11167
8.90612 2.61869 2092.78045 1892.56019 104.63902
2.69597 2.28867 438.53584 444.12162 21.92679
6.02788 1.00173 1982.96677 2167.62083 99.14834
2.34853 1.02207 1360.87560 1270.01812 68.04378
7.88798 4.02211 1390.96592 1378.98965 69.54830
5.81210 1.30647 2040.43087 2167.89457 102.02154
4.15819 1.91777 1542.24440 1510.90558 77.11222
9.27610 6.40570 785.61354 826.59654 39.28068
4.17278 2.23430 1348.39886 1339.60445 67.41994
5.69091 2.96289 1396.48300 1273.25341 69.82415
2.68642 1.03327 1486.93546 1447.77527 74.34677
2.64699 0.67469 1445.08365 1426.27347 72.25418
2.82213 2.33206 504.24861 457.20306 25.21243
3.63421 0.93205 1711.11953 1659.91606 85.55598
5.66559 3.18527 1267.67493 1316.49914 63.38375
3.90180 1.40648 1718.29749 1767.74048 85.91487
6.64952 0.77949 1853.87794 2008.00582 92.69390
3.88590 1.10067 1772.47136 1700.38946 88.62357
4.48895 2.37929 1368.73379 1299.48906 68.43669
1.87927 1.25107 873.47692 838.86440 43.67385
2.43435 1.13053 1343.68127 1301.13886 67.18406
4.55277 0.89212 1810.47233 1830.21510 90.52362
2.04602 0.96102 1246.12282 1284.20239 62.30614
5.10829 3.03374 1177.77849 1235.19296 58.88892
3.50033 1.28105 1656.62723 1583.90375 82.83136
4.08865 2.37539 1218.96560 1161.47285 60.94828
3.56090 0.62871 1525.22847 1424.30633 76.26142
8.70559 1.79855 2273.67053 2337.47386 113.68353
8.15061 3.90284 1489.08722 1443.27802 74.45436
6.01018 2.43096 1744.52211 1815.26069 87.22611
2.10160 0.79032 1328.92778 1348.92846 66.44639
2.98703 0.32116 1016.72125 1091.59096 50.83606
3.15546 0.35333 1091.29374 1135.26698 54.56469
4.12447 3.10723 710.52461 719.84638 35.52623
5.56966 3.26186 1196.29334 1183.28507 59.81467
6.19315 1.33050 2079.69658 2124.78129 103.98483
3.98690 2.30114 1228.45794 1220.05116 61.42290
4.35914 2.71793 1095.34565 1172.57114 54.76728
5.48452 2.31250 1688.14025 1619.19590 84.40701
