4.50209 0.35229 1128.21261 1396.76932 112.82126
9.04787 1.05003 2152.65859 2103.92655 215.26586
6.22694 0.78224 1839.40379 1639.28559 183.94038
2.54635 0.56316 1347.66918 1078.34058 134.76692
3.11936 0.87308 1607.24493 1483.40435 160.72449
1.31889 0.53160 1003.21356 999.94388 100.32136
3.79253 1.05080 1754.46111 1930.53641 175.44611
5.28249 1.18147 1972.85449 1567.88728 197.28545
2.88848 0.64692 1465.64514 1295.63033 146.56451
6.77801 2.49374 1857.95072 2093.98305 185.79507
8.76942 2.74967 2033.07528 1807.96165 203.30753
9.24695 0.80525 1955.06259 2187.72101 195.50626
11.31325 2.42453 2343.11891 2155.64464 234.31189
9.89454 0.56299 1626.69891 1402.99173 162.66989
1.81826 0.42391 1089.75125 927.45149 108.97513
1.91039 1.01205 1132.22474 1242.74479 113.22247
8.80570 2.72378 2046.22128 1911.63945 204.62213
4.96062 1.40642 1926.22641 2025.72446 192.62264
2.31763 0.85149 1399.11856 1769.83349 139.91186
3.58595 1.57088 1552.51626 1699.12931 155.25163
2.68188 1.24724 1388.40917 1409.17605 138.84092
6.87509 1.29383 2133.29013 2365.72761 213.32901
5.64365 1.74436 1954.66995 1577.93331 195.46700
5.18474 0.31770 1057.67477 1029.61848 105.76748
3.20139 0.71403 1555.24348 1676.52584 155.52435
1.82702 0.87539 1172.93502 1080.34933 117.29350
5.60046 0.67394 1698.16227 1729.34544 169.81623
5.49083 0.43729 1327.82492 1451.72031 132.78249
2.69077 1.06948 1476.91209 1412.19712 147.69121
4.03127 0.15765 591.70651 530.97047 59.17065
5.01664 1.32662 1943.62208 1649.57079 194.36221
14.13295 0.72227 1918.27304 1876.82017 191.82730
3.59345 0.74267 1622.79861 1823.33479 162.27986
1.79373 1.19011 865.12114 937.25235 86.51211
2.13743 0.86606 1328.56564 1325.73833 132.85656
7.11576 1.72312 2146.46674 2318.35962 214.64667
2.77546 0.99379 1524.59971 1508.87594 152.45997
8.48663 1.08140 2150.00320 2064.84207 215.00032
3.15714 1.78459 1231.17993 1322.71175 123.11799
4.60619 1.03171 1868.09763 1607.98141 186.80976
3.19832 0.97873 1634.81391 1558.08303 163.48139
4.42766 1.23552 1860.51658 1962.83283 186.05166
4.20020 0.45764 1329.84955 1419.40443 132.98496
1.71084 0.93161 1058.56149 994.68025 105.85615
1.65169 0.48254 1107.41626 1310.96205 110.74163
2.39137 0.22017 754.12229 679.32262 75.41223
3.13105 0.40394 1187.04617 1148.19808 118.70462
6.51122 1.78843 2065.27599 1957.56214 206.52760
7.32233 0.72800 1820.58997 1831.34693 182.05900
13.36841 0.24088 879.09001 790.89059 87.90900
8.34204 1.25829 2215.66886 2837.00448 221.56689
4.29847 0.99227 1820.47818 1987.17284 182.04782
9.43139 0.84718 2002.62616 2236.80957 200.26262
2.45152 1.12402 1355.36510 1575.60095 135.53651
9.31636 1.54218 2317.23366 2368.90225 231.72337
3.55352 1.40621 1623.75026 1537.06555 162.37503
10.30058 2.37222 2286.10739 2147.70589 228.61074
5.63583 0.77006 1800.25354 1842.93358 180.02535
6.57881 2.20160 1943.54587 1824.67103 194.35459
4.17566 1.20211 1820.14902 2123.72291 182.01490
4.27386 0.47519 1362.82113 1433.90582 136.28211
2.26421 0.24741 818.41756 975.06931 81.84176
3.78592 0.60387 1517.02601 1457.31403 151.70260
2.28576 0.53513 1282.14933 946.36236 128.21493
4.10807 2.43553 1184.99517 1102.95502 118.49952
4.22636 1.37327 1801.51180 1620.57242 180.15118
9.04886 0.31814 1088.35218 1214.18947 108.83522
7.67862 3.06826 1761.37850 1671.57190 176.13785
6.77078 2.91608 1668.47488 1724.38043 166.84749
5.41005 1.38206 1992.71035 1921.75212 199.27104
1.89033 0.43363 1113.18175 944.09713 111.31817
10.24313 0.83527 2007.35171 2253.80323 200.73517
3.65168 1.59980 1558.61934 1460.59521 155.86193
3.42187 1.17066 1666.53472 1832.58521 166.65347
2.28922 0.34017 1017.86592 1010.23580 101.78659
8.64283 0.73056 1856.00654 1958.43954 185.60065
2.78311 1.43710 1309.28973 1561.76346 130.92897
15.43095 0.23138 852.10445 834.02709 85.21045
6.69288 1.70241 2104.86486 2296.46244 210.48649
1.86016 0.88605 1185.95817 1173.56875 118.59582
2.38652 0.40102 1130.25180 1214.67052 113.02518
1.47008 0.66410 1062.97636 976.43944 106.29764
2.73299 0.09843 384.14090 379.88404 38.41409
9.66042 2.25843 2264.44360 2324.24464 226.44436
8.10347 1.23992 2197.93096 2025.90302 219.79310
3.26027 0.67894 1538.23096 1545.12778 153.82310
4.51542 0.57276 1521.66403 1250.09396 152.16640
2.50270 0.47809 1250.55706 1138.05381 125.05571
2.47158 0.30313 954.91368 1050.51081 95.49137
4.83388 0.58673 1555.24258 1545.03930 155.52426
1.81441 0.94448 1120.18006 1301.17275 112.01801
7.72619 1.18938 2161.68550 2303.93060 216.16855
5.07989 1.04564 1922.91975 2125.53115 192.29198
4.29584 0.69802 1651.57462 1795.62094 165.15746
4.48651 1.55012 1803.41611 2211.72855 180.34161
5.56065 1.52558 1994.88198 2389.07647 199.48820
12.26302 0.47355 1472.29968 1426.35077 147.22997
9.34900 0.86284 2016.01413 2263.61572 201.60141
6.16447 0.83729 1885.08372 1585.03511 188.50837
4.54784 0.53926 1475.48845 1495.72755 147.54884
