5.00455 2.06895 1696.38764 1693.37978 84.81938
3.46284 1.32123 1631.88234 1652.48270 81.59412
5.40610 3.80207 837.62759 803.26149 41.88138
5.03976 0.83302 1815.34979 1818.70485 90.76749
6.50880 1.25187 2097.94936 2193.44584 104.89747
3.71743 2.73806 764.61962 785.21590 38.23098
5.71071 3.43820 1142.62884 1172.95374 57.13144
4.16283 1.75116 1635.79386 1743.60336 81.78969
7.87092 1.82777 2201.73649 2139.97039 110.08682
10.81030 0.86868 2052.28831 2021.14345 102.61442
8.95373 6.44378 708.54335 670.98152 35.42717
3.96430 1.20732 1780.39010 1853.81003 89.01951
4.87013 2.21284 1585.75600 1600.28714 79.28780
7.04988 2.14880 2029.90410 2214.10962 101.49521
5.85023 2.99965 1419.36533 1435.63135 70.96827
4.75511 2.78871 1203.71309 1275.68352 60.18565
2.90885 1.35706 1420.65822 1485.27608 71.03291
4.67646 3.16933 929.00598 968.76443 46.45030
7.35766 1.14041 2123.85138 2300.48676 106.19257
10.68280 5.17306 1407.94870 1363.35267 70.39743
7.68128 1.40069 2205.13602 2364.92088 110.25680
2.49996 1.24993 1299.85137 1241.70693 64.99257
3.82562 0.96177 1747.63385 1706.06928 87.38169
3.58520 0.85448 1679.92954 1798.10754 83.99648
10.58837 3.14417 2084.55529 2020.30959 104.22776
3.76427 1.47752 1653.85879 1694.20358 82.69294
10.34943 5.87540 1136.51583 1214.81532 56.82579
11.73073 1.74251 2441.98348 2324.04526 122.09917
8.10150 4.02651 1429.05324 1437.85083 71.45266
4.89146 1.61107 1864.96895 1673.79142 93.24845
4.65754 0.79162 1757.10510 1648.94149 87.85526
3.05990 0.59817 1445.44857 1438.72594 72.27243
2.81043 1.29960 1413.32028 1354.12756 70.66601
8.21688 2.39887 2089.91794 2007.76860 104.49590
7.04322 1.98919 2078.36716 2169.19241 103.91836
3.98850 2.25671 1260.41796 1247.69996 63.02090
5.07999 1.84202 1817.39879 2027.36279 90.86994
12.05557 7.89059 830.43772 788.86431 41.52189
5.71923 2.45974 1668.10720 1567.35585 83.40536
1.49276 0.85752 952.32571 856.75963 47.61629
6.39105 1.93706 2007.98319 1964.66898 100.39916
1.87827 1.58533 434.86039 458.74994 21.74302
5.57665 1.71500 1952.65261 1788.32599 97.63263
2.85039 0.74514 1516.57501 1486.87615 75.82875
2.74447 1.06511 1497.02382 1431.43594 74.85119
4.06933 0.76007 1684.15909 1782.32844 84.20795
11.30262 3.49122 2035.73351 1896.10412 101.78668
4.49770 0.91822 1817.27026 1757.88499 90.86351
7.11241 2.94266 1719.96893 1741.14090 85.99845
3.97570 1.32090 1761.23022 1755.08790 88.06151
3.15913 1.98046 1071.34734 1066.71528 53.56737
4.83847 1.36091 1913.66336 1803.05124 95.68317
2.98540 1.79484 1130.66842 1118.40382 56.53342
2.03554 0.96469 1238.47059 1279.25189 61.92353
4.78899 3.02269 1068.33541 1014.47808 53.41677
2.38881 1.27459 1221.12623 1121.51678 61.05631
3.37840 1.26389 1628.47491 1619.78137 81.42375
1.90531 1.36819 757.20260 693.54646 37.86013
4.73587 3.21660 923.58533 863.60400 46.17927
6.76000 3.61752 1333.47087 1384.94817 66.67354
6.42605 2.54601 1772.78541 1655.45263 88.63927
4.34177 1.40070 1818.08885 1783.59129 90.90444
3.43725 1.20821 1661.43109 1656.96767 83.07155
4.91688 1.66307 1852.60376 1844.43932 92.63019
3.35715 0.95726 1666.50036 1516.40988 83.32502
10.02331 4.84063 1429.45876 1496.98884 71.47294
1.85233 0.87013 1190.16226 1155.56227 59.50811
7.07028 3.06753 1656.13518 1505.93482 82.80676
2.63544 1.20682 1391.43195 1366.57386 69.57160
9.52930 3.13286 1982.25171 1902.82968 99.11259
3.98563 0.77569 1686.90573 1763.29841 84.34529
1.74149 0.92437 1086.07342 1122.76547 54.30367
4.75678 2.09590 1618.60306 1484.83131 80.93015
11.57055 2.60367 2317.83844 2302.58775 115.89192
2.97962 0.59644 1434.69019 1448.78991 71.73451
6.87333 3.14933 1580.12111 1736.45187 79.00606
12.98448 4.04239 2002.25580 2008.03708 100.11279
4.38566 2.74457 1088.34866 1047.29676 54.41743
5.30822 2.54131 1523.73744 1651.13449 76.18687
3.04851 1.63048 1296.14757 1280.05739 64.80738
6.49970 4.22689 974.49184 938.37823 48.72459
2.91140 1.77284 1106.76894 1094.98243 55.33845
11.45155 7.13528 936.39352 891.26262 46.81968
5.30928 3.14362 1180.47623 1234.30493 59.02381
5.55532 1.44449 2005.75884 1904.87536 100.28794
3.59341 0.75110 1628.30618 1544.50905 81.41531
4.56197 2.85762 1085.25441 1088.77210 54.26272
2.70601 0.73578 1485.21441 1472.69865 74.26072
7.65683 5.04942 917.42269 928.90443 45.87113
6.80371 3.68733 1310.52789 1267.01835 65.52639
7.24584 2.18620 2043.09099 2112.32831 102.15455
4.53849 2.00587 1606.92056 1575.04032 80.34603
5.26451 3.12515 1176.43580 1215.90873 58.82179
2.34218 1.59200 890.41631 853.48680 44.52082
8.86361 1.99346 2257.11398 2320.61774 112.85570
1.49508 0.88771 925.04851 878.09922 46.25243
5.10602 2.80758 1311.82098 1391.39425 65.59105
7.50360 3.41733 1580.11060 1642.75385 79.00553
2.54949 0.71692 1445.58122 1386.11103 72.27906
7.21732 4.01091 1256.49300 1269.52645 62.82465
