4.50209 0.35229 1128.21261 1396.76932 112.82126
9.04787 1.05003 2152.65859 2103.92655 215.26586
6.22694 0.78224 1839.40379 1639.28559 183.94038
2.54635 0.56316 1347.66918 1078.34058 134.76692
3.11936 0.87308 1607.24493 1483.40435 160.72449
1.31889 0.53160 1003.21356 999.94388 100.32136
3.79253 1.05080 1754.46111 1930.53641 175.44611
5.28249 1.18147 1972.85449 1567.88728 197.28545
2.88848 0.64692 1465.64514 1295.63033 146.56451
6.77801 2.49374 1857.95072 2093.98305 185.79507
8.76942 2.74967 2033.07528 1807.96165 203.30753
9.24695 0.80525 1955.06259 2187.72101 195.50626
11.31325 2.42453 2343.11891 2155.64464 234.31189
9.89454 0.56299 1626.69891 1402.99173 162.66989
1.81826 0.42391 1089.75125 927.45149 108.97513
1.91039 1.01205 1132.22474 1242.74479 113.22247
8.80570 2.72378 2046.22128 1911.63945 204.62213
4.96062 1.40642 1926.22641 2025.72446 192.62264
2.31763 0.85149 1399.11856 1769.83349 139.91186
3.58595 1.57088 1552.51626 1699.12931 155.25163
2.68188 1.24724 1388.40917 1409.17605 138.84092
6.87509 1.29383 2133.29013 2365.72761 213.32901
5.64365 1.74436 1954.66995 1577.93331 195.46700
5.18474 0.31770 1057.67477 1029.61848 105.76748
3.20139 0.71403 1555.24348 1676.52584 155.52435
1.82702 0.87539 1172.93502 1080.34933 117.29350
5.60046 0.67394 1698.16227 1729.34544 169.81623
5.49083 0.43729 1327.82492 1451.72031 132.78249
2.69077 1.06948 1476.91209 1412.19712 147.69121
4.03127 0.15765 591.70651 530.97047 59.17065
5.01664 1.32662 1943.62208 1649.57079 194.36221
14.13295 0.72227 1918.27304 1876.82017 191.82730
3.59345 0.74267 1622.79861 1823.33479 162.27986
1.79373 1.19011 865.12114 937.25235 86.51211
2.13743 0.86606 1328.56564 1325.73833 132.85656
7.11576 1.72312 2146.46674 2318.35962 214.64667
2.77546 0.99379 1524.59971 1508.87594 152.45997
8.48663 1.08140 2150.00320 2064.84207 215.00032
3.15714 1.78459 1231.17993 1322.71175 123.11799
4.60619 1.03171 1868.09763 1607.98141 186.80976
3.19832 0.97873 1634.81391 1558.08303 163.48139
4.42766 1.23552 1860.51658 1962.83283 186.05166
4.20020 0.45764 1329.84955 1419.40443 132.98496
1.71084 0.93161 1058.56149 994.68025 105.85615
1.65169 0.48254 1107.41626 1310.96205 110.74163
2.39137 0.22017 754.12229 679.32262 75.41223
3.13105 0.40394 1187.04617 1148.19808 118.70462
6.51122 1.78843 2065.27599 1957.56214 206.52760
7.32233 0.72800 1820.58997 1831.34693 182.05900
13.36841 0.24088 879.09001 790.89059 87.90900
