4.50209 0.35229 1128.21261 1289.92851 225.64252
9.04787 1.05003 2152.65859 1934.92188 430.53172
6.22694 0.78224 1839.40379 2281.00177 367.88076
2.54635 0.56316 1347.66918 1716.60869 269.53384
3.11936 0.87308 1607.24493 1186.73679 321.44899
1.31889 0.53160 1003.21356 1154.32676 200.64271
3.79253 1.05080 1754.46111 1395.19245 350.89222
5.28249 1.18147 1972.85449 1941.23809 394.57090
2.88848 0.64692 1465.64514 1649.59535 293.12903
6.77801 2.49374 1857.95072 2074.45246 371.59014
8.76942 2.74967 2033.07528 1590.78095 406.61506
9.24695 0.80525 1955.06259 2460.97454 391.01252
11.31325 2.42453 2343.11891 2724.99299 468.62378
9.89454 0.56299 1626.69891 998.45437 325.33978
1.81826 0.42391 1089.75125 1216.11524 217.95025
1.91039 1.01205 1132.22474 989.80038 226.44495
8.80570 2.72378 2046.22128 1786.55532 409.24426
4.96062 1.40642 1926.22641 1916.54407 385.24528
2.31763 0.85149 1399.11856 1443.47942 279.82371
3.58595 1.57088 1552.51626 1024.31682 310.50325
2.68188 1.24724 1388.40917 1112.14421 277.68183
6.87509 1.29383 2133.29013 2407.97635 426.65803
5.64365 1.74436 1954.66995 2684.85725 390.93399
5.18474 0.31770 1057.67477 1212.66530 211.53495
3.20139 0.71403 1555.24348 1846.81096 311.04870
1.82702 0.87539 1172.93502 1293.55175 234.58700
5.60046 0.67394 1698.16227 1044.97762 339.63245
5.49083 0.43729 1327.82492 1826.16771 265.56498
2.69077 1.06948 1476.91209 1628.86733 295.38242
4.03127 0.15765 591.70651 569.74294 118.34130
5.01664 1.32662 1943.62208 1193.12311 388.72442
14.13295 0.72227 1918.27304 889.45418 383.65461
3.59345 0.74267 1622.79861 1726.11071 324.55972
1.79373 1.19011 865.12114 980.71138 173.02423
2.13743 0.86606 1328.56564 1693.80175 265.71313
7.11576 1.72312 2146.46674 2697.82520 429.29335
2.77546 0.99379 1524.59971 1419.83971 304.91994
8.48663 1.08140 2150.00320 2867.46249 430.00064
3.15714 1.78459 1231.17993 1290.55294 246.23599
4.60619 1.03171 1868.09763 2380.51189 373.61953
3.19832 0.97873 1634.81391 1176.80803 326.96278
4.42766 1.23552 1860.51658 2137.67196 372.10332
4.20020 0.45764 1329.84955 1518.48130 265.96991
1.71084 0.93161 1058.56149 995.54081 211.71230
1.65169 0.48254 1107.41626 1334.06600 221.48325
2.39137 0.22017 754.12229 992.15860 150.82446
3.13105 0.40394 1187.04617 1341.42785 237.40923
6.51122 1.78843 2065.27599 1815.68284 413.05520
7.32233 0.72800 1820.58997 1656.71830 364.11799
13.36841 0.24088 879.09001 1227.64624 175.81800
8.34204 1.25829 2215.66886 2319.61987 443.13377
4.29847 0.99227 1820.47818 1317.44778 364.09564
9.43139 0.84718 2002.62616 1885.99522 400.52523
2.45152 1.12402 1355.36510 963.97232 271.07302
9.31636 1.54218 2317.23366 2317.15807 463.44673
3.55352 1.40621 1623.75026 1893.33068 324.75005
10.30058 2.37222 2286.10739 2535.34804 457.22148
5.63583 0.77006 1800.25354 1633.06187 360.05071
6.57881 2.20160 1943.54587 2094.00368 388.70917
4.17566 1.20211 1820.14902 2182.67673 364.02980
4.27386 0.47519 1362.82113 1435.86052 272.56423
2.26421 0.24741 818.41756 1029.43738 163.68351
3.78592 0.60387 1517.02601 1268.41116 303.40520
2.28576 0.53513 1282.14933 872.71990 256.42987
4.10807 2.43553 1184.99517 1001.24004 236.99903
4.22636 1.37327 1801.51180 1416.07209 360.30236
9.04886 0.31814 1088.35218 1164.96362 217.67044
7.67862 3.06826 1761.37850 1242.49410 352.27570
6.77078 2.91608 1668.47488 1707.72266 333.69498
5.41005 1.38206 1992.71035 1743.79625 398.54207
1.89033 0.43363 1113.18175 1060.46163 222.63635
10.24313 0.83527 2007.35171 1714.97911 401.47034
3.65168 1.59980 1558.61934 1604.43260 311.72387
3.42187 1.17066 1666.53472 1731.56681 333.30694
2.28922 0.34017 1017.86592 1114.98289 203.57318
8.64283 0.73056 1856.00654 1554.70417 371.20131
2.78311 1.43710 1309.28973 1028.20655 261.85795
15.43095 0.23138 852.10445 754.41583 170.42089
6.69288 1.70241 2104.86486 2154.75830 420.97297
1.86016 0.88605 1185.95817 1074.52254 237.19163
2.38652 0.40102 1130.25180 629.62049 226.05036
1.47008 0.66410 1062.97636 830.18945 212.59527
2.73299 0.09843 384.14090 485.20521 76.82818
9.66042 2.25843 2264.44360 1541.78450 452.88872
8.10347 1.23992 2197.93096 1850.96403 439.58619
3.26027 0.67894 1538.23096 1716.50533 307.64619
4.51542 0.57276 1521.66403 1320.92149 304.33281
2.50270 0.47809 1250.55706 1184.30019 250.11141
2.47158 0.30313 954.91368 649.01414 190.98274
4.83388 0.58673 1555.24258 1619.02454 311.04852
1.81441 0.94448 1120.18006 973.09185 224.03601
7.72619 1.18938 2161.68550 1763.34660 432.33710
5.07989 1.04564 1922.91975 2254.95834 384.58395
4.29584 0.69802 1651.57462 1661.58715 330.31492
4.48651 1.55012 1803.41611 2050.59962 360.68322
5.56065 1.52558 1994.88198 2226.67377 398.97640
12.26302 0.47355 1472.29968 1466.45208 294.45994
9.34900 0.86284 2016.01413 2287.34586 403.20283
6.16447 0.83729 1885.08372 2402.28821 377.01674
4.54784 0.53926 1475.48845 1617.80698 295.09769
1.91859 0.54864 1218.61962 1440.93494 243.72392
3.87320 0.90609 1738.81105 1326.63766 347.76221
3.88627 0.86183 1723.22421 1827.79051 344.64484
5.06974 0.87714 1846.50705 2136.79415 369.30141
2.43673 0.27044 880.30560 995.76057 176.06112
3.21698 1.21883 1596.82338 1357.98219 319.36468
6.16247 1.24225 2067.47038 2244.04605 413.49408
3.68887 1.43659 1650.10197 1422.68958 330.02039
4.74510 0.27839 951.84936 844.88386 190.36987
2.74704 0.76579 1504.32790 1660.40042 300.86558
2.45518 0.69298 1415.71226 1270.72423 283.14245
4.45352 0.72875 1690.92871 1763.53058 338.18574
2.01457 0.43632 1135.98153 1037.28210 227.19631
16.10924 0.15741 608.92485 784.20183 121.78497
1.74352 0.55678 1174.93247 1210.72566 234.98649
7.16137 3.39242 1525.63852 1874.57448 305.12770
5.09769 0.09596 381.29067 435.70341 76.25813
8.61414 1.91787 2250.27643 2772.33304 450.05529
1.51217 0.27390 823.03982 922.12858 164.60796
8.15403 0.68244 1784.10248 1749.43500 356.82050
7.95586 3.83334 1483.30420 1457.57221 296.66084
3.22476 1.45259 1490.28382 1736.41146 298.05676
4.68632 2.08828 1603.33647 1542.51386 320.66729
3.63421 0.50510 1379.35548 1252.64384 275.87110
8.41496 0.87904 2006.16577 2403.49454 401.23315
4.14880 0.39998 1220.42685 1306.07342 244.08537
2.27888 0.40938 1132.58371 1226.06861 226.51674
7.83758 4.38941 1227.04494 1431.48626 245.40899
3.02099 0.86561 1586.04819 1661.99295 317.20964
6.44775 0.77887 1845.37426 2387.67379 369.07485
5.49907 2.05202 1813.80496 1577.46157 362.76099
4.60073 1.60341 1809.11295 2220.83823 361.82259
2.29214 0.53029 1278.77691 1517.32204 255.75538
1.33684 1.09723 449.95515 384.58359 89.99103
2.97684 1.30811 1475.99729 1773.28319 295.19946
2.03519 1.00137 1215.99003 1140.04008 243.19801
2.78489 0.69784 1482.09549 1671.75387 296.41910
1.92406 0.65447 1261.84835 1152.04265 252.36967
4.14887 1.30632 1800.78987 1595.09905 360.15797
6.58216 1.59192 2109.43508 2829.03605 421.88702
4.25070 0.90695 1785.77637 1949.67390 357.15527
4.02879 0.70973 1640.91452 1305.02243 328.18290
2.39335 0.70885 1407.32497 1801.25228 281.46499
1.21821 0.41209 925.73034 761.60580 185.14607
6.43755 2.28852 1886.40276 1601.25927 377.28055
5.34384 1.19245 1980.93045 1661.02286 396.18609
1.60222 0.69634 1126.11372 1160.52250 225.22274
5.41787 0.73682 1757.46223 2244.77632 351.49245
3.39339 0.45704 1291.66852 1035.33610 258.33370
7.70836 1.94032 2164.38063 3007.60926 432.87613
4.70953 2.14280 1579.68738 1294.00490 315.93748
4.42386 1.21410 1861.04603 1810.27975 372.20921
13.13215 0.75074 1947.80292 2669.55578 389.56058
2.95990 0.50009 1324.07264 1328.65011 264.81453
2.02720 0.40823 1101.66612 1280.35958 220.33322
4.43210 1.31817 1852.02551 1848.99696 370.40510
5.05125 1.42847 1936.75838 2081.47743 387.35168
14.98943 0.56839 1674.18871 1656.65654 334.83774
2.86422 0.55039 1374.94188 1839.53590 274.98838
4.17991 1.12583 1822.63965 1676.31573 364.52793
10.60404 0.59476 1688.63971 1439.38458 337.72794
1.83090 1.09765 998.21067 899.10696 199.64213
1.92863 0.52538 1205.53442 972.73028 241.10688
17.21736 0.64307 1816.66090 1767.67403 363.33218
16.09009 0.23843 874.64565 861.36557 174.92913
2.83749 0.69045 1486.75406 1280.59704 297.35081
4.72327 1.30563 1901.93390 2258.70001 380.38678
2.44700 1.07385 1379.46360 1850.80327 275.89272
4.09867 1.59039 1695.53679 1290.86617 339.10736
13.50919 2.41484 2463.31367 2539.34038 492.66273
3.67598 0.18032 661.00092 555.76227 132.20018
9.23927 3.33013 1876.55417 2572.82024 375.31083
1.53184 0.40304 1010.28079 1138.34176 202.05616
8.57028 1.01692 2115.45315 1755.95040 423.09063
1.87566 0.78727 1235.71868 851.85214 247.14374
8.67623 1.97852 2244.65192 2054.22576 448.93038
7.40307 1.91394 2138.77894 2502.92059 427.75579
5.51476 1.50431 1992.09324 1482.76493 398.41865
13.71763 0.50559 1546.09206 1358.25156 309.21841
3.94995 0.66489 1593.61154 1634.87640 318.72231
1.77361 1.38296 594.32809 567.28488 118.86562
10.19482 1.23783 2285.65667 1600.84709 457.13133
9.38873 0.67999 1803.49792 1703.94632 360.69958
2.46731 1.03816 1403.95073 1617.65884 280.79015
3.83103 0.61581 1533.69883 1443.27732 306.73977
6.03567 1.02461 1994.12192 2383.22641 398.82438
7.36939 0.31029 1058.60478 1202.43377 211.72096
4.67524 0.21151 763.59328 917.76842 152.71866
7.43993 1.57679 2191.77658 2219.76830 438.35532
3.69654 1.30570 1699.95064 1686.12552 339.99013
1.54440 0.23263 742.48578 690.57241 148.49716
2.35289 0.23646 794.80741 747.02543 158.96148
8.59956 0.93959 2061.91569 1918.75325 412.38314
2.59934 0.41312 1167.63972 1125.62163 233.52794
7.74404 0.85908 1967.43808 1936.71463 393.48762
15.93030 1.87675 2585.40431 2630.22535 517.08086
2.97865 0.27267 904.56572 722.45382 180.91314
5.36752 0.91310 1890.01866 1741.50954 378.00373
3.11240 0.77610 1575.26519 1682.06091 315.05304
6.81844 1.67904 2122.51428 2328.58162 424.50286
3.94942 1.25861 1769.30346 1457.68977 353.86069
6.52059 0.86569 1924.84943 1542.23673 384.96989
1.58473 1.12214 736.21482 854.98762 147.24296
3.13380 0.41899 1213.59896 1229.25657 242.71979
1.98477 1.05253 1149.10251 1104.00385 229.82050
3.24584 1.17481 1618.92146 1842.84301 323.78429
6.72428 1.49600 2131.50750 2396.48464 426.30150
6.97966 1.69928 2136.27995 2434.00246 427.25599
1.99203 0.66910 1286.54360 1378.12895 257.30872
3.50686 0.52626 1401.04944 1471.11769 280.20989
9.14867 0.72817 1863.13472 2079.78911 372.62694
3.89338 1.94815 1432.38735 1586.75234 286.47747
10.75232 0.55430 1619.64558 1209.09018 323.92912
8.49763 0.63108 1718.13228 1621.63479 343.62646
5.05314 1.85424 1806.69655 1902.70487 361.33931
3.51524 1.08035 1700.89235 1494.85881 340.17847
4.65112 1.37729 1880.44659 1895.61571 376.08932
4.77133 3.16558 970.68447 971.58585 194.13689
2.35052 1.15176 1289.14717 1570.05870 257.82943
2.70375 0.13125 496.03363 519.97881 99.20673
2.71802 0.91641 1516.97761 2204.53196 303.39552
2.89035 2.26715 625.46399 766.48162 125.09280
2.85638 0.17945 649.24594 487.99579 129.84919
11.66971 0.78840 1977.80828 1631.77941 395.56166
9.18415 0.87313 2021.72398 2089.29687 404.34480
6.09444 0.53591 1519.79645 1889.69553 303.95929
5.03309 1.21438 1946.85423 1743.71659 389.37085
1.64734 0.85949 1069.28803 1059.90340 213.85761
2.98875 0.48890 1311.48402 1286.34090 262.29680
2.14784 0.76755 1346.55629 1484.99988 269.31126
5.19262 2.09909 1726.09429 1159.82570 345.21886
1.63388 0.50556 1116.81513 1092.53079 223.36303
14.67376 0.47997 1497.12454 1457.96218 299.42491
3.65187 0.14904 561.39673 589.56706 112.27935
5.01026 0.74856 1745.75929 1543.54637 349.15186
3.22334 0.93863 1637.89915 1570.16224 327.57983
6.91658 1.31116 2139.03471 2191.11689 427.80694
4.98232 0.13753 528.43628 410.97695 105.68726
7.51415 0.24013 863.62858 909.11235 172.72572
3.37179 0.98840 1671.82218 1479.93937 334.36444
2.77130 0.86530 1529.99614 1660.62741 305.99923
4.80667 0.99829 1880.22289 1851.42806 376.04458
5.67242 1.17188 2010.87889 2689.73219 402.17578
5.22331 0.57268 1551.04401 1191.93246 310.20880
7.46424 0.55822 1585.13614 1310.80549 317.02723
5.97085 1.23666 2049.44518 1748.11139 409.88904
6.92860 2.62962 1825.33673 1576.63865 365.06735
7.00518 0.97331 2023.09052 2849.79935 404.61810
3.43230 0.73359 1597.66152 2167.94284 319.53230
2.72894 0.55030 1359.27809 1478.90971 271.85562
3.78516 0.60597 1519.33813 1853.36837 303.86763
5.76986 0.73404 1771.59289 1701.03438 354.31858
4.63377 1.48828 1852.24317 1794.04075 370.44863
9.73304 1.59113 2342.65762 2434.40581 468.53152
5.37910 1.20770 1986.54973 2670.44221 397.30995
3.37746 0.87500 1654.47862 1133.12538 330.89572
5.89054 2.81365 1527.35674 1261.74250 305.47135
6.67017 0.39165 1250.11230 1250.65759 250.02246
10.71410 1.99964 2380.94262 2159.60520 476.18852
4.15046 1.14959 1818.04108 2422.00474 363.60822
8.86968 1.25383 2239.45363 2600.92298 447.89073
2.21303 0.43781 1164.81141 1321.20746 232.96228
3.35146 0.60173 1478.64584 1814.84907 295.72917
4.58719 2.28035 1462.74977 1050.52925 292.54995
2.41734 1.03834 1383.18886 1575.72635 276.63777
2.06101 0.89378 1285.69370 1413.38502 257.13874
7.10621 1.23897 2138.81590 778.92942 427.76318
4.96810 0.94778 1875.64481 1777.24507 375.12896
7.48720 3.52853 1527.94065 1616.14695 305.58813
9.72440 2.13796 2295.29494 2590.20156 459.05899
3.28515 1.85899 1236.79481 1403.54743 247.35896
6.71001 0.54835 1554.21741 1769.83137 310.84348
6.97441 0.76320 1848.85125 1700.05200 369.77025
7.93022 0.71955 1826.43761 1760.73362 365.28752
10.80708 0.33181 1131.46500 1244.58611 226.29300
10.52916 0.45377 1419.92665 856.71035 283.98533
3.30737 0.97482 1657.95116 1543.48557 331.59023
3.85452 1.39680 1709.85860 1514.48509 341.97172
1.58739 0.76632 1088.74292 962.74500 217.74858
5.74306 2.08421 1847.59036 2243.68005 369.51807
6.02671 3.50828 1198.82078 1062.35727 239.76416
2.33751 0.45673 1204.40908 1334.42294 240.88182
3.35207 0.21921 771.94374 719.08100 154.38875
5.32356 0.83372 1835.08524 1778.40754 367.01705
7.44375 2.52572 1947.34021 2055.78992 389.46804
4.55975 0.98491 1849.33818 1874.43908 369.86764
5.38919 0.64300 1652.00135 1524.46974 330.40027
4.66822 0.89478 1822.71735 2195.10596 364.54347
5.24929 3.68105 847.12397 736.60941 169.42479
4.17918 0.75484 1690.22782 2170.24048 338.04556
5.73484 2.21451 1788.89464 2326.26442 357.77893
8.61464 0.67134 1778.11132 1826.51092 355.62226
6.74696 0.79233 1870.15053 2367.81576 374.03011
11.79677 0.71299 1882.13266 1813.06385 376.42653
4.41805 1.61134 1765.61272 1551.53713 353.12254
6.24171 0.80807 1863.80170 1348.76290 372.76034
4.07114 1.57232 1696.22050 1745.40279 339.24410
12.10590 1.38494 2398.11908 2437.07540 479.62382
2.34807 0.48380 1238.63946 997.31022 247.72789
4.86903 1.14225 1920.13599 1969.62609 384.02720
2.36891 0.12604 475.68648 420.32440 95.13730
2.09715 0.67931 1320.69659 1317.05547 264.13932
5.56853 1.48234 2002.74831 2035.19267 400.54966
4.00763 1.29058 1775.09429 1826.60267 355.01886
10.21461 2.95493 2111.74628 1996.97860 422.34926
2.86405 0.46166 1262.87910 905.31681 252.57582
1.55855 0.50753 1094.37433 840.26517 218.87487
1.69680 1.56094 222.98998 234.45698 44.59800
6.24301 1.01098 2001.52197 1330.25651 400.30439
8.63840 0.25651 915.72308 1146.03382 183.14462
9.84974 0.73457 1883.70187 2258.42224 376.74037
3.24061 0.39145 1169.67915 1325.16568 233.93583
1.94577 0.47186 1163.51825 990.11897 232.70365
6.00468 0.64684 1679.99003 2091.04294 335.99801
6.81466 1.73871 2111.75918 1601.43159 422.35184
4.86493 1.49101 1893.72915 1844.87960 378.74583
8.04659 1.20025 2182.16590 1454.50541 436.43318
1.76345 0.91212 1110.05497 1033.92556 222.01099
4.03658 0.52209 1426.30923 1573.35270 285.26185
3.54445 0.38064 1161.63175 1319.16832 232.32635
2.25650 0.47587 1217.20723 1102.36131 243.44145
1.92534 0.26483 840.66288 568.11467 168.13258
5.58231 1.18597 2004.66257 2008.00025 400.93251
4.12017 1.45257 1754.92749 1804.25648 350.98550
5.65117 0.35819 1160.91920 1390.88302 232.18384
8.16170 0.90676 2021.76683 2288.95370 404.35337
3.52719 2.14115 1136.32201 1414.22576 227.26440
8.64730 1.30135 2242.91693 2151.52512 448.58339
5.87466 1.48945 2040.86759 1960.57660 408.17352
2.50725 0.36674 1082.14769 1120.21014 216.42954
3.08185 0.82929 1589.28637 1707.44035 317.85727
0.67508 0.33208 604.49551 467.81104 120.89910
7.85870 0.26441 935.55987 1269.32366 187.11197
6.50551 2.56301 1779.92647 1836.13056 355.98529
4.65977 0.46779 1363.56963 1386.47714 272.71393
2.91006 1.48062 1339.53078 1293.25461 267.90616
4.31380 0.15794 594.13980 607.81738 118.82796
6.31004 0.71568 1773.80896 1938.35250 354.76179
5.46819 0.13802 531.39403 683.27801 106.27881
2.39468 0.82534 1425.57832 1174.68162 285.11566
5.58631 0.38940 1230.17335 1531.97960 246.03467
7.89957 1.85974 2198.86503 2226.29732 439.77301
5.56971 1.24112 2010.38259 2593.04035 402.07652
5.14333 1.85830 1823.76279 1861.38225 364.75256
4.41134 0.56639 1507.91310 1241.21051 301.58262
2.52827 0.90968 1461.30147 1630.42549 292.26029
4.34823 0.89543 1791.38717 2037.76537 358.27743
9.43818 0.96081 2103.00878 2460.10575 420.60176
4.32396 0.23598 831.48172 896.85443 166.29634
2.17019 1.39921 957.98169 926.23017 191.59634
2.55050 1.24084 1331.25838 1298.55503 266.25168
4.19544 0.12609 486.68006 316.44506 97.33601
4.30392 0.55457 1486.26914 1853.47046 297.25383
4.44797 1.29885 1857.59907 1663.39051 371.51981
6.22307 1.22562 2069.88856 2155.84684 413.97771
16.92752 1.17243 2392.28520 3231.47087 478.45704
6.58163 0.73805 1808.34358 1551.14316 361.66872
7.69151 1.41438 2207.24962 1900.96739 441.44992
8.84550 1.05175 2146.70344 2028.61782 429.34069
9.17597 0.89027 2037.17284 1655.08673 407.43457
0.91523 0.59568 637.82286 760.60856 127.56457
1.76835 0.32475 942.73562 1125.06499 188.54712
3.69831 0.31517 1025.15104 1071.31511 205.03021
4.83141 0.57711 1541.92980 1118.70521 308.38596
2.57664 1.19737 1370.60219 1174.59170 274.12044
3.74588 0.78785 1668.59541 1912.05275 333.71908
13.43150 3.25388 2264.19940 2434.84139 452.83988
4.43738 0.65567 1618.46352 1335.11106 323.69270
8.58797 0.94734 2067.49306 2107.05491 413.49861
2.11546 0.18928 662.57336 981.10867 132.51467
7.46347 1.99137 2126.43095 1440.03146 425.28619
4.37338 0.59731 1546.52983 1485.53470 309.30597
7.50997 0.86641 1965.74581 2015.61807 393.14916
2.07719 0.49305 1207.64646 1170.89660 241.52929
4.89727 1.04737 1904.67969 2104.04889 380.93594
4.99445 1.10893 1929.45397 1672.82621 385.89079
4.98023 0.49855 1426.80898 1713.22085 285.36180
9.82570 0.40200 1300.14966 544.16566 260.02993
3.99433 0.30788 1014.46387 1116.26358 202.89277
8.06545 2.05536 2172.99051 1547.68737 434.59810
5.79370 0.36633 1181.64676 1536.55280 236.32935
6.65016 1.67479 2104.87895 1767.58515 420.97579
2.68622 1.36920 1310.08858 1403.97327 262.01772
6.65321 3.10157 1557.14560 1394.62089 311.42912
4.06624 2.63864 1021.29179 938.25180 204.25836
1.75976 0.97622 1056.81804 1140.26037 211.36361
3.80444 0.94028 1739.32020 1717.60309 347.86404
6.38073 0.53342 1522.23595 1543.58714 304.44719
12.14511 0.82537 2027.43991 2211.80423 405.48798
6.29509 0.92688 1957.13971 1497.83821 391.42794
4.02736 1.13482 1797.21244 1584.43749 359.44249
5.20668 0.54645 1511.31116 2089.68710 302.26223
9.10036 0.55052 1595.76246 1929.34846 319.15249
4.06453 0.34791 1108.62889 1237.26025 221.72578
3.29982 0.36772 1126.31336 1225.77288 225.26267
6.99623 1.86193 2105.93451 2507.38302 421.18690
2.46498 0.27360 888.83616 1020.74740 177.76723
4.02586 0.44131 1294.34716 1086.33474 258.86943
0.90316 0.55385 673.15152 773.81047 134.63030
5.32964 2.19821 1709.20502 2291.53046 341.84100
