# Cosmic ray list (file set /Volumes/Seagate_Expansion_Drive/Mirage_data/mirage_data/nircam/cosmic_ray_library/CRs_MCD1.7_SUNMAX random seed 899944195)
# Cosmic ray rate per frame:  2.594817e+02 (scale factor 1.000000)
Image_x    Image_y    Group   Frame   CR_File_Index   CR_file_frame   Max_CR_Signal
1339.5 601.5 0 0 2 32 406.8989562988281
1914.5 254.5 0 0 8 424 8739.5244140625
1539.5 1135.5 0 0 7 308 5541.06396484375
721.5 369.5 0 0 4 413 1340.02783203125
1040.5 1299.5 0 0 7 83 9589.5126953125
1851.5 1756.5 0 0 0 795 3134.882568359375
85.5 1493.5 0 0 6 788 1343.9403076171875
1156.5 1549.5 0 0 1 771 1011.3786010742188
1988.5 1511.5 0 0 8 79 558.3510131835938
1688.5 1347.5 0 0 8 432 25726.576171875
719.5 691.5 0 0 2 470 1140.265625
902.5 190.5 0 0 1 928 2249.681640625
902.5 1772.5 0 0 5 161 2960.776611328125
977.5 1102.5 0 0 5 609 2762.2177734375
1043.5 849.5 0 0 1 337 3625.89990234375
423.5 1217.5 0 0 5 577 6709.919921875
399.5 282.5 0 0 3 59 2162.628662109375
1251.5 875.5 0 0 6 779 13655.5673828125
1335.5 313.5 0 0 9 139 799.1260375976562
263.5 1660.5 0 0 7 723 60532.0859375
841.5 1112.5 0 0 4 707 6406.7021484375
573.5 733.5 0 0 4 875 2554.85595703125
468.5 1091.5 0 0 7 582 444.0675964355469
973.5 1821.5 0 0 1 962 2576.37451171875
1429.5 1951.5 0 0 6 245 9814.48046875
385.5 1543.5 0 0 2 112 24972.4453125
1317.5 675.5 0 0 7 705 490.03936767578125
1209.5 40.5 0 0 8 963 3658.177978515625
935.5 937.5 0 0 3 94 9075.998046875
46.5 2037.5 0 0 7 53 48651.8125
1628.5 102.5 0 0 1 329 689.5763549804688
956.5 1338.5 0 0 2 656 1091.584716796875
601.5 1767.5 0 0 9 64 2630.17138671875
1488.5 251.5 0 0 7 715 2600.82763671875
1904.5 466.5 0 0 5 328 4580.54736328125
1055.5 529.5 0 0 5 540 2745.58984375
251.5 1682.5 0 0 1 53 12762.5419921875
827.5 879.5 0 0 6 755 3892.927490234375
1861.5 1470.5 0 0 0 26 2168.49755859375
1820.5 1826.5 0 0 7 766 1251.0186767578125
1026.5 1038.5 0 0 7 475 4232.3359375
1695.5 1841.5 0 0 7 326 2637.01806640625
178.5 582.5 0 0 7 339 1639.333251953125
653.5 1601.5 0 0 2 19 19168.935546875
782.5 768.5 0 0 2 173 1462.2930908203125
1049.5 552.5 0 0 7 133 2306.412841796875
1849.5 1794.5 0 0 5 126 1332.2027587890625
1384.5 422.5 0 0 0 600 4431.873046875
1407.5 2003.5 0 0 7 453 2396.400146484375
1476.5 91.5 0 0 0 558 1655.9613037109375
350.5 250.5 0 0 9 887 731.6356201171875
1793.5 1494.5 0 0 5 950 2764.174072265625
1560.5 1778.5 0 0 4 236 2859.052001953125
1187.5 80.5 0 0 6 55 6708.94189453125
1990.5 682.5 0 0 7 289 830.4259643554688
785.5 1411.5 0 0 7 139 1351.7652587890625
279.5 913.5 0 0 3 943 1205.046875
1498.5 752.5 0 0 0 445 2716.24609375
1436.5 1405.5 0 0 1 683 2280.00341796875
954.5 1944.5 0 0 5 219 6286.39306640625
65.5 420.5 0 0 1 918 2557.790283203125
996.5 164.5 0 0 1 737 2247.725341796875
1263.5 27.5 0 0 0 79 35443.24609375
1382.5 377.5 0 0 9 951 20292.12890625
1422.5 1652.5 0 0 0 897 4095.398681640625
2036.5 575.5 0 0 0 262 2296.631591796875
444.5 787.5 0 0 1 345 58270.66796875
502.5 1394.5 0 0 1 727 161.3902130126953
1176.5 1613.5 0 0 8 815 2638.974365234375
1776.5 281.5 0 0 0 252 520.3611450195312
24.5 1087.5 0 0 3 641 1517.0679931640625
38.5 1960.5 0 0 7 468 2959.798583984375
1072.5 17.5 0 0 6 973 1456.42431640625
1689.5 782.5 0 0 6 677 2312.281494140625
644.5 1597.5 0 0 8 865 5055.1630859375
1780.5 1913.5 0 0 5 263 2318.150146484375
202.5 1248.5 0 0 5 426 319.8460388183594
1127.5 1339.5 0 0 5 121 2487.365478515625
1845.5 1540.5 0 0 2 679 256.2680969238281
245.5 1076.5 0 0 4 93 2246.747314453125
557.5 2042.0 0 0 3 792 1416.6798095703125
701.5 1367.5 0 0 4 225 3315.835205078125
1531.5 1209.5 0 0 1 467 1396.7589111328125
1752.5 1332.5 0 0 8 401 10782.822265625
1068.5 1586.5 0 0 5 973 4502.2978515625
164.5 785.5 0 0 9 24 20221.703125
457.5 1704.5 0 0 4 10 61.6217155456543
92.5 780.5 0 0 7 733 663.1670532226562
622.5 24.5 0 0 4 627 2011.9979248046875
98.5 311.5 0 0 0 647 1216.7843017578125
1490.5 1333.5 0 0 9 684 1050.5035400390625
747.5 1543.5 0 0 1 665 2686.90234375
603.5 91.5 0 0 4 334 3520280.25
784.5 1238.5 0 0 9 81 27855.94921875
121.5 964.5 0 0 4 150 2875.679931640625
1396.5 1224.5 0 0 5 342 401.03021240234375
2001.5 10.0 0 0 7 355 4908.21875
1263.5 774.5 0 0 7 644 5207.52392578125
1088.5 434.5 0 0 4 424 147187.078125
1431.5 987.5 0 0 5 382 2749.502197265625
2028.5 207.5 0 0 0 40 442.1113586425781
532.5 1490.5 0 0 0 828 1216.7843017578125
457.5 764.5 0 0 9 494 501.7768249511719
1243.5 1550.5 0 0 2 386 1208.2510986328125
1836.5 820.5 0 0 0 534 1481.6090087890625
1604.5 1267.5 0 0 6 83 31250.03515625
1326.5 672.5 0 0 2 474 28840.919921875
1283.5 790.5 0 0 8 834 21609.095703125
1605.5 182.5 0 0 5 611 806.9510498046875
1619.5 1988.5 0 0 7 743 4908.21875
162.5 5.5 0 0 5 14 710.1168823242188
135.5 1850.5 0 0 4 234 4622.60693359375
785.5 601.5 0 0 2 732 2104.91943359375
1362.5 1809.5 0 0 0 621 2163.60693359375
429.5 576.5 0 0 6 412 1997.3260498046875
918.5 414.5 0 0 0 618 2559.74658203125
1196.5 1383.5 0 0 5 601 520.3611450195312
822.5 438.5 0 0 0 336 4419.1572265625
1491.5 1191.5 0 0 3 436 2903.0673828125
852.5 1841.5 0 0 2 900 2163.60693359375
444.5 1164.5 0 0 1 549 2828.730224609375
1764.5 436.5 0 0 3 330 5297.51123046875
1932.5 1597.5 0 0 8 670 1629.700439453125
224.5 1679.5 0 0 8 277 65777.7578125
1532.5 61.5 0 0 8 787 4477.8447265625
1780.5 41.5 0 0 6 549 5858.95361328125
733.5 1037.5 0 0 9 765 15663.6533203125
1802.5 153.5 0 0 8 504 172697.640625
693.5 1988.5 0 0 6 253 3163.248046875
1404.5 87.5 0 0 0 210 38007.8828125
1389.5 1641.5 0 0 2 898 16724.916015625
966.5 1873.5 0 0 3 734 2579.05810546875
824.5 765.5 0 0 5 495 874.4414672851562
944.5 1110.5 0 0 9 821 7284.078125
1640.5 1641.5 0 0 2 20 1214.828125
1892.5 1305.5 0 0 0 820 2697.661865234375
1038.5 1589.5 0 0 6 619 2067.7509765625
1406.5 171.5 0 0 2 686 1980.5855712890625
293.5 1299.5 0 0 4 569 6127.93701171875
1126.5 1658.5 0 0 4 847 885.2008056640625
1796.5 1764.5 0 0 0 986 16969.447265625
1984.5 1691.5 0 0 0 104 3066.413818359375
1554.5 2022.5 0 0 2 129 2308.368896484375
1429.5 1919.5 0 0 5 275 4463.1728515625
1294.5 507.5 0 0 7 457 4889.63427734375
1755.5 367.5 0 0 4 905 1485.76806640625
1236.5 1194.5 0 0 2 322 3102.6044921875
588.5 836.5 0 0 9 86 2857.095703125
1219.5 1943.5 0 0 2 975 2508.884033203125
504.5 1532.5 0 0 9 454 2134.26318359375
1082.5 1678.5 0 0 9 378 2929.476806640625
1418.5 603.5 0 0 7 719 2520.62158203125
964.5 823.5 0 0 6 566 1050.5035400390625
309.5 762.5 0 0 5 780 1002.5755004882812
1829.5 1296.5 0 0 7 179 1193.3094482421875
1758.5 410.5 0 0 4 344 2131.328857421875
265.5 1124.5 0 0 7 81 2192.73095703125
781.5 1059.5 0 0 0 628 1805.614013671875
80.5 1509.5 0 0 4 829 4686.1845703125
710.5 1035.5 0 0 7 863 3354.698486328125
1155.5 570.5 0 0 6 258 3360.828857421875
132.5 1894.5 0 0 6 683 3397.019287109375
831.5 1266.5 0 0 6 125 1480.87744140625
2031.5 19.5 0 0 4 112 2142.088134765625
1902.5 1904.5 0 0 3 938 1860.388916015625
1378.5 414.5 0 0 8 366 2513.774658203125
693.5 843.5 0 0 5 718 877.3758544921875
1589.5 544.5 0 0 6 530 2820.9052734375
791.5 1251.5 0 0 4 409 1318.509033203125
1059.5 548.5 0 0 8 732 1246.4144287109375
66.5 1282.5 0 0 0 116 2837.533203125
1121.5 1146.5 0 0 1 128 3775.552734375
1631.5 1567.5 0 0 9 505 2698.1884765625
1338.5 427.5 0 0 8 77 7860.19189453125
729.5 1709.5 0 0 8 30 227.90252685546875
2006.5 14.5 0 0 6 253 3163.248046875
1206.5 466.5 0 0 6 728 1373.283935546875
1539.5 7.0 0 0 8 783 414.72393798828125
815.5 1233.5 0 0 1 566 3176.941650390625
746.5 479.5 0 0 5 351 1975.807373046875
1283.5 1518.5 0 0 2 350 114.4403305053711
329.5 578.5 0 0 7 869 2389.55322265625
679.5 416.5 0 0 9 698 420.5926513671875
1918.5 683.5 0 0 5 422 12132.630859375
1755.5 645.5 0 0 9 275 1520.0023193359375
267.5 1875.5 0 0 7 729 2594.958984375
1434.5 1521.5 0 0 9 418 18182.318359375
174.5 585.5 0 0 0 938 952.6912841796875
633.5 1818.5 0 0 0 82 2309.34716796875
494.5 1449.5 0 0 9 165 2337.712646484375
1169.5 1386.5 0 0 0 593 3799.027587890625
1653.5 644.5 0 0 9 759 2303.478515625
8.0 847.5 0 0 1 461 8852.0087890625
1863.5 1643.5 0 0 5 285 1162.9876708984375
447.5 2032.5 0 0 7 387 1340.02783203125
1953.5 1440.5 0 0 0 855 1853.6221923828125
1879.5 309.5 0 0 7 452 2519.6435546875
1672.5 2008.5 0 0 3 358 3491.897216796875
502.5 1571.5 0 0 8 868 2957.84228515625
2000.5 394.5 0 0 0 130 2486.38720703125
307.5 2011.5 0 0 0 73 3310.944580078125
1065.5 96.5 0 0 7 432 11777.572265625
1687.5 1435.5 0 0 9 275 1520.0023193359375
816.5 428.5 0 0 3 763 1714.648681640625
1723.5 1933.5 0 0 2 79 2279.025390625
1820.5 528.5 0 0 0 668 2239.900390625
905.5 938.5 0 0 3 902 2924.586181640625
857.5 1578.5 0 0 2 73 7650.8740234375
471.5 919.5 0 0 2 939 6280.5244140625
830.5 858.5 0 0 3 109 1306.7716064453125
1290.5 1338.5 0 0 8 8 2162.628662109375
1540.5 1137.5 0 0 2 851 1582.330078125
760.5 54.5 0 0 3 595 418798.125
1957.5 350.5 0 0 6 105 27010.8515625
149.5 728.5 0 0 8 309 1865.279541015625
422.5 1248.5 0 0 1 820 127791.703125
1383.5 596.5 0 0 1 722 4366.3388671875
410.5 856.5 0 0 7 473 3171.072998046875
744.5 1770.5 0 0 7 978 4131.58935546875
1079.5 943.5 0 0 3 169 2718.202392578125
1181.5 1372.5 0 0 4 424 147187.078125
1678.5 1934.5 0 0 1 646 5223.173828125
1914.5 831.5 0 0 4 997 2704.508544921875
1937.5 1166.5 0 0 5 261 112508.0859375
1600.5 602.5 0 0 7 75 983.9537963867188
1078.5 2014.5 0 0 8 78 9968.0458984375
1828.5 1801.5 0 0 3 935 3445.925537109375
1302.5 930.5 0 0 4 503 1073.9259033203125
563.5 508.5 0 0 0 235 33637.62890625
661.5 688.5 0 0 5 892 2211.534912109375
813.5 1655.5 0 0 3 966 1995.4732666015625
1426.5 703.5 0 0 9 41 7478.724609375
286.5 1303.5 0 0 4 265 2711.35546875
106.5 959.5 0 0 3 394 829.4478759765625
1280.5 556.5 0 0 4 561 83.14041137695312
8.0 1810.5 0 0 6 194 194.64637756347656
1981.5 422.5 0 0 8 585 4870.07177734375
1855.5 718.5 0 0 3 269 16727.439453125
1046.5 1936.5 0 0 0 527 3957.4833984375
1696.5 782.5 0 0 1 136 21283.9453125
833.5 1119.5 0 0 0 327 6131.849609375
240.5 839.5 0 0 0 733 90343.3046875
1166.5 1597.5 0 0 2 135 1230.47802734375
2009.5 515.5 0 0 7 679 1658.895751953125
1896.5 72.5 0 0 5 722 3428.3193359375
1744.5 1598.5 0 0 4 251 2063.83837890625
104.5 1817.5 0 0 6 288 2113.72265625
212.5 1011.5 0 0 7 988 833.3603515625
1956.5 635.5 0 0 1 660 2965.667236328125
