2.1E+09	7.2E+10 0.51 -25.70 0 6.4E+12 0
1.5E+09	1.4E+11 0.51 -25.50 0 1.7E+12 0
9.5E+08	4.1E+10 0.51 -26.00 0 3.8E+13 0
4.9E+08	2.3E+11 0.52 -25.62 0 3.4E+12 0
1.8E+09	1.3E+11 0.51 -27.12 0 1.3E+13 0
3.1E+09 8.8E+10 0.51 -27.14 0 1.3E+13 0
1.9E+09	5.6E+10 0.51 -26.91 0 2.2E+12 0
9.4E+08	1.1E+11 0.51 -25.55 0 3.1E+12 0
6.3E+09 6.5E+10 0.58 -26.81 0 3.7E+12 0
7.2E+09 9.6E+10 0.58 -27.61 0 2.1E+13 0
8.0E+07	1.3E+10 0.55 -24.30 0 3.1E+11 0
1.2E+08	4.4E+10 0.54 -24.72 0 2.6E+11 1
2.4E+08	4.2E+10 0.52 -24.50 0 6.0E+11 0
2.5E+08	1.2E+11 0.51 -25.19 0 1.7E+11 1
3.4E+07	5.6E+10	0.51 -24.09 0 4.8E+11 0
6.3E+08	1.4E+10	0.51 -25.31 0 5.8E+11 0
7.0E+08	8.2E+10	0.51 -23.82 0 3.9E+11 0 
7.1E+08	1.3E+10	0.51 -24.73 0 2.3E+11 0
1.1E+09	2.9E+11	0.51 -24.69 0 3.1E+12 0
3.3E+08	7.6E+10 0.51 -24.13 0 2.1E+12 0 
9.6E+08 5.3E+11 0.58 -26.35 1 3.6E+12 0
7.6E+08	7.2E+10 0.58 -26.09 1 9.6E+12 0
7.0E+08 1.1E+11 0.58 -26.00 1 9.2E+12 0
7.7E+08 1.9E+11 0.58 -26.11 1 1.6E+12 0
1.8E+09 1.4E+11 0.58 -27.03 1 1.7E+13 0
1.5E+09 1.3E+11 0.58 -26.80 1 1.9E+12 0
1.3E+09 3.1E+11 0.58 -26.71 1 2.0E+12 0
3.7E+09 6.3E+10 0.58 -27.81 1 7.0E+12 0
1.4E+09 6.1E+10 0.58 -26.79 1 2.7E+12 0
2.2E+09 2.1E+11 0.58 -27.25 1 4.4E+12 0
1.2E+09 9.0E+10 0.58 -26.62 1 1.2E+12 0
2.0E+09 1.7E+12 0.58 -27.14 1 4.6E+12 0
8.5E+09 3.4E+10 0.58 -26.21 1 1.0E+13 0
1.6E+09 1.4E+11 0.58 -26.93 1 1.1E+12 0
1.0E+09 1.3E+11 0.58 -26.41 1 2.6E+12 0
1.2E+09 3.5E+11 0.58 -26.63 1 1.2E+12 0
1.3E+09 5.8E+10 0.58 -26.64 1 9.6E+12 0
1.1E+09 4.3E+10 0.58 -26.53 1 1.1E+13 0
2.9E+07	4.4E+10	0.58 -22.54 1 2.2E+12 0
1.6E+08	1.3E+10 0.58 -24.39 1 5.7E+12 0
3.8E+07	4.4E+10	0.58 -22.83 1 6.7E+11 0
1.1E+08	2.0E+10	0.58 -24.00 1 1.3E+11 1
2.4E+09	4.3E+10 0.51 -26.60 2 2.1E+12 0
7.8E+08	3.2E+10 0.51 -26.76 2 1.3E+12 0
