Table 13 
Fitting Results for Dropouts at z ~ 6-7
ID  	           R.A.	           Decl.	     m UV	              M UV 	           r e/kpc	 	 e     mu best 	      mu	           z photo	
HFF1C										
2251-4556	3.593804	-30.415447	27.68 -0.14 +0.10	-19.01 -0.14 +0.10	0.09 -0.04 +0.03	0.38	3.44	3.85 -0.32 +0.38	6.6 -0.7 +0.8	
1695-4527	3.570654	-30.414659	26.72 -0.14 +0.11	-19.98 -0.14 +0.11	0.18 -0.08 +0.06	0.81	1.41	1.53 -0.06 +0.09	6.0 -0.7 +0.7	
2549-3119	3.606222	-30.386644	26.71 -0.23 +0.18	-19.99 -0.23 +0.18	0.34 -0.12 +0.11	0.24	1.48	1.64 -0.06 +0.08	5.8 -0.7 +0.7	
1930-4181 g	3.580453	-30.405043	28.52 -0.13 +0.10	-18.17 -0.13 +0.10	0.09 -0.04 +0.03	0.45	4.21	4.81 -0.35 +0.41	6.8 -0.8 +0.8	
2516-4570	3.604865	-30.415839	27.15 -0.41 +0.36	-19.54 -0.41 +0.36	0.55 -0.18 +0.19	0.65	2.31	2.97 -0.22 +0.24	5.6 -0.6 +0.7	
2348-3454 g	3.597834	-30.395961	28.54 -0.13 +0.11	-18.15 -0.13 +0.11	0.03 -0.01 +0.02	0.90	3.08	3.42 -0.20 +0.26	7.0 -0.8 +0.8	
2178-2458	3.590761	-30.379409	27.61 -0.22 +0.17	-19.08 -0.22 +0.17	0.21 -0.07 +0.07	0.90	1.94	1.77 -0.09 +0.12	5.8 -0.6 +0.7	
2047-3526 g	3.585322	-30.397958	28.49 -0.15 +0.30	-18.20 -0.15 +0.30	0.18 -0.05 +0.08	0.41	3.63	3.79 -0.34 +0.36	6.8 -0.8 +0.7	
2425-4143	3.601072	-30.403991	28.99 -0.13 +0.11	-17.70 -0.13 +0.11	0.04 -0.02 +0.02	0.90	3.79	3.82 -0.21 +0.31	6.0 -0.7 +0.6	
2414-4370	3.600619	-30.410296	29.77 -0.25 +0.28	-16.92 -0.25 +0.28	0.08 -0.05 +0.06	0.77	6.89	11.72 -1.56 +1.69	6.4 -0.7 +0.7	
2482-2595	3.603426	-30.383219	28.03 -0.34 +0.32	-18.67 -0.34 +0.32	0.10 -0.06 +0.08	0.39	1.47	1.57 -0.06 +0.08	5.8 -0.7 +0.7	
2477-4372	3.603214	-30.410351	27.79 -0.50 +0.37	-18.90 -0.50 +0.37	0.50 -0.17 +0.15	0.53	3.40	4.07 -0.25 +0.32	6.3 -0.7 +0.7	
2230-4479	3.592944	-30.413328	29.64 -0.25 +0.28	-17.06 -0.25 +0.28	0.06 -0.03 +0.04	0.48	5.87	7.12 -0.70 +0.82	6.1 -0.7 +0.7	
1845-3107	3.576889	-30.386328	29.48 -0.12 +0.11	-17.21 -0.12 +0.11	0.04 -0.02 +0.02	0.85	3.96	7.57 -1.08 +1.75	6.1 -0.7 +0.8	
2040-4471	3.585016	-30.413084	29.09 -0.13 +0.11	-17.60 -0.13 +0.11	0.04 -0.02 +0.02	0.76	3.37	3.06 -0.19 +0.23	5.7 -4.7 +0.6	
1911-4242	3.579635	-30.406723	29.03 -0.43 +0.26	-17.67 -0.43 +0.26	0.30 -0.11 +0.13	0.42	3.22	3.69 -0.24 +0.30	5.6 -5.3 +0.6	
2616-3070	3.609003	-30.385283	28.22 -0.27 +0.31	-18.47 -0.27 +0.31	0.23 -0.14 +0.19	0.73	1.38	1.52 -0.05 +0.07	6.1 -0.7 +0.7	
2509-4337	3.604563	-30.409364	29.11 -0.26 +0.29	-17.58 -0.26 +0.29	0.22 -0.13 +0.17	0.40	2.85	3.15 -0.16 +0.24	6.1 -0.8 +0.8	
2274-2562	3.594752	-30.382305	27.30 -0.49 +0.45	-19.39 -0.49 +0.45	0.89 -0.30 +0.31	0.42	1.99	1.97 -0.11 +0.13	0.1 -0.1 +3.5	
2364-4454	3.598515	-30.412612	30.58 -0.19 +0.19	-16.12 -0.19 +0.19	0.03 -0.02 +0.03	0.70	6.57	15.68 -3.31 +4.68	6.6 -1.2 +0.8	
1991-3429	3.582960	-30.395261	30.79 -0.24 +0.41	-15.90 -0.24 +0.41	0.05 -0.03 +0.03	0.90	15.49	10.35 -0.97 +1.00	1.3 -1.1 +5.5	
2172-2471	3.590518	-30.379763	28.59 -0.33 +0.31	-18.10 -0.33 +0.31	0.23 -0.14 +0.19	0.90	2.00	1.83 -0.09 +0.12	6.1 -1.1 +0.8	
										
HFF1P										
5395-1452	3.474803	-30.362578	27.29 -0.11 +0.13	-19.41 -0.11 +0.13	0.14 -0.06 +0.04	0.90	1.07	1.05 -0.01 +0.01	7.3 -0.8 +0.8	
5292-4021	3.470509	-30.400605	26.72 -0.29 +0.32	-19.97 -0.29 +0.32	0.60 -0.21 +0.22	0.42	1.08	1.01 -0.01 +0.01	5.8 -0.7 +0.6	
5793-1536	3.491388	-30.364890	26.91 -0.14 +0.19	-19.78 -0.14 +0.19	0.81 -0.10 +0.15	0.65	1.08	1.07 -0.01 +0.02	7.3 -0.8 +0.9	
5398-1451	3.474918	-30.362542	27.84 -0.18 +0.17	-18.85 -0.18 +0.17	0.14 -0.06 +0.06	0.89	1.07	1.05 -0.01 +0.01	7.5 -1.5 +0.8	
5535-2162	3.480643	-30.371175	27.41 -0.28 +0.32	-19.28 -0.28 +0.32	0.26 -0.16 +0.20	0.48	1.08	1.05 -0.01 +0.01	6.3 -0.7 +0.7	
5701-1517	3.487575	-30.364380	27.21 -0.18 +0.20	-19.48 -0.18 +0.20	0.84 -0.12 +0.14	0.35	1.08	1.07 -0.01 +0.01	5.7 -4.8 +0.6	
5734-3406	3.488924	-30.394630	27.68 -0.46 +0.28	-19.01 -0.46 +0.28	0.54 -0.20 +0.23	0.62	1.10	1.03 -0.01 +0.02	6.8 -0.8 +0.7	
5581-2176	3.482550	-30.371559	27.39 -0.53 +0.32	-19.31 -0.53 +0.32	0.58 -0.23 +0.18	0.27	1.09	1.05 -0.01 +0.01	5.8 -1.0 +0.6	
5615-3497	3.483960	-30.397152	27.50 -0.46 +0.28	-19.19 -0.46 +0.28	0.59 -0.22 +0.26	0.75	1.09	1.02 -0.01 +0.02	6.3 -0.7 +0.7	
5221-3488	3.467581	-30.396908	27.08 -0.29 +0.32	-19.62 -0.29 +0.32	0.61 -0.21 +0.22	0.51	1.08	1.01 -0.01 +0.01	6.8 -0.8 +0.7	
5748-3582	3.489519	-30.399527	27.73 -0.28 +0.31	-18.96 -0.28 +0.31	0.32 -0.19 +0.26	0.65	1.09	1.03 -0.01 +0.02	6.6 -0.7 +0.8	
5210-3156	3.467097	-30.387685	27.53 -0.46 +0.28	-19.16 -0.46 +0.28	0.55 -0.21 +0.24	0.48	1.08	1.02 -0.01 +0.01	6.1 -0.7 +0.7	
5185-3398	3.466056	-30.394409	27.71 -0.46 +0.28	-18.98 -0.46 +0.28	0.42 -0.16 +0.18	0.83	1.08	1.02 -0.01 +0.01	5.9 -0.6 +0.7	
5573-2343	3.482238	-30.376221	27.93 -0.45 +0.27	-18.76 -0.45 +0.27	0.48 -0.18 +0.21	0.57	1.09	1.05 -0.01 +0.01	1.3 -1.1 +3.7	
4940-1588	3.455844	-30.366359	27.77 -0.52 +0.32	-18.93 -0.52 +0.32	0.71 -0.28 +0.23	0.45	1.07	1.03 -0.01 +0.01	5.6 -4.7 +0.7	
5327-2576	3.471985	-30.382683	28.31 -0.44 +0.27	-18.38 -0.44 +0.27	0.41 -0.16 +0.18	0.71	1.09	1.03 -0.01 +0.01	6.7 -2.1 +0.8	
5054-1587	3.460588	-30.366320	28.69 -0.33 +0.42	-18.00 -0.33 +0.42	0.16 -0.09 +0.13	0.90	1.07	1.04 -0.01 +0.01	5.8 -1.3 +0.6	
5587-3058	3.482833	-30.384961	28.18 -0.27 +0.31	-18.51 -0.27 +0.31	0.33 -0.20 +0.26	0.64	1.09	1.04 -0.01 +0.01	1.1 -0.9 +5.1	
5687-3584	3.486987	-30.399579	27.23 -0.55 +0.42	-19.46 -0.55 +0.42	0.88 -0.34 +0.42	0.35	1.09	1.02 -0.01 +0.02	5.9 -1.2 +0.7	
5691-3514	3.487147	-30.397615	28.20 -0.27 +0.31	-18.50 -0.27 +0.31	0.27 -0.16 +0.21	0.60	1.09	1.03 -0.01 +0.02	4.2 -4.1 +1.9	
5638-2369	3.484920	-30.376917	28.32 -0.32 +0.36	-18.37 -0.32 +0.36	0.12 -0.07 +0.09	0.90	1.09	1.05 -0.01 +0.01	6.0 -0.8 +0.7	
5429-2542	3.476220	-30.381741	27.97 -0.28 +0.31	-18.73 -0.28 +0.31	0.36 -0.22 +0.28	0.87	1.09	1.03 -0.01 +0.01	5.8 -5.5 +0.8	
5509-1488	3.479546	-30.363580	28.48 -0.31 +0.36	-18.22 -0.31 +0.36	0.14 -0.08 +0.11	0.90	1.07	1.06 -0.01 +0.01	4.7 -4.3 +0.9	
5453-3095	3.477238	-30.385997	28.21 -0.27 +0.31	-18.48 -0.27 +0.31	0.33 -0.20 +0.26	0.89	1.09	1.03 -0.01 +0.01	6.5 -0.8 +0.7	
4938-2422	3.455764	-30.378410	28.63 -0.33 +0.42	-18.07 -0.33 +0.42	0.15 -0.09 +0.13	0.90	1.08	1.02 -0.01 +0.01	6.1 -5.2 +1.3	
5381-3517	3.474215	-30.397703	28.02 -0.52 +0.31	-18.67 -0.52 +0.31	0.58 -0.23 +0.18	0.82	1.08	1.02 -0.01 +0.01	6.3 -5.7 +0.9	
5566-3224	3.481928	-30.389557	28.55 -0.33 +0.42	-18.15 -0.33 +0.42	0.18 -0.11 +0.15	0.90	1.09	1.03 -0.01 +0.01	6.2 -0.8 +0.7	
5467-2421	3.477807	-30.378362	28.80 -0.21 +0.21	-17.90 -0.21 +0.21	0.08 -0.04 +0.07	0.89	1.09	1.04 -0.01 +0.01	5.8 -5.2 +1.1	
5445-2223	3.476915	-30.372887	27.32 -0.50 +0.67	-19.38 -0.50 +0.67	0.90 -0.36 +0.44	0.35	1.08	1.05 -0.01 +0.01	5.8 -5.2 +1.0	
5588-2288	3.482860	-30.374682	28.13 -0.58 +0.45	-18.56 -0.58 +0.45	0.64 -0.31 +0.28	0.52	1.09	1.05 -0.01 +0.01	1.1 -1.0 +3.7	
										
HFF2C										
0949-5187	64.039545	-24.088540	26.60 -0.29 +0.32	-20.09 -0.29 +0.32	0.43 -0.15 +0.16	0.39	1.53	1.60 -0.04 +0.05	5.9 -0.7 +0.7	
1148-3434 g	64.047846	-24.062066	29.19 -0.25 +0.28	-17.51 -0.25 +0.28	0.15 -0.05 +0.06	0.86	14.13	14.46 -0.60 +0.63	6.2 -0.7 +0.7	
1131-3400 g	64.047138	-24.061138	29.87 -0.25 +0.28	-16.83 -0.25 +0.28	0.04 -0.02 +0.03	0.90	11.12	11.28 -0.60 +0.62	5.9 -0.7 +0.7	
0899-3404	64.037485	-24.061238	28.43 -0.13 +0.18	-18.27 -0.13 +0.18	0.42 -0.05 +0.08	0.55	3.15	3.21 -0.13 +0.15	6.0 -0.6 +0.7	
0828-5386	64.034514	-24.094074	27.14 -0.28 +0.31	-19.55 -0.28 +0.31	0.54 -0.18 +0.20	0.50	1.49	1.55 -0.03 +0.04	5.9 -0.7 +0.7	
0960-3425	64.040012	-24.061829	29.12 -0.37 +0.32	-17.57 -0.37 +0.32	0.26 -0.09 +0.09	0.69	8.86	8.91 -0.55 +0.69	6.3 -0.7 +0.7	
1147-4580	64.047818	-24.082800	27.90 -0.55 +0.42	-18.79 -0.55 +0.42	0.52 -0.25 +0.31	0.72	1.40	1.45 -0.03 +0.04	6.8 -0.8 +0.7	
1220-3595 g	64.050865	-24.066531	28.84 -0.26 +0.30	-17.85 -0.26 +0.30	0.08 -0.05 +0.07	0.90	3.54	3.56 -0.13 +0.12	5.9 -0.6 +0.7	
1156-3446	64.048176	-24.062404	30.65 -0.24 +0.27	-16.04 -0.24 +0.27	0.04 -0.02 +0.03	0.81	18.55	19.09 -1.09 +1.28	6.2 -0.7 +0.7	
1181-3480	64.049226	-24.063349	31.15 -0.23 +0.26	-15.55 -0.23 +0.26	0.03 -0.02 +0.03	0.90	35.85	36.95 -4.75 +5.96	6.3 -0.7 +0.7	
0768-5032	64.032020	-24.084227	29.48 -0.38 +0.41	-17.21 -0.38 +0.41	0.31 -0.19 +0.18	0.17	7.22	8.28 -0.67 +0.66	5.5 -5.1 +0.6	
1030-3258	64.042942	-24.057182	28.94 -0.11 +0.11	-17.75 -0.11 +0.11	0.04 -0.02 +0.02	0.89	2.72	2.82 -0.11 +0.12	5.7 -0.7 +0.7	
0743-3348	64.030960	-24.059683	28.49 -0.54 +0.41	-18.20 -0.54 +0.41	0.29 -0.14 +0.18	0.41	1.74	1.76 -0.04 +0.04	1.4 -0.6 +6.0	
0778-3204	64.032450	-24.055671	28.24 -0.27 +0.31	-18.46 -0.27 +0.31	0.15 -0.09 +0.12	0.90	1.66	1.67 -0.04 +0.04	6.0 -0.7 +0.7	
1105-5392	64.046063	-24.094241	28.20 -0.11 +0.11	-18.49 -0.11 +0.11	0.06 -0.02 +0.03	0.90	1.23	1.26 -0.02 +0.02	6.5 -0.7 +0.7	
0829-5229	64.034556	-24.089700	28.48 -0.27 +0.30	-18.21 -0.27 +0.30	0.20 -0.12 +0.16	0.15	1.78	1.88 -0.05 +0.06	6.0 -0.9 +0.7	
1045-3324 g	64.043574	-24.059000	29.39 -0.25 +0.29	-17.30 -0.25 +0.29	0.07 -0.04 +0.05	0.90	4.68	4.86 -0.22 +0.24	6.1 -0.7 +0.7	
0856-4435	64.035702	-24.078765	30.38 -0.36 +0.39	-16.32 -0.36 +0.39	0.26 -0.16 +0.15	0.74	13.28	15.92 -1.84 +1.99	1.1 -0.8 +5.1	
0933-3382	64.038890	-24.060637	28.28 -0.49 +0.36	-18.42 -0.49 +0.36	0.55 -0.19 +0.17	0.75	3.63	3.72 -0.15 +0.19	6.4 -0.7 +0.7	
1051-5500	64.043800	-24.097245	26.99 -0.65 +0.68	-19.71 -0.65 +0.68	1.45 -0.41 +0.96	0.64	1.23	1.26 -0.02 +0.02	1.3 -0.8 +5.0	
1330-3565	64.055426	-24.065698	28.79 -0.33 +0.31	-17.91 -0.33 +0.31	0.21 -0.13 +0.17	0.89	2.27	2.27 -0.07 +0.06	5.8 -1.1 +0.6	
1225-3594 g	64.051077	-24.066511	29.65 -0.20 +0.20	-17.04 -0.20 +0.20	0.04 -0.02 +0.04	0.89	3.45	3.47 -0.12 +0.12	6.0 -0.6 +0.7	
1308-3431	64.054524	-24.061998	29.81 -0.20 +0.21	-16.88 -0.20 +0.21	0.04 -0.02 +0.04	0.48	4.03	4.04 -0.13 +0.12	5.8 -0.7 +0.6	
0771-3205	64.032155	-24.055706	28.92 -0.21 +0.21	-17.77 -0.21 +0.21	0.04 -0.02 +0.03	0.59	1.68	1.70 -0.04 +0.04	5.8 -0.9 +0.7	
0924-5133	64.038512	-24.087044	28.77 -0.43 +0.26	-17.93 -0.43 +0.26	0.34 -0.13 +0.15	0.61	1.70	1.78 -0.04 +0.06	6.2 -0.9 +0.8	
										
HFF2P										
3165-7300	64.131878	-24.125007	27.03 -0.07 +0.06	-19.67 -0.07 +0.06	0.04 -0.02 +0.02	0.79	1.00	1.00 -0.00 +0.00	7.5 -0.8 +0.9	
2773-7107	64.115582	-24.119644	26.63 -0.23 +0.18	-20.07 -0.23 +0.18	0.31 -0.11 +0.10	0.58	1.00	1.00 -0.00 +0.00	6.4 -0.7 +0.8	
3552-5571	64.148028	-24.099201	26.94 -0.23 +0.17	-19.75 -0.23 +0.17	0.32 -0.11 +0.10	0.17	1.00	1.00 -0.01 +0.01	6.3 -0.7 +1.0	
2912-7330	64.121366	-24.125856	27.91 -0.21 +0.17	-18.78 -0.21 +0.17	0.07 -0.03 +0.03	0.86	1.00	1.00 -0.00 +0.00	7.6 -0.8 +0.9	
3660-5583	64.152507	-24.099529	27.41 -0.47 +0.28	-19.29 -0.47 +0.28	0.43 -0.16 +0.19	0.56	1.00	1.00 -0.01 +0.01	5.8 -0.6 +0.7	
3011-7264	64.125486	-24.124020	27.59 -0.28 +0.32	-19.10 -0.28 +0.32	0.28 -0.17 +0.22	0.54	1.00	1.00 -0.00 +0.00	5.9 -0.6 +0.7	
3514-6214	64.146433	-24.105965	26.76 -0.42 +0.36	-19.94 -0.42 +0.36	0.70 -0.23 +0.25	0.63	1.00	1.00 -0.01 +0.01	6.4 -0.8 +0.7	
3809-6184	64.158737	-24.105133	26.98 -0.29 +0.32	-19.71 -0.29 +0.32	0.62 -0.21 +0.23	0.22	1.00	1.00 -0.01 +0.01	5.8 -0.7 +0.6	
3597-6014	64.149902	-24.100413	27.83 -0.28 +0.31	-18.87 -0.28 +0.31	0.32 -0.19 +0.26	0.17	1.00	1.00 -0.01 +0.01	7.2 -0.8 +0.8	
3378-6338	64.140776	-24.109396	27.52 -0.54 +0.42	-19.18 -0.54 +0.42	0.76 -0.29 +0.36	0.18	1.00	1.00 -0.00 +0.01	5.4 -5.0 +0.6	
2796-7156	64.116512	-24.121026	27.28 -0.54 +0.32	-19.42 -0.54 +0.32	0.64 -0.25 +0.20	0.89	1.00	1.00 -0.00 +0.00	6.0 -0.7 +0.7	
3253-6121	64.135552	-24.103380	27.40 -0.55 +0.42	-19.29 -0.55 +0.42	0.80 -0.31 +0.38	0.33	1.00	1.00 -0.01 +0.01	6.6 -0.7 +0.8	
3316-7571	64.138174	-24.132532	27.90 -0.45 +0.27	-18.79 -0.45 +0.27	0.60 -0.23 +0.26	0.45	0.99	0.99 -0.00 +0.00	5.3 -4.8 +0.6	
3241-7291	64.135067	-24.124757	28.34 -0.34 +0.42	-18.35 -0.34 +0.42	0.34 -0.20 +0.28	0.90	1.00	1.00 -0.00 +0.00	1.4 -1.2 +4.9	
3084-7172	64.128510	-24.121451	28.31 -0.34 +0.43	-18.38 -0.34 +0.43	0.31 -0.19 +0.26	0.41	1.00	1.00 -0.00 +0.00	5.8 -0.6 +0.7	
2909-7142	64.121231	-24.120634	28.50 -0.34 +0.42	-18.20 -0.34 +0.42	0.40 -0.24 +0.34	0.58	1.00	1.00 -0.00 +0.00	6.1 -0.8 +0.9	
3088-5573	64.128688	-24.099261	28.46 -0.34 +0.42	-18.24 -0.34 +0.42	0.35 -0.21 +0.29	0.13	1.01	1.00 -0.01 +0.01	5.8 -0.7 +0.7	
3151-6300	64.131331	-24.108356	28.15 -0.27 +0.31	-18.54 -0.27 +0.31	0.33 -0.20 +0.26	0.53	1.00	1.00 -0.00 +0.01	6.1 -0.7 +0.7	
3216-6167	64.134030	-24.104666	28.56 -0.33 +0.42	-18.13 -0.33 +0.42	0.25 -0.15 +0.21	0.90	1.00	1.00 -0.01 +0.01	6.5 -5.4 +0.9	
3429-6045	64.142896	-24.101276	27.95 -0.52 +0.31	-18.74 -0.52 +0.31	0.60 -0.24 +0.19	0.52	1.00	1.00 -0.01 +0.01	6.6 -0.7 +0.8	
3441-8018	64.143390	-24.133838	28.20 -0.58 +0.58	-18.50 -0.58 +0.58	0.59 -0.33 +0.46	0.45	0.99	0.99 -0.00 +0.00	1.3 -1.1 +5.2	
3602-7428	64.150087	-24.128578	28.51 -0.34 +0.42	-18.18 -0.34 +0.42	0.34 -0.20 +0.28	0.63	0.99	0.99 -0.00 +0.00	6.0 -1.3 +0.8	
3418-6426	64.142432	-24.111851	28.73 -0.33 +0.42	-17.96 -0.33 +0.42	0.27 -0.16 +0.22	0.06	1.00	1.00 -0.00 +0.01	1.4 -1.3 +5.4	
										
HFF3C										
3377-4319	109.390738	+37.742218	29.84 -0.35 +0.13	-16.85 -0.35 +0.13	0.07 -0.03 +0.01	0.90	63.39	69.89 -11.72 +14.45	6.0 -0.7 +0.7	
3817-5168 g	109.409066	+37.754682	27.73 -0.11 +0.09	-18.96 -0.11 +0.09	0.05 -0.02 +0.02	0.47	4.63	4.70 -0.25 +0.33	6.2 -0.7 +0.7	
3785-4338 g	109.407728	+37.742741	28.65 -0.08 +0.10	-18.04 -0.08 +0.10	0.05 -0.01 +0.01	0.62	9.25	9.00 -1.31 +1.12	6.2 -0.7 +0.7	
3928-4047	109.413667	+37.734645	29.21 -0.13 +0.10	-17.48 -0.13 +0.10	0.03 -0.01 +0.01	0.66	12.34	13.00 -2.00 +2.49	6.5 -0.8 +0.7	
3578-5538 g	109.399102	+37.764959	27.65 -0.60 +0.17	-19.04 -0.60 +0.17	0.41 -0.16 +0.06	0.04	6.30	6.11 -0.43 +0.37	6.2 -0.7 +0.7	
3908-4016	109.412846	+37.733795	29.58 -0.12 +0.09	-17.11 -0.12 +0.09	0.03 -0.01 +0.01	0.80	17.95	22.69 -7.35 +7.89	6.5 -0.7 +0.7	
3269-5069 g	109.386219	+37.751924	27.81 -0.22 +0.17	-18.88 -0.22 +0.17	0.24 -0.09 +0.08	0.76	3.17	3.14 -0.19 +0.19	6.2 -0.7 +0.7	
3342-3294	109.389277	+37.724858	27.44 -0.22 +0.17	-19.25 -0.22 +0.17	0.29 -0.10 +0.09	0.78	2.31	2.33 -0.07 +0.10	6.0 -0.6 +0.7	
3145-3537 g	109.381053	+37.731611	28.43 -0.06 +0.06	-18.26 -0.06 +0.06	0.02 -0.01 +0.01	0.86	3.42	3.26 -0.21 +0.19	6.1 -0.7 +0.7	
3047-4112 g	109.376996	+37.736450	28.31 -0.13 +0.10	-18.38 -0.13 +0.10	0.08 -0.03 +0.03	0.90	4.05	3.94 -0.31 +0.20	6.0 -0.6 +0.7	
3389-4210	109.391220	+37.739172	30.36 -0.35 +0.30	-16.33 -0.35 +0.30	0.15 -0.05 +0.05	0.72	27.22	23.83 -7.00 +4.93	5.9 -5.1 +0.9	
3096-5100	109.379016	+37.752792	29.25 -0.26 +0.29	-17.45 -0.26 +0.29	0.15 -0.09 +0.12	0.61	5.15	5.23 -0.26 +0.32	5.9 -0.7 +0.7	
3318-5132	109.388269	+37.753667	29.56 -0.41 +0.25	-17.13 -0.41 +0.25	0.22 -0.08 +0.10	0.77	5.73	5.80 -0.51 +0.37	5.5 -4.8 +0.6	
4047-4196	109.418650	+37.738793	29.93 -0.12 +0.10	-16.76 -0.12 +0.10	0.02 -0.01 +0.01	0.33	8.29	8.07 -1.32 +1.19	6.0 -0.7 +0.7	
3810-4541	109.408780	+37.748379	32.53 -0.40 +0.31	-14.16 -0.40 +0.31	0.07 -0.03 +0.04	0.90	145.08	94.77 -44.40 +199.78	6.0 -0.7 +0.6	
3585-5491	109.399393	+37.763654	28.65 -0.97 +0.64	-18.04 -0.97 +0.64	0.98 -0.32 +0.63	0.79	6.77	6.48 -0.66 +0.43	5.8 -5.1 +0.8	
3411-4573	109.392135	+37.749271	30.17 -0.40 +0.24	-16.53 -0.40 +0.24	0.23 -0.09 +0.10	0.83	8.50	10.78 -2.81 +5.01	5.6 -5.2 +0.7	
2777-4506	109.365722	+37.747409	29.49 -0.42 +0.25	-17.21 -0.42 +0.25	0.30 -0.11 +0.13	0.79	4.47	4.45 -0.23 +0.24	6.2 -5.0 +0.9	
3981-4481	109.415897	+37.746722	30.54 -0.24 +0.27	-16.15 -0.24 +0.27	0.08 -0.05 +0.06	0.79	12.74	11.05 -1.16 +1.55	6.5 -0.7 +0.8	
3096-4181	109.379034	+37.738386	29.97 -0.12 +0.10	-16.73 -0.12 +0.10	0.03 -0.01 +0.02	0.89	5.87	5.79 -0.44 +0.33	6.0 -0.7 +0.7	
3509-5294	109.396250	+37.758188	28.86 -0.96 +0.63	-17.83 -0.96 +0.63	0.89 -0.29 +0.57	0.27	8.65	7.61 -0.82 +1.30	6.2 -1.2 +0.7	
3091-4467	109.378815	+37.746314	30.75 -0.12 +0.10	-15.94 -0.12 +0.10	0.02 -0.01 +0.01	0.45	10.91	11.13 -1.13 +0.98	6.4 -0.7 +0.7	
										
HFF3P										
2342-9539	109.347598	+37.831665	26.86 -0.07 +0.06	-19.83 -0.07 +0.06	0.06 -0.03 +0.03	0.55	1.12	1.16 -0.04 +0.02	6.5 -0.7 +0.7	
2252-9555	109.343857	+37.832092	27.07 -0.11 +0.13	-19.63 -0.11 +0.13	0.27 -0.12 +0.08	0.71	1.12	1.15 -0.04 +0.02	6.2 -0.7 +0.7	
2427-9379	109.351141	+37.827198	27.14 -0.23 +0.17	-19.55 -0.23 +0.17	0.33 -0.12 +0.10	0.26	1.14	1.18 -0.04 +0.02	6.6 -0.8 +0.7	
1410-0378	109.308787	+37.843848	26.97 -0.23 +0.17	-19.72 -0.23 +0.17	0.44 -0.15 +0.14	0.45	1.10	1.13 -0.02 +0.02	7.1 -0.8 +0.8	
1604-9275	109.316835	+37.824319	27.51 -0.14 +0.12	-19.18 -0.14 +0.12	0.06 -0.03 +0.04	0.88	1.19	1.21 -0.02 +0.02	6.8 -0.7 +0.8	
1906-8524	109.329441	+37.814580	27.30 -0.22 +0.17	-19.39 -0.22 +0.17	0.41 -0.14 +0.13	0.61	1.25	1.28 -0.02 +0.02	7.2 -0.8 +0.8	
1778-9084	109.324122	+37.819016	27.42 -0.28 +0.32	-19.27 -0.28 +0.32	0.26 -0.16 +0.21	0.52	1.22	1.24 -0.02 +0.02	5.8 -0.7 +0.7	
1705-9266	109.321068	+37.824061	26.40 -0.52 +0.47	-20.30 -0.52 +0.47	1.01 -0.34 +0.36	0.43	1.18	1.21 -0.02 +0.02	5.9 -0.7 +1.1	
1519-8364	109.313303	+37.810113	27.64 -0.28 +0.32	-19.06 -0.28 +0.32	0.29 -0.18 +0.23	0.56	1.29	1.30 -0.02 +0.02	6.8 -0.8 +0.7	
1837-9275	109.326543	+37.824306	27.50 -0.17 +0.22	-19.19 -0.17 +0.22	0.42 -0.08 +0.12	0.73	1.18	1.20 -0.02 +0.02	6.1 -0.7 +0.7	
1881-1103	109.328390	+37.852863	26.38 -0.30 +0.33	-20.32 -0.30 +0.33	0.61 -0.21 +0.23	0.58	1.06	1.09 -0.03 +0.02	6.2 -0.7 +0.7	
1844-9166	109.326863	+37.821291	27.39 -0.14 +0.19	-19.31 -0.14 +0.19	0.70 -0.09 +0.13	0.42	1.20	1.22 -0.02 +0.02	4.6 -3.9 +1.1	
1855-8526	109.327331	+37.814632	26.33 -0.54 +0.40	-20.36 -0.54 +0.40	0.99 -0.34 +0.30	0.71	1.25	1.28 -0.02 +0.02	5.8 -0.7 +0.7	
1977-9392	109.332398	+37.827567	27.51 -0.46 +0.28	-19.19 -0.46 +0.28	0.47 -0.18 +0.21	0.74	1.15	1.18 -0.03 +0.02	6.5 -0.7 +0.8	
2364-9356	109.348503	+37.826578	27.51 -0.53 +0.32	-19.18 -0.53 +0.32	0.56 -0.22 +0.18	0.60	1.15	1.18 -0.04 +0.02	7.3 -1.2 +0.8	
1762-0355	109.323430	+37.843220	27.95 -0.12 +0.12	-18.74 -0.12 +0.12	0.05 -0.02 +0.03	0.58	1.09	1.12 -0.02 +0.02	6.4 -5.2 +0.9	
1696-0348	109.320698	+37.843017	26.28 -0.24 +0.22	-20.42 -0.24 +0.22	1.20 -0.21 +0.16	0.81	1.10	1.12 -0.02 +0.02	5.9 -0.7 +0.7	
1892-9418	109.328836	+37.828302	27.75 -0.28 +0.31	-18.94 -0.28 +0.31	0.20 -0.12 +0.16	0.38	1.15	1.18 -0.02 +0.02	6.5 -0.8 +0.7	
1188-9165	109.299505	+37.821260	28.09 -0.13 +0.12	-18.60 -0.13 +0.12	0.07 -0.03 +0.04	0.90	1.21	1.22 -0.02 +0.01	5.8 -0.6 +0.7	
1399-9233	109.308292	+37.823145	28.15 -0.27 +0.31	-18.54 -0.27 +0.31	0.12 -0.07 +0.10	0.66	1.20	1.21 -0.02 +0.01	5.7 -0.6 +0.7	
1527-9304	109.313633	+37.825128	28.03 -0.45 +0.27	-18.66 -0.45 +0.27	0.45 -0.17 +0.19	0.70	1.18	1.20 -0.02 +0.02	6.1 -0.7 +0.7	
1840-9281	109.326706	+37.824478	27.51 -0.60 +0.46	-19.18 -0.60 +0.46	0.66 -0.32 +0.29	0.90	1.18	1.20 -0.02 +0.02	5.7 -1.2 +0.6	
1263-9215	109.302636	+37.822653	27.83 -0.56 +0.42	-18.87 -0.56 +0.42	0.56 -0.27 +0.33	0.53	1.20	1.21 -0.02 +0.01	6.5 -0.7 +0.8	
1949-0448	109.331212	+37.845805	27.94 -0.45 +0.27	-18.75 -0.45 +0.27	0.57 -0.21 +0.25	0.62	1.08	1.11 -0.03 +0.02	6.0 -5.1 +1.1	
1319-0277	109.304963	+37.841038	28.36 -0.57 +0.58	-18.33 -0.57 +0.58	0.37 -0.21 +0.29	0.77	1.12	1.14 -0.02 +0.01	5.8 -5.2 +0.8	
2208-9465	109.342009	+37.829593	27.38 -0.78 +0.50	-19.31 -0.78 +0.50	0.72 -0.40 +0.29	0.58	1.13	1.17 -0.03 +0.02	5.6 -4.9 +0.6	
1307-9251	109.304485	+37.823649	27.59 -0.60 +0.46	-19.10 -0.60 +0.46	0.54 -0.26 +0.23	0.79	1.19	1.21 -0.02 +0.01	1.2 -1.0 +4.7	
1477-9449	109.311563	+37.829163	28.15 -0.27 +0.31	-18.55 -0.27 +0.31	0.34 -0.20 +0.27	0.53	1.16	1.18 -0.02 +0.02	6.1 -1.2 +0.9	
1538-9217	109.314090	+37.822717	27.52 -0.46 +0.33	-19.17 -0.46 +0.33	0.95 -0.22 +0.37	0.66	1.20	1.22 -0.02 +0.02	6.6 -5.2 +0.9	
1375-9505	109.307304	+37.830722	28.16 -0.27 +0.31	-18.53 -0.27 +0.31	0.27 -0.16 +0.21	0.90	1.16	1.18 -0.02 +0.01	1.4 -1.3 +2.4	
1373-9422	109.307224	+37.828402	28.29 -0.45 +0.27	-18.41 -0.45 +0.27	0.52 -0.20 +0.23	0.24	1.17	1.19 -0.02 +0.01	6.5 -0.7 +0.7	
1489-0326	109.312053	+37.842390	28.45 -0.32 +0.36	-18.25 -0.32 +0.36	0.24 -0.14 +0.18	0.90	1.11	1.13 -0.02 +0.02	6.9 -5.8 +0.8	
1810-0535	109.325457	+37.848217	28.22 -0.27 +0.31	-18.47 -0.27 +0.31	0.18 -0.11 +0.14	0.90	1.08	1.11 -0.03 +0.02	6.8 -1.4 +0.8	
1151-9291	109.297969	+37.824773	28.46 -0.57 +0.58	-18.23 -0.57 +0.58	0.42 -0.24 +0.33	0.37	1.19	1.20 -0.02 +0.01	1.4 -1.2 +5.4	
1813-0035	109.325574	+37.834310	28.30 -0.45 +0.27	-18.40 -0.45 +0.27	0.48 -0.18 +0.21	0.30	1.13	1.15 -0.02 +0.02	5.6 -5.4 +0.6	
1776-8528	109.324018	+37.814689	28.51 -0.57 +0.57	-18.18 -0.57 +0.57	0.36 -0.20 +0.28	0.62	1.25	1.28 -0.02 +0.02	5.7 -5.3 +0.9	
1853-9354	109.327214	+37.826505	28.29 -0.27 +0.31	-18.41 -0.27 +0.31	0.21 -0.13 +0.17	0.89	1.16	1.19 -0.02 +0.02	5.6 -5.3 +0.7	
2010-0108	109.333783	+37.836335	28.78 -0.21 +0.21	-17.91 -0.21 +0.21	0.09 -0.05 +0.08	0.77	1.11	1.14 -0.03 +0.02	5.6 -5.0 +0.7	
1628-9029	109.317874	+37.817496	28.55 -0.57 +0.57	-18.14 -0.57 +0.57	0.42 -0.23 +0.33	0.36	1.23	1.25 -0.02 +0.02	5.6 -5.2 +0.7	
1936-9052	109.330680	+37.818119	28.30 -0.41 +0.52	-18.40 -0.41 +0.52	0.30 -0.14 +0.24	0.74	1.22	1.25 -0.02 +0.02	5.6 -5.2 +0.7	
1494-9162	109.312291	+37.821185	28.16 -0.71 +0.67	-18.53 -0.71 +0.67	0.38 -0.16 +0.23	0.06	1.21	1.23 -0.02 +0.02	6.3 -5.0 +1.0	
										
HFF4C										
4025-5027	177.417749	+22.417435	25.73 -0.14 +0.06	-20.96 -0.14 +0.06	0.39 -0.09 +0.03	0.64	1.55	1.58 -0.12 +0.11	7.5 -0.8 +0.8	
3888-4567	177.412018	+22.415777	25.55 -0.07 +0.05	-21.14 -0.07 +0.05	0.74 -0.04 +0.03	0.66	1.92	2.01 -0.24 +0.27	5.8 -0.6 +0.7	
3321-2566	177.388388	+22.382390	26.94 -0.14 +0.11	-19.75 -0.14 +0.11	0.18 -0.08 +0.06	0.11	1.72	1.63 -0.05 +0.05	6.3 -0.7 +0.7	
3180-3434	177.382540	+22.395401	26.56 -0.63 +0.18	-20.13 -0.63 +0.18	0.70 -0.28 +0.10	0.34	2.25	2.12 -0.11 +0.11	5.7 -0.6 +0.7	
3911-5079	177.412999	+22.418864	26.80 -0.23 +0.17	-19.89 -0.23 +0.17	0.36 -0.13 +0.11	0.50	1.69	1.69 -0.12 +0.11	6.5 -0.8 +0.7	
3672-4342	177.403011	+22.409501	27.93 -0.22 +0.16	-18.77 -0.22 +0.16	0.17 -0.06 +0.05	0.46	3.58	3.98 -0.55 +1.09	6.0 -0.7 +0.7	
4042-4205	177.418442	+22.405696	27.76 -0.11 +0.13	-18.93 -0.11 +0.13	0.09 -0.04 +0.03	0.87	1.75	1.74 -0.06 +0.07	5.8 -0.6 +0.7	
3910-4491	177.412935	+22.413642	27.61 -0.06 +0.05	-19.08 -0.06 +0.05	0.03 -0.01 +0.01	0.35	1.85	1.97 -0.22 +0.38	6.4 -0.7 +0.7	
4042-4207	177.418456	+22.405770	27.33 -0.11 +0.13	-19.37 -0.11 +0.13	0.21 -0.09 +0.06	0.90	1.75	1.73 -0.06 +0.07	5.9 -0.7 +0.7	
4046-4231	177.418619	+22.406430	27.82 -0.16 +0.21	-18.88 -0.16 +0.21	0.35 -0.07 +0.10	0.42	1.71	1.71 -0.07 +0.08	6.0 -0.7 +0.6	
3952-5014	177.414690	+22.417060	27.50 -0.22 +0.17	-19.20 -0.22 +0.17	0.31 -0.11 +0.10	0.73	1.69	1.72 -0.15 +0.15	6.5 -0.8 +0.7	
4047-4228	177.418636	+22.406343	28.05 -0.12 +0.12	-18.65 -0.12 +0.12	0.06 -0.02 +0.03	0.90	1.72	1.71 -0.07 +0.08	6.0 -0.7 +0.6	
3906-4324	177.412777	+22.409016	27.95 -0.52 +0.31	-18.75 -0.52 +0.31	0.53 -0.21 +0.17	0.51	1.93	1.99 -0.13 +0.24	7.3 -1.1 +0.8	
3705-4446	177.404410	+22.412397	28.89 -0.11 +0.11	-17.80 -0.11 +0.11	0.04 -0.02 +0.02	0.89	3.41	4.12 -1.04 +4.38	6.6 -0.8 +0.8	
3830-3120 g	177.409606	+22.386668	29.91 -0.25 +0.28	-16.78 -0.25 +0.28	0.08 -0.05 +0.06	0.84	6.80	6.29 -1.08 +1.00	6.3 -0.7 +0.7	
3765-3173	177.406897	+22.388148	28.21 -0.20 +0.33	-18.48 -0.20 +0.33	0.34 -0.07 +0.07	0.28	5.48	5.02 -1.13 +1.22	5.7 -4.8 +0.7	
3889-3206 g	177.412079	+22.389059	29.88 -0.12 +0.11	-16.81 -0.12 +0.11	0.03 -0.01 +0.02	0.63	7.88	7.64 -0.63 +0.77	6.7 -0.8 +0.7	
3433-2527	177.393042	+22.381320	28.19 -0.27 +0.31	-18.51 -0.27 +0.31	0.22 -0.13 +0.18	0.53	1.74	1.63 -0.06 +0.06	5.8 -0.6 +0.7	
4026-3382	177.417760	+22.393947	28.24 -0.27 +0.30	-18.45 -0.27 +0.30	0.31 -0.11 +0.12	0.59	3.08	2.91 -0.10 +0.11	5.9 -0.7 +0.6	
3231-2579	177.384647	+22.382754	28.21 -0.13 +0.12	-18.48 -0.13 +0.12	0.04 -0.02 +0.02	0.70	1.67	1.58 -0.05 +0.05	6.0 -0.7 +0.7	
3134-4050	177.380590	+22.401408	28.82 -0.43 +0.26	-17.87 -0.43 +0.26	0.26 -0.10 +0.11	0.67	2.83	2.72 -0.17 +0.21	6.5 -0.7 +0.8	
3191-4433	177.382991	+22.412040	30.05 -0.12 +0.10	-16.65 -0.12 +0.10	0.02 -0.01 +0.01	0.46	6.49	7.91 -2.89 +13.31	7.2 -1.3 +0.8	
3665-4526	177.402725	+22.414615	29.40 -0.25 +0.29	-17.29 -0.25 +0.29	0.10 -0.06 +0.08	0.90	4.89	5.25 -1.53 +2.63	5.8 -0.7 +0.6	
4076-4033	177.419863	+22.400937	28.90 -0.11 +0.11	-17.79 -0.11 +0.11	0.04 -0.01 +0.02	0.66	2.05	1.99 -0.06 +0.07	6.1 -0.7 +0.8	
3760-3035 g	177.406675	+22.384327	29.98 -0.12 +0.10	-16.71 -0.12 +0.10	0.02 -0.01 +0.01	0.67	6.14	5.41 -0.96 +0.71	6.6 -0.8 +0.7	
3791-4415	177.407983	+22.411538	28.35 -0.57 +0.44	-18.34 -0.57 +0.44	0.39 -0.19 +0.17	0.75	2.32	2.56 -0.34 +0.86	6.2 -0.7 +0.7	
3894-3418	177.412259	+22.394967	30.02 -0.12 +0.10	-16.67 -0.12 +0.10	0.02 -0.01 +0.01	0.85	6.64	6.16 -0.33 +0.39	6.6 -0.7 +0.8	
3305-4210	177.387710	+22.405836	30.45 -0.24 +0.27	-16.24 -0.24 +0.27	0.06 -0.04 +0.05	0.44	10.29	10.47 -1.73 +2.85	5.8 -0.6 +0.7	
3892-3416	177.412203	+22.394890	29.10 -0.26 +0.28	-17.59 -0.26 +0.28	0.19 -0.07 +0.07	0.78	6.79	6.30 -0.35 +0.40	6.6 -0.7 +0.8	
3736-5005	177.405705	+22.416817	29.74 -0.20 +0.20	-16.95 -0.20 +0.20	0.05 -0.03 +0.05	0.72	2.53	2.57 -0.31 +0.30	6.5 -1.2 +0.8	
4205-3155	177.425223	+22.387645	26.92 -0.66 +0.69	-19.77 -0.66 +0.69	1.03 -0.30 +0.69	0.62	2.22	2.12 -0.05 +0.06	1.3 -0.4 +5.3	
3991-3123	177.416321	+22.386751	29.64 -0.20 +0.20	-17.05 -0.20 +0.20	0.03 -0.01 +0.03	0.84	3.45	3.28 -0.13 +0.15	5.8 -4.8 +0.7	
3405-3155	177.391898	+22.387646	28.80 -0.43 +0.26	-17.89 -0.43 +0.26	0.29 -0.11 +0.13	0.89	2.34	2.16 -0.09 +0.09	1.3 -1.1 +5.2	
3419-3006	177.392475	+22.383511	28.66 -0.26 +0.30	-18.04 -0.26 +0.30	0.27 -0.16 +0.21	0.55	1.90	1.78 -0.06 +0.07	5.6 -4.5 +0.7	
3595-4157	177.399818	+22.404384	34.45 -0.38 +0.39	-12.25 -0.38 +0.39	0.03 -0.02 +0.02	0.90	157.63	60.11 -18.69 +37.38	0.3 -0.2 +3.7	
4082-3192	177.420086	+22.388672	29.15 -0.26 +0.29	-17.54 -0.26 +0.29	0.08 -0.05 +0.06	0.90	2.94	2.78 -0.10 +0.10	5.6 -4.9 +0.7	
3312-2565	177.388012	+22.382380	28.30 -0.51 +0.31	-18.39 -0.51 +0.31	0.48 -0.19 +0.15	0.77	1.72	1.62 -0.05 +0.05	6.2 -0.9 +0.8	
3225-2532	177.384407	+22.381448	27.76 -0.54 +0.41	-18.94 -0.54 +0.41	0.71 -0.27 +0.34	0.59	1.61	1.54 -0.04 +0.04	1.4 -1.3 +4.9	
3345-3553	177.389398	+22.398696	29.37 -0.49 +0.38	-17.32 -0.49 +0.38	0.34 -0.13 +0.16	0.73	6.03	5.51 -0.49 +0.47	0.3 -0.2 +4.7	
3282-4046	177.386778	+22.401298	29.59 -0.41 +0.25	-17.11 -0.41 +0.25	0.31 -0.12 +0.13	0.51	5.01	4.79 -0.37 +0.44	5.6 -0.6 +0.7	
3829-4199	177.409561	+22.405545	29.58 -0.20 +0.20	-17.11 -0.20 +0.20	0.07 -0.03 +0.06	0.90	2.41	2.38 -0.12 +0.13	6.3 -1.6 +0.8	
										
HFF4P										
3938-8196	177.414121	+22.305448	25.41 -0.57 +0.16	-21.28 -0.57 +0.16	0.76 -0.30 +0.11	0.47	1.03	1.01 -0.01 +0.01	6.8 -0.8 +0.7	
4461-7461	177.435880	+22.296142	26.55 -0.07 +0.06	-20.15 -0.07 +0.06	0.06 -0.03 +0.03	0.24	1.03	1.01 -0.01 +0.01	7.5 -0.8 +0.9	
4423-8329	177.434292	+22.309155	26.52 -0.12 +0.13	-20.17 -0.12 +0.13	0.25 -0.11 +0.07	0.21	1.04	1.03 -0.01 +0.01	7.1 -0.8 +0.8	
3681-7168	177.403385	+22.288000	26.70 -0.23 +0.18	-19.99 -0.23 +0.18	0.31 -0.11 +0.10	0.35	1.01	1.00 -0.01 +0.01	6.2 -0.7 +0.7	
4005-7307	177.416916	+22.291875	27.06 -0.11 +0.13	-19.63 -0.11 +0.13	0.31 -0.14 +0.09	0.12	1.01	1.00 -0.01 +0.01	6.8 -0.8 +0.8	
3742-7453	177.405922	+22.295927	27.00 -0.17 +0.22	-19.70 -0.17 +0.22	0.46 -0.09 +0.13	0.73	1.02	1.01 -0.01 +0.01	6.0 -0.7 +0.7	
3815-7490	177.408969	+22.296968	26.57 -0.29 +0.32	-20.13 -0.29 +0.32	0.60 -0.21 +0.22	0.58	1.02	1.01 -0.01 +0.01	6.0 -0.7 +0.6	
4208-8047	177.425354	+22.301318	26.99 -0.23 +0.17	-19.70 -0.23 +0.17	0.34 -0.12 +0.11	0.38	1.03	1.01 -0.01 +0.01	6.2 -0.7 +0.7	
3678-7409	177.403268	+22.294703	27.58 -0.12 +0.12	-19.12 -0.12 +0.12	0.06 -0.03 +0.03	0.68	1.02	1.01 -0.01 +0.01	7.2 -1.0 +0.8	
3695-7381	177.403979	+22.293922	27.52 -0.12 +0.12	-19.17 -0.12 +0.12	0.06 -0.03 +0.04	0.90	1.02	1.01 -0.01 +0.01	7.2 -1.2 +0.8	
3832-7190	177.409706	+22.288622	27.22 -0.57 +0.44	-19.47 -0.57 +0.44	0.47 -0.23 +0.28	0.67	1.01	1.00 -0.01 +0.01	6.4 -0.8 +0.7	
4539-7124	177.439130	+22.286794	27.31 -0.47 +0.28	-19.39 -0.47 +0.28	0.66 -0.25 +0.29	0.52	1.02	1.01 -0.01 +0.01	6.2 -0.7 +0.7	
4497-8060	177.437411	+22.301678	27.59 -0.46 +0.28	-19.11 -0.46 +0.28	0.59 -0.22 +0.25	0.40	1.03	1.02 -0.01 +0.01	6.9 -0.8 +0.8	
4269-8288	177.427882	+22.308025	27.62 -0.28 +0.32	-19.07 -0.28 +0.32	0.36 -0.22 +0.28	0.24	1.04	1.02 -0.01 +0.01	6.0 -0.7 +0.7	
4045-8214	177.418575	+22.305965	27.03 -0.42 +0.36	-19.67 -0.42 +0.36	0.79 -0.26 +0.28	0.35	1.03	1.02 -0.01 +0.01	5.8 -4.9 +1.0	
4194-8047	177.424789	+22.301318	27.58 -0.46 +0.28	-19.12 -0.46 +0.28	0.51 -0.19 +0.22	0.74	1.03	1.01 -0.01 +0.01	5.9 -0.7 +0.6	
4372-7404	177.432202	+22.294558	27.86 -0.46 +0.27	-18.83 -0.46 +0.27	0.45 -0.17 +0.19	0.83	1.02	1.01 -0.01 +0.01	7.1 -1.2 +0.8	
3881-7423	177.411719	+22.295094	27.83 -0.28 +0.31	-18.87 -0.28 +0.31	0.13 -0.08 +0.10	0.90	1.01	1.01 -0.01 +0.01	6.8 -0.8 +0.7	
4133-6595	177.422215	+22.283195	27.96 -0.28 +0.31	-18.74 -0.28 +0.31	0.37 -0.22 +0.29	0.42	1.01	1.00 -0.01 +0.01	6.1 -0.7 +0.7	
4005-7321	177.416898	+22.292273	27.59 -0.77 +0.49	-19.10 -0.77 +0.49	0.76 -0.42 +0.31	0.50	1.01	1.00 -0.01 +0.01	6.6 -0.7 +0.8	
3549-8309	177.397916	+22.308605	28.29 -0.32 +0.36	-18.41 -0.32 +0.36	0.12 -0.07 +0.09	0.77	1.03	1.02 -0.01 +0.01	6.5 -0.8 +0.7	
4459-7323	177.435824	+22.292329	27.35 -0.55 +0.42	-19.34 -0.55 +0.42	0.75 -0.29 +0.36	0.57	1.02	1.01 -0.01 +0.01	5.5 -5.2 +0.6	
4399-8595	177.433312	+22.316552	28.19 -0.45 +0.27	-18.50 -0.45 +0.27	0.55 -0.21 +0.24	0.69	1.06	1.04 -0.01 +0.02	5.7 -5.5 +1.1	
3860-7488	177.410866	+22.296898	27.63 -0.77 +0.49	-19.06 -0.77 +0.49	0.75 -0.42 +0.30	0.57	1.02	1.01 -0.01 +0.01	5.7 -5.1 +0.8	
4529-8297	177.438743	+22.308266	28.16 -0.45 +0.27	-18.54 -0.45 +0.27	0.47 -0.18 +0.21	0.77	1.05	1.03 -0.01 +0.01	6.5 -0.7 +0.8	
4250-7424	177.427107	+22.295124	28.14 -0.45 +0.27	-18.55 -0.45 +0.27	0.51 -0.19 +0.22	0.37	1.02	1.01 -0.01 +0.01	6.5 -0.8 +0.7	
4163-8238	177.423498	+22.306622	28.02 -0.45 +0.27	-18.67 -0.45 +0.27	0.47 -0.18 +0.20	0.71	1.03	1.02 -0.01 +0.01	6.1 -0.7 +0.7	
3731-7203	177.405479	+22.288982	28.14 -0.27 +0.31	-18.56 -0.27 +0.31	0.17 -0.10 +0.13	0.90	1.01	1.00 -0.01 +0.01	6.1 -0.9 +0.7	
3841-8191	177.410083	+22.305310	28.17 -0.58 +0.58	-18.52 -0.58 +0.58	0.46 -0.25 +0.36	0.38	1.02	1.01 -0.01 +0.01	1.3 -1.1 +4.8	
4380-7515	177.432540	+22.297653	27.14 -0.68 +0.57	-19.55 -0.68 +0.57	1.01 -0.47 +0.64	0.53	1.02	1.01 -0.01 +0.01	1.2 -0.7 +4.7	
3653-8000	177.402242	+22.300011	28.00 -0.55 +0.42	-18.70 -0.55 +0.42	0.54 -0.26 +0.32	0.90	1.02	1.01 -0.01 +0.01	6.5 -0.7 +0.7	
4110-8223	177.421272	+22.306214	27.92 -0.52 +0.31	-18.77 -0.52 +0.31	0.77 -0.30 +0.24	0.68	1.03	1.02 -0.01 +0.01	6.1 -1.3 +0.8	
3924-7397	177.413514	+22.294386	28.17 -0.58 +0.58	-18.53 -0.58 +0.58	0.41 -0.23 +0.32	0.21	1.01	1.01 -0.01 +0.01	6.4 -0.8 +0.7	
4417-9034	177.434056	+22.317617	29.02 -0.33 +0.41	-17.67 -0.33 +0.41	0.16 -0.10 +0.14	0.90	1.06	1.05 -0.01 +0.02	1.3 -1.2 +4.7	
3614-8432	177.400593	+22.312020	27.91 -0.53 +0.41	-18.78 -0.53 +0.41	0.76 -0.29 +0.36	0.47	1.03	1.02 -0.01 +0.01	1.4 -1.3 +4.9	
4579-7587	177.440827	+22.299656	26.73 -0.52 +0.62	-19.96 -0.52 +0.62	1.33 -0.39 +0.53	0.76	1.03	1.02 -0.01 +0.01	1.3 -1.0 +4.8	
4380-7427	177.432518	+22.295210	27.79 -0.52 +0.32	-18.91 -0.52 +0.32	0.70 -0.27 +0.22	0.77	1.02	1.01 -0.01 +0.01	6.1 -0.9 +0.7	
										
HFF5C										
4581-2148 g	342.190894	-44.537462	26.69 -0.06 +0.03	-20.00 -0.06 +0.03	0.12 -0.05 +0.01	0.46	5.84	6.02 -0.28 +0.25	6.0 -0.7 +0.7	
4537-1480 g	342.189053	-44.530026	26.41 -0.23 +0.08	-20.28 -0.23 +0.08	0.16 -0.04 +0.03	0.64	4.29	4.49 -0.25 +0.22	6.0 -0.7 +0.7	
4111-1112 g	342.171301	-44.519801	26.82 -0.06 +0.04	-19.88 -0.06 +0.04	0.11 -0.04 +0.01	0.54	2.44	2.47 -0.06 +0.06	5.9 -0.6 +0.7	
4265-2489	342.177715	-44.546931	27.53 -0.28 +0.31	-19.17 -0.28 +0.31	0.34 -0.12 +0.12	0.64	3.22	3.31 -0.11 +0.09	6.1 -0.7 +0.7	
4159-1333 g	342.173329	-44.525929	28.87 -0.13 +0.10	-17.82 -0.13 +0.10	0.08 -0.04 +0.03	0.40	5.92	6.02 -0.27 +0.25	5.9 -0.6 +0.7	
4227-2335 g	342.176131	-44.542663	29.15 -0.20 +0.15	-17.54 -0.20 +0.15	0.15 -0.05 +0.05	0.59	9.56	9.58 -0.40 +0.43	6.0 -0.7 +0.7	
4017-0457	342.167376	-44.512709	27.29 -0.28 +0.31	-19.40 -0.28 +0.31	0.41 -0.14 +0.15	0.71	1.71	1.73 -0.03 +0.03	1.2 -0.6 +4.6	
3822-2382	342.159276	-44.543958	28.97 -0.26 +0.29	-17.72 -0.26 +0.29	0.08 -0.05 +0.06	0.90	4.27	4.55 -0.22 +0.21	6.5 -0.8 +0.7	
4877-1209	342.203210	-44.522476	28.82 -0.45 +0.41	-17.87 -0.45 +0.41	0.42 -0.14 +0.15	0.54	8.91	10.10 -1.31 +1.92	6.2 -4.9 +1.1	
3944-1488 g	342.164364	-44.530226	29.18 -0.26 +0.29	-17.51 -0.26 +0.29	0.05 -0.03 +0.04	0.90	5.68	5.70 -0.23 +0.21	6.0 -0.7 +0.6	
3998-0372	342.166608	-44.510345	27.78 -0.59 +0.45	-18.91 -0.59 +0.45	0.55 -0.27 +0.24	0.84	1.59	1.61 -0.02 +0.02	6.7 -0.9 +0.7	
4213-1414	342.175551	-44.528186	31.35 -0.43 +0.33	-15.34 -0.43 +0.33	0.11 -0.04 +0.05	0.89	47.88	46.64 -7.07 +7.83	6.0 -0.7 +0.7	
4186-1141	342.174445	-44.520605	28.92 -0.56 +0.43	-17.78 -0.56 +0.43	0.39 -0.19 +0.17	0.60	2.98	3.02 -0.08 +0.08	6.0 -5.5 +1.1	
4650-2338 g	342.193770	-44.542729	29.19 -0.13 +0.11	-17.50 -0.13 +0.11	0.05 -0.02 +0.03	0.90	2.52	2.61 -0.09 +0.08	5.6 -5.4 +0.7	
3930-1274	342.163789	-44.524303	29.35 -0.20 +0.21	-17.35 -0.20 +0.21	0.04 -0.02 +0.04	0.37	2.53	2.56 -0.06 +0.06	5.7 -0.7 +0.6	
4509-1101	342.187910	-44.519484	30.81 -0.19 +0.19	-15.89 -0.19 +0.19	0.03 -0.01 +0.02	0.48	8.85	9.10 -0.31 +0.32	5.8 -0.8 +0.7	
3913-2297	342.163049	-44.541595	29.74 -0.25 +0.28	-16.95 -0.25 +0.28	0.09 -0.05 +0.07	0.90	8.19	9.21 -0.76 +0.79	6.2 -0.7 +0.7	
4414-2071	342.183917	-44.535313	31.01 -0.24 +0.39	-15.69 -0.24 +0.39	0.05 -0.03 +0.05	0.90	17.05	17.03 -0.70 +0.86	6.3 -0.8 +0.7	
4493-2466	342.187222	-44.546282	29.31 -0.32 +0.40	-17.38 -0.32 +0.40	0.11 -0.06 +0.09	0.50	2.47	2.56 -0.09 +0.07	5.6 -5.5 +0.6	
3977-0487	342.165711	-44.513540	28.41 -0.54 +0.41	-18.28 -0.54 +0.41	0.30 -0.15 +0.18	0.89	1.74	1.76 -0.03 +0.03	5.4 -5.1 +0.6	
3960-0509	342.165033	-44.514157	27.48 -0.49 +0.44	-19.21 -0.49 +0.44	0.83 -0.28 +0.29	0.65	1.77	1.79 -0.03 +0.03	5.7 -4.7 +0.6	
4260-1364	342.177526	-44.526786	31.47 -0.28 +0.35	-15.22 -0.28 +0.35	0.04 -0.02 +0.03	0.81	19.12	19.23 -1.43 +1.34	5.9 -5.2 +0.7	
4039-1566	342.168321	-44.532412	33.04 -0.25 +0.32	-13.65 -0.25 +0.32	0.04 -0.02 +0.03	0.90	77.69	78.19 -17.60 +37.86	5.3 -5.1 +0.8	
										
HFF5P										
1436-3153	342.309861	-44.554260	25.88 -0.43 +0.16	-20.82 -0.43 +0.16	0.55 -0.22 +0.08	0.55	1.06	1.06 -0.00 +0.00	6.3 -0.7 +0.7	
1475-2258	342.311462	-44.540502	26.29 -0.15 +0.11	-20.41 -0.15 +0.11	0.17 -0.07 +0.06	0.40	1.08	1.08 -0.00 +0.00	6.3 -0.7 +0.7	
1436-3158	342.309845	-44.554390	26.15 -0.24 +0.18	-20.55 -0.24 +0.18	0.39 -0.14 +0.12	0.54	1.06	1.06 -0.00 +0.00	6.2 -0.7 +0.7	
1554-3415	342.314784	-44.561531	26.29 -0.15 +0.11	-20.41 -0.15 +0.11	0.10 -0.04 +0.04	0.90	1.05	1.05 -0.00 +0.00	6.4 -0.7 +0.8	
1915-3110	342.329812	-44.553074	26.47 -0.15 +0.11	-20.23 -0.15 +0.11	0.23 -0.10 +0.08	0.50	1.05	1.05 -0.00 +0.00	6.5 -0.7 +0.7	
2129-2064	342.338729	-44.535120	27.07 -0.09 +0.09	-19.62 -0.09 +0.09	0.05 -0.02 +0.03	0.15	1.06	1.06 -0.00 +0.00	7.5 -0.9 +0.8	
1929-2524	342.330388	-44.547896	26.70 -0.14 +0.11	-20.00 -0.14 +0.11	0.24 -0.10 +0.09	0.68	1.06	1.06 -0.00 +0.00	6.8 -0.7 +0.8	
1550-3408	342.314621	-44.561337	26.93 -0.14 +0.11	-19.76 -0.14 +0.11	0.17 -0.07 +0.06	0.49	1.05	1.05 -0.00 +0.00	6.5 -0.8 +0.7	
1742-2148	342.322622	-44.537447	26.53 -0.29 +0.32	-20.17 -0.29 +0.32	0.54 -0.18 +0.20	0.60	1.07	1.07 -0.00 +0.00	6.9 -0.8 +0.7	
1200-3106	342.300031	-44.552972	26.42 -0.29 +0.33	-20.27 -0.29 +0.33	0.54 -0.18 +0.20	0.66	1.07	1.07 -0.00 +0.00	6.3 -0.7 +0.7	
2195-1585	342.341480	-44.532925	27.23 -0.11 +0.13	-19.47 -0.11 +0.13	0.20 -0.09 +0.06	0.56	1.06	1.06 -0.00 +0.00	6.4 -0.7 +0.7	
1375-1572	342.307308	-44.532566	27.55 -0.14 +0.12	-19.14 -0.14 +0.12	0.07 -0.03 +0.04	0.79	1.09	1.09 -0.01 +0.00	7.3 -1.7 +0.8	
1545-2093	342.314400	-44.535944	27.70 -0.14 +0.12	-19.00 -0.14 +0.12	0.07 -0.03 +0.04	0.88	1.08	1.08 -0.00 +0.00	6.4 -0.7 +0.7	
1587-2418	342.316159	-44.544962	27.57 -0.14 +0.12	-19.12 -0.14 +0.12	0.08 -0.03 +0.05	0.90	1.07	1.07 -0.00 +0.00	5.8 -0.6 +0.7	
2100-3210	342.337526	-44.555841	27.51 -0.46 +0.28	-19.18 -0.46 +0.28	0.44 -0.17 +0.19	0.89	1.05	1.05 -0.00 +0.00	6.0 -0.6 +0.7	
1653-1381	342.318878	-44.527252	27.71 -0.28 +0.31	-18.99 -0.28 +0.31	0.26 -0.16 +0.21	0.88	1.08	1.09 -0.01 +0.00	6.0 -0.7 +0.7	
2357-2040	342.348226	-44.534471	27.57 -0.53 +0.32	-19.13 -0.53 +0.32	0.77 -0.30 +0.24	0.35	1.05	1.05 -0.00 +0.00	5.8 -0.6 +0.7	
1512-3461	342.313007	-44.562829	27.72 -0.52 +0.32	-18.97 -0.52 +0.32	0.61 -0.24 +0.19	0.12	1.05	1.05 -0.00 +0.00	6.3 -0.7 +0.7	
1200-3339	342.300002	-44.559444	27.88 -0.46 +0.27	-18.81 -0.46 +0.27	0.50 -0.19 +0.22	0.36	1.07	1.07 -0.00 +0.00	6.2 -0.7 +0.7	
1537-2327	342.314047	-44.542428	27.68 -0.52 +0.32	-19.01 -0.52 +0.32	0.73 -0.28 +0.23	0.39	1.07	1.07 -0.00 +0.00	5.8 -5.0 +1.0	
1372-3301	342.307200	-44.558381	28.27 -0.45 +0.27	-18.42 -0.45 +0.27	0.44 -0.17 +0.19	0.49	1.06	1.06 -0.00 +0.00	6.6 -0.8 +0.7	
1870-3096	342.327941	-44.552684	27.38 -0.55 +0.42	-19.31 -0.55 +0.42	0.80 -0.31 +0.38	0.52	1.05	1.05 -0.00 +0.00	1.4 -1.3 +2.5	
1423-3086	342.309306	-44.552396	26.98 -0.42 +0.36	-19.71 -0.42 +0.36	0.81 -0.27 +0.28	0.76	1.07	1.07 -0.00 +0.00	6.3 -0.8 +0.7	
2243-2024	342.343497	-44.534020	27.90 -0.59 +0.45	-18.79 -0.59 +0.45	0.70 -0.34 +0.30	0.33	1.06	1.06 -0.00 +0.00	5.9 -0.7 +0.6	
1545-2521	342.314409	-44.547811	28.03 -0.45 +0.27	-18.67 -0.45 +0.27	0.64 -0.24 +0.28	0.42	1.07	1.07 -0.00 +0.00	6.1 -0.7 +0.7	
1255-3099	342.302320	-44.552755	27.16 -0.55 +0.43	-19.53 -0.55 +0.43	0.77 -0.30 +0.37	0.88	1.07	1.07 -0.00 +0.00	5.9 -5.1 +0.7	
2068-3353	342.336177	-44.559817	28.23 -0.45 +0.27	-18.46 -0.45 +0.27	0.55 -0.21 +0.24	0.41	1.04	1.04 -0.00 +0.00	6.4 -5.5 +0.7	
1449-2384	342.310396	-44.544023	28.51 -0.21 +0.22	-18.18 -0.21 +0.22	0.06 -0.03 +0.05	0.56	1.07	1.07 -0.00 +0.00	6.1 -0.7 +0.7	
2116-2400	342.338198	-44.544472	28.90 -0.21 +0.21	-17.80 -0.21 +0.21	0.06 -0.03 +0.05	0.90	1.05	1.05 -0.00 +0.00	5.7 -5.5 +0.6	
2227-3287	342.342824	-44.557990	28.37 -0.34 +0.42	-18.32 -0.34 +0.42	0.17 -0.10 +0.14	0.90	1.04	1.04 -0.00 +0.00	5.6 -0.7 +0.6	
1957-1523	342.331571	-44.531212	28.30 -0.41 +0.52	-18.40 -0.41 +0.52	0.39 -0.18 +0.31	0.44	1.07	1.07 -0.00 +0.00	5.8 -0.7 +0.7	
1908-3457	342.329506	-44.562705	28.47 -0.57 +0.58	-18.23 -0.57 +0.58	0.42 -0.24 +0.33	0.21	1.05	1.05 -0.00 +0.00	0.3 -0.2 +5.8	
1949-2315	342.331243	-44.542096	28.39 -0.34 +0.42	-18.31 -0.34 +0.42	0.21 -0.12 +0.18	0.90	1.06	1.06 -0.00 +0.00	5.6 -5.1 +0.7	
1940-3315	342.330870	-44.558773	26.16 -0.38 +0.34	-20.53 -0.38 +0.34	4.36 -0.53 +1.16	0.52	1.05	1.05 -0.00 +0.00	5.7 -5.1 +1.1	
1716-2450	342.321503	-44.545838	28.69 -0.33 +0.42	-18.00 -0.33 +0.42	0.28 -0.17 +0.24	0.79	1.06	1.06 -0.00 +0.00	5.7 -5.4 +0.8	
2055-2411	342.335663	-44.544751	28.37 -0.57 +0.58	-18.32 -0.57 +0.58	0.52 -0.29 +0.41	0.31	1.05	1.05 -0.00 +0.00	1.4 -1.3 +3.0	
1992-3212	342.333018	-44.555916	27.97 -0.52 +0.31	-18.72 -0.52 +0.31	0.68 -0.27 +0.22	0.79	1.05	1.05 -0.00 +0.00	6.5 -1.1 +0.7	
1226-3152	342.301115	-44.554238	28.52 -0.34 +0.42	-18.18 -0.34 +0.42	0.24 -0.14 +0.20	0.90	1.07	1.07 -0.00 +0.00	5.9 -1.3 +0.7	
1542-1441	342.314282	-44.528924	28.80 -0.33 +0.41	-17.90 -0.33 +0.41	0.34 -0.20 +0.29	0.63	1.09	1.09 -0.01 +0.00	5.9 -5.2 +1.0	
										
HFF6C										
5526-4003	39.980271	-1.566761	28.70 -0.06 +0.06	-18.00 -0.06 +0.06	0.08 -0.02 +0.01	0.36	12.43	11.34 -1.21 +1.08	5.9 -0.7 +0.6	
5522-4002	39.980113	-1.566731	28.79 -0.11 +0.10	-17.90 -0.11 +0.10	0.11 -0.02 +0.02	0.62	11.63	10.54 -1.07 +1.00	5.8 -0.7 +0.6	
5715-4130	39.988155	-1.570302	28.06 -0.16 +0.21	-18.64 -0.16 +0.21	0.37 -0.07 +0.11	0.57	3.30	2.95 -0.22 +0.22	5.4 -1.1 +0.7	
5659-4166	39.985811	-1.571303	28.49 -0.13 +0.10	-18.20 -0.13 +0.10	0.08 -0.04 +0.03	0.71	4.25	3.83 -0.28 +0.24	6.2 -0.7 +0.7	
4926-4158	39.955258	-1.571082	28.47 -0.16 +0.21	-18.22 -0.16 +0.21	0.25 -0.05 +0.07	0.66	3.55	3.32 -0.21 +0.31	5.8 -0.6 +0.7	
5262-3591 g	39.969255	-1.566440	29.04 -0.13 +0.11	-17.65 -0.13 +0.11	0.04 -0.02 +0.02	0.90	4.35	4.20 -0.33 +0.40	6.1 -0.7 +0.7	
5001-4358 g	39.958395	-1.576619	29.11 -0.32 +0.30	-17.58 -0.32 +0.30	0.06 -0.04 +0.05	0.82	4.16	3.83 -0.18 +0.24	6.2 -0.7 +0.7	
										
HFF6P										
1557-6475	40.064896	-1.613212	25.18 -0.07 +0.03	-21.52 -0.07 +0.03	0.13 -0.05 +0.01	0.46	1.22	1.14 -0.02 +0.03	6.1 -0.7 +0.7	
1405-7142	40.058557	-1.620628	25.67 -0.15 +0.24	-21.03 -0.15 +0.24	0.27 -0.09 +0.11	0.29	1.23	1.15 -0.02 +0.03	7.1 -0.7 +0.8	
1422-8041	40.059266	-1.634499	26.02 -0.15 +0.23	-20.68 -0.15 +0.23	0.29 -0.10 +0.12	0.63	1.20	1.14 -0.02 +0.03	6.3 -0.7 +0.7	
1512-7449	40.063019	-1.629156	26.51 -0.15 +0.11	-20.18 -0.15 +0.11	0.17 -0.07 +0.06	0.39	1.20	1.14 -0.02 +0.03	6.4 -0.7 +0.7	
1066-7101	40.044451	-1.619499	26.10 -0.56 +0.15	-20.59 -0.56 +0.15	0.83 -0.33 +0.12	0.71	1.27	1.19 -0.03 +0.04	6.0 -0.7 +0.7	
1553-6472	40.064711	-1.613127	26.54 -0.29 +0.32	-20.15 -0.29 +0.32	0.55 -0.19 +0.20	0.21	1.22	1.14 -0.02 +0.03	6.3 -0.7 +0.7	
0962-7254	40.040086	-1.623732	26.99 -0.14 +0.11	-19.71 -0.14 +0.11	0.19 -0.08 +0.07	0.49	1.28	1.20 -0.03 +0.04	6.2 -0.7 +0.7	
1112-8152	40.046339	-1.637564	26.86 -0.29 +0.32	-19.84 -0.29 +0.32	0.43 -0.15 +0.16	0.00	1.23	1.16 -0.03 +0.03	5.2 -0.6 +0.7	
1365-7298	40.056894	-1.624969	26.47 -0.53 +0.39	-20.23 -0.53 +0.39	0.99 -0.33 +0.30	0.20	1.22	1.15 -0.03 +0.03	1.1 -0.6 +0.3	
1338-7507	40.055776	-1.630760	27.44 -0.57 +0.43	-19.26 -0.57 +0.43	0.36 -0.17 +0.21	0.42	1.22	1.15 -0.03 +0.03	6.5 -0.8 +0.7	
1443-8334	40.060155	-1.642617	27.44 -0.35 +0.33	-19.26 -0.35 +0.33	0.13 -0.08 +0.11	0.90	1.19	1.13 -0.02 +0.03	5.9 -0.7 +0.7	
1496-6574	40.062337	-1.615954	27.74 -0.28 +0.31	-18.96 -0.28 +0.31	0.19 -0.12 +0.15	0.90	1.22	1.15 -0.02 +0.03	7.1 -0.8 +0.8	
1135-6350	40.047325	-1.609737	27.11 -0.41 +0.36	-19.59 -0.41 +0.36	0.75 -0.25 +0.26	0.51	1.28	1.19 -0.03 +0.04	6.3 -0.7 +0.8	
1233-7093	40.051408	-1.619257	27.18 -0.23 +0.17	-19.51 -0.23 +0.17	0.40 -0.14 +0.12	0.73	1.25	1.17 -0.03 +0.03	6.5 -0.7 +0.8	
1242-7083	40.051751	-1.618990	27.84 -0.46 +0.27	-18.85 -0.46 +0.27	0.38 -0.14 +0.17	0.34	1.25	1.17 -0.03 +0.03	6.3 -0.7 +0.7	
1203-7168	40.050146	-1.621356	27.04 -0.42 +0.36	-19.65 -0.42 +0.36	0.67 -0.22 +0.24	0.74	1.25	1.17 -0.03 +0.03	6.5 -1.1 +0.7	
0954-7261	40.039781	-1.623926	27.82 -0.46 +0.27	-18.87 -0.46 +0.27	0.46 -0.17 +0.20	0.22	1.28	1.20 -0.03 +0.04	6.1 -0.7 +0.7	
1339-7197	40.055810	-1.622150	27.97 -0.45 +0.27	-18.73 -0.45 +0.27	0.56 -0.21 +0.24	0.02	1.23	1.16 -0.03 +0.03	6.3 -0.7 +0.7	
1619-8043	40.067498	-1.634549	28.31 -0.13 +0.11	-18.38 -0.13 +0.11	0.06 -0.03 +0.03	0.89	1.19	1.12 -0.02 +0.03	6.2 -0.7 +0.7	
1406-8067	40.058588	-1.635205	27.92 -0.45 +0.27	-18.78 -0.45 +0.27	0.46 -0.17 +0.20	0.33	1.20	1.14 -0.02 +0.03	6.4 -0.7 +0.8	
1120-6563	40.046698	-1.615649	28.37 -0.13 +0.11	-18.32 -0.13 +0.11	0.06 -0.02 +0.03	0.90	1.27	1.19 -0.03 +0.04	6.3 -0.7 +0.7	
1404-6507	40.058514	-1.614092	28.12 -0.27 +0.31	-18.57 -0.27 +0.31	0.15 -0.09 +0.12	0.62	1.24	1.15 -0.03 +0.03	6.0 -0.7 +0.6	
1111-8294	40.046301	-1.641520	28.08 -0.27 +0.31	-18.62 -0.27 +0.31	0.20 -0.12 +0.16	0.64	1.23	1.16 -0.03 +0.03	6.1 -0.7 +0.7	
1650-7475	40.068770	-1.629867	28.52 -0.21 +0.22	-18.18 -0.21 +0.22	0.07 -0.04 +0.07	0.89	1.19	1.13 -0.02 +0.03	6.1 -0.7 +0.7	
0940-7273	40.039181	-1.624271	28.27 -0.27 +0.31	-18.42 -0.27 +0.31	0.18 -0.11 +0.14	0.77	1.28	1.20 -0.03 +0.04	6.1 -0.6 +0.7	
1631-7409	40.067987	-1.628035	28.09 -0.55 +0.42	-18.60 -0.55 +0.42	0.52 -0.25 +0.31	0.44	1.19	1.13 -0.02 +0.03	6.2 -0.7 +0.7	
1513-6504	40.063047	-1.614000	28.51 -0.34 +0.42	-18.18 -0.34 +0.42	0.24 -0.15 +0.21	0.77	1.22	1.14 -0.02 +0.03	5.9 -0.7 +0.7	
1282-8053	40.053420	-1.634833	28.33 -0.27 +0.30	-18.36 -0.27 +0.30	0.23 -0.14 +0.18	0.53	1.22	1.15 -0.03 +0.03	5.8 -0.7 +0.7	
0963-7467	40.040146	-1.629650	28.85 -0.33 +0.41	-17.84 -0.33 +0.41	0.28 -0.16 +0.23	0.64	1.27	1.19 -0.03 +0.04	6.5 -1.0 +0.7	
1352-6549	40.056353	-1.615251	28.53 -0.34 +0.42	-18.17 -0.34 +0.42	0.33 -0.19 +0.27	0.90	1.24	1.16 -0.03 +0.03	6.0 -5.5 +0.9	
1352-8104	40.056373	-1.636246	28.81 -0.21 +0.21	-17.88 -0.21 +0.21	0.06 -0.03 +0.05	0.68	1.21	1.14 -0.02 +0.03	5.7 -4.8 +0.6	
1636-7324	40.068190	-1.625671	28.78 -0.33 +0.41	-17.91 -0.33 +0.41	0.16 -0.10 +0.14	0.87	1.20	1.13 -0.02 +0.03	6.5 -0.8 +0.7	
1197-8268	40.049891	-1.640781	28.83 -0.21 +0.21	-17.87 -0.21 +0.21	0.09 -0.04 +0.08	0.90	1.22	1.15 -0.03 +0.03	6.4 -0.7 +0.7	
1485-8415	40.061875	-1.644873	27.35 -0.67 +0.57	-19.34 -0.67 +0.57	0.89 -0.41 +0.57	0.59	1.19	1.13 -0.02 +0.03	5.7 -1.7 +0.6	
1346-7336	40.056107	-1.626010	28.66 -0.56 +0.57	-18.03 -0.56 +0.57	0.40 -0.22 +0.31	0.73	1.22	1.15 -0.03 +0.03	6.1 -0.8 +0.8	
1534-8390	40.063919	-1.644192	28.96 -0.21 +0.21	-17.74 -0.21 +0.21	0.05 -0.03 +0.04	0.90	1.18	1.12 -0.02 +0.03	5.8 -5.5 +0.7	
1105-8129	40.046060	-1.636942	28.94 -0.21 +0.21	-17.75 -0.21 +0.21	0.06 -0.03 +0.05	0.86	1.24	1.17 -0.03 +0.03	5.7 -4.7 +0.6	
1437-6560	40.059896	-1.615568	27.23 -0.41 +0.35	-19.46 -0.41 +0.35	0.80 -0.26 +0.28	0.62	1.23	1.15 -0.02 +0.03	5.8 -4.9 +0.6	
1197-8275	40.049900	-1.640993	28.83 -0.33 +0.41	-17.86 -0.33 +0.41	0.15 -0.09 +0.12	0.90	1.22	1.15 -0.03 +0.03	6.2 -0.7 +0.7	
1554-7558	40.064752	-1.632167	28.77 -0.33 +0.41	-17.93 -0.33 +0.41	0.17 -0.10 +0.14	0.90	1.20	1.13 -0.02 +0.03	1.2 -1.1 +3.8	

