idx name redshift
(0) filter (1) host magnitude (2) host Reff(arcsec) (3) host sersic_n (4) host q (5) QSO magnitude (6) positional offset (arcsec) 
idx0 cid_104 Zspec0.528
F115W 21.539 0.565 2.464 0.625 22.171 2.028
F150W 21.000 0.521 1.589 0.593 21.462 1.515
F277W 19.945 0.428 1.284 0.537 20.750 0.412
F444W 19.649 0.334 1.733 0.563 19.943 0.014
idx1 cid_1131 Zphot2.41
F115W 26.770 0.129 0.300 0.333 nan 0.198
F150W 27.251 0.155 0.300 0.210 30.219 2.349
F277W 23.676 0.194 1.972 0.666 26.727 0.860
F444W 22.854 0.110 3.128 0.614 25.794 3.795
idx2 cid_11633 Zspec3.181
F115W 25.292 0.227 4.963 0.445 27.517 0.651
F150W 23.923 0.174 2.788 0.733 25.425 0.993
F277W 23.059 0.110 2.174 0.821 23.839 0.826
F444W 22.642 0.097 4.239 0.936 23.443 1.125
idx3 cid_1186 Zspec0.993
F115W 21.342 0.085 8.473 0.603 22.960 0.561
F150W 21.100 0.128 6.975 0.563 22.127 0.476
F277W 20.556 0.131 4.753 0.656 20.998 0.645
F444W 21.045 0.368 7.566 0.615 19.869 1.037
idx4 cid_1188 Zspec1.158
F115W 21.914 0.335 1.421 0.516 24.312 0.682
F150W 21.282 0.346 1.705 0.527 23.586 0.118
F277W 20.592 0.325 1.728 0.510 22.447 0.610
F444W 20.562 0.314 1.701 0.564 21.882 0.311
idx5 cid_1202 Zphot2.42
F115W 24.420 0.805 0.300 0.286 24.952 2.681
F150W 23.846 0.321 0.855 0.564 23.711 2.043
F277W 22.064 0.097 5.772 0.718 22.905 0.790
F444W 21.728 0.113 9.000 0.692 21.457 0.678
idx6 cid_1203 Zspec1.197
F115W 21.913 0.515 1.685 0.574 23.620 1.860
F150W 21.302 0.458 1.840 0.570 23.465 1.023
F277W 20.359 0.379 2.170 0.521 22.312 0.279
F444W 19.959 0.347 2.175 0.512 21.341 0.641
idx7 cid_1204 Zspec0.933
F115W 22.696 0.295 0.678 0.496 23.485 0.310
F150W 22.276 0.282 0.598 0.473 23.405 0.346
F277W 21.476 0.253 0.748 0.447 22.841 0.430
F444W 21.781 0.251 0.827 0.477 22.245 0.180
idx8 cid_1210 Zspec1.924
F115W 23.690 0.317 1.023 0.695 27.300 4.137
F150W 22.530 0.272 0.961 0.476 26.259 3.443
F277W 21.987 0.195 3.759 0.513 25.220 2.777
F444W 21.592 0.159 2.433 0.471 23.749 1.852
idx9 cid_1240 Zspec0.695
F115W 20.637 0.481 1.646 0.276 23.459 2.289
F150W 20.128 0.437 1.998 0.311 23.482 2.343
F277W 19.591 0.402 1.760 0.279 21.492 0.257
F444W 20.145 0.382 2.019 0.270 21.614 0.343
idx10 cid_1245 Zspec0.759
F115W 21.533 0.664 0.819 0.316 23.209 4.059
F150W 20.790 0.559 1.112 0.397 23.776 2.084
F277W 19.742 0.629 2.328 0.194 22.209 3.064
F444W 20.119 0.525 2.836 0.189 22.663 2.868
idx11 cid_1413 Zspec0.995
F115W 20.915 0.357 2.691 0.694 24.675 1.097
F150W 20.440 0.351 2.933 0.719 24.344 0.906
F277W 19.783 0.345 3.041 0.740 23.219 0.847
F444W 19.926 0.328 3.124 0.735 22.954 0.609
idx12 cid_1443 Zspec0.083
F115W 21.954 0.563 0.756 0.592 28.428 8.926
F150W 21.887 0.553 0.848 0.664 29.039 6.333
F277W 22.301 0.608 0.890 0.615 26.841 10.925
F444W 22.404 0.731 0.970 0.623 26.904 12.525
idx13 cid_1522 Zspec0.829
F115W 20.947 0.537 0.360 0.584 24.585 2.867
F150W 20.757 0.563 0.581 0.530 24.254 2.728
F277W 19.997 0.519 0.788 0.542 22.786 3.558
F444W 20.266 0.567 0.728 0.552 23.102 4.075
idx14 cid_1550 Zphot0.881
F115W 21.427 0.576 4.652 0.809 23.973 0.115
F150W 21.172 0.287 3.176 0.910 23.779 0.266
F277W 20.381 0.160 3.028 0.915 23.266 1.185
F444W 20.782 0.394 4.456 0.833 22.340 1.136
idx15 cid_1551 Zspec1.948
F115W 26.357 0.042 2.309 0.247 22.779 2.129
F150W 23.834 0.133 3.760 0.614 22.748 1.619
F277W 22.419 0.112 1.706 0.656 23.218 0.544
F444W 22.197 0.085 2.314 0.536 21.882 0.283
idx16 cid_2097 Zspec0.569
F115W 19.847 0.727 0.779 0.899 20.971 1.756
F150W 19.108 0.832 3.151 0.812 22.154 0.086
F277W 18.930 0.647 2.001 0.710 20.845 0.652
F444W 19.593 0.789 2.949 0.618 20.660 0.692
idx17 cid_2177 Zphot2.893
F115W 25.608 0.229 0.300 0.189 28.041 5.703
F150W 23.927 0.241 0.319 0.324 28.712 1.064
F277W 22.094 0.244 1.081 0.330 25.458 5.820
F444W 21.711 0.216 0.849 0.330 24.004 0.873
idx18 cid_2180 Zspec0.346
F115W 18.285 1.100 1.114 0.764 21.087 1.562
F150W 17.903 1.102 1.374 0.758 21.431 0.919
F277W 17.874 1.062 0.906 0.744 20.105 3.274
F444W 18.530 1.087 0.733 0.729 19.440 3.426
idx19 cid_2462 Zspec1.549
F115W 22.568 0.219 0.431 0.683 23.687 1.797
F150W 22.142 0.205 0.593 0.767 23.127 1.524
F277W 21.266 0.157 1.204 0.836 22.879 1.178
F444W 20.810 0.128 1.625 0.843 22.528 0.960
idx20 cid_2470 Zspec2.975
F115W 24.428 0.722 7.231 0.512 23.937 1.374
F150W 24.295 0.156 0.300 0.742 23.811 0.420
F277W 22.247 0.158 2.870 0.833 23.304 0.580
F444W 21.550 0.170 9.000 0.856 22.852 1.039
idx21 cid_2471 Zspec0.491
F115W 19.250 0.425 1.972 0.591 22.662 0.677
F150W 18.832 0.400 2.197 0.590 22.284 0.900
F277W 18.327 0.376 2.566 0.571 21.283 0.900
F444W 19.097 0.382 2.453 0.568 21.737 0.597
idx22 cid_2477 Zspec0.934
F115W 21.112 0.565 1.135 0.504 24.727 0.614
F150W 20.695 0.528 1.261 0.506 24.059 1.151
F277W 20.007 0.481 0.940 0.492 22.267 0.627
F444W 20.113 0.484 0.935 0.500 22.373 0.440
idx23 cid_2482 Zspec2.559
F115W 23.428 0.453 0.300 0.838 25.188 5.571
F150W 22.637 0.473 0.300 0.862 25.072 4.856
F277W 22.144 0.491 0.317 0.821 23.734 3.439
F444W 21.836 0.485 0.365 0.843 23.166 3.363
idx24 cid_3811 Zspec2.559
F115W 18.554 0.101 3.472 0.839 19.024 2.930
F150W 18.157 0.069 0.300 0.846 19.770 2.073
F277W 18.916 0.125 0.300 0.681 21.790 1.991
F444W 22.588 0.130 0.303 0.343 18.601 2.413
idx25 cid_402 Zspec0.985
F115W 21.253 0.376 1.554 0.546 23.957 0.649
F150W 20.762 0.355 1.451 0.560 23.258 0.543
F277W 20.056 0.346 0.948 0.534 21.595 0.945
F444W 20.069 0.348 0.875 0.545 20.173 0.434
idx26 cid_453 Zspec1.626
F115W 21.671 0.649 2.699 0.697 24.580 1.218
F150W 21.387 0.489 1.794 0.653 23.455 0.094
F277W 20.654 0.525 0.464 0.556 21.693 1.664
F444W 19.906 0.423 0.445 0.548 21.375 4.076
idx27 cid_456 Zspec1.022
F115W 20.789 1.115 2.437 0.658 23.047 1.565
F150W 20.516 1.381 3.402 0.637 22.615 1.904
F277W 20.251 1.340 2.430 0.617 21.216 1.832
F444W 20.705 1.275 0.838 0.676 20.269 2.091
idx28 cid_472 Zspec3.155
F115W 24.745 0.028 8.151 0.838 25.640 0.373
F150W 24.897 0.176 0.609 0.742 23.787 0.991
F277W 23.185 0.211 0.818 0.829 22.524 0.527
F444W 22.608 0.149 2.589 0.819 22.277 1.895
idx29 cid_473 Zspec1.456
F115W 22.675 0.775 0.300 0.263 24.293 9.417
F150W 21.946 0.626 0.585 0.324 24.814 6.548
F277W 20.983 0.531 0.780 0.285 22.647 6.266
F444W 20.485 0.527 0.855 0.279 21.445 6.209
idx30 cid_497 Zspec0.889
F115W 21.146 0.369 1.315 0.752 22.983 0.491
F150W 20.916 0.373 1.400 0.752 22.983 0.485
F277W 20.170 0.317 1.526 0.748 22.261 0.690
F444W 20.383 0.278 2.042 0.694 22.251 1.023
idx31 cid_498 Zspec1.457
F115W 22.107 0.582 1.408 0.798 23.421 2.394
F150W 21.965 0.437 0.964 0.828 22.638 2.272
F277W 20.986 0.364 2.116 0.925 21.902 1.184
F444W 20.727 0.342 1.913 0.924 20.254 0.815
idx32 cid_499 Zspec1.454
F115W 21.669 0.464 2.539 0.445 20.337 2.291
F150W 20.644 0.241 5.697 0.577 20.283 1.152
F277W 19.929 0.163 3.077 0.610 20.506 0.639
F444W 19.537 0.162 2.711 0.672 19.166 1.217
idx33 cid_500 Zspec0.49
F115W 19.326 0.764 2.100 0.318 23.100 1.460
F150W 18.805 0.709 1.886 0.318 22.157 0.773
F277W 18.202 0.554 1.809 0.275 20.387 0.605
F444W 18.842 0.582 1.608 0.304 19.015 0.378
idx34 cid_501 Zspec0.909
F115W 21.277 0.120 8.990 0.774 21.389 0.644
F150W 21.206 0.194 2.695 0.865 21.447 0.270
F277W 20.756 0.213 2.152 0.853 20.635 0.746
F444W 21.202 0.210 2.546 0.802 19.692 2.055
idx35 cid_502 Zspec0.938
F115W 21.026 0.445 1.759 0.390 24.049 1.342
F150W 20.521 0.471 1.966 0.426 24.007 0.906
F277W 19.856 0.375 2.021 0.421 22.548 0.378
F444W 19.972 0.402 2.083 0.433 22.501 0.253
idx36 cid_509 Zspec1.021
F115W 20.723 0.423 9.000 0.668 22.549 1.069
F150W 20.653 0.343 3.335 0.677 21.303 0.427
F277W 19.812 0.290 4.998 0.711 20.717 1.345
F444W 20.250 0.371 2.350 0.791 19.360 1.419
idx37 cid_510 Zspec1.131
F115W 20.467 0.403 3.035 0.761 20.366 0.897
F150W 20.123 0.432 2.407 0.724 19.957 0.681
F277W 19.474 0.394 1.755 0.722 19.708 0.115
F444W 19.228 0.332 1.927 0.755 18.811 0.426
idx38 cid_528 Zspec0.934
F115W 20.816 0.654 1.731 0.834 24.056 1.727
F150W 20.384 0.633 2.193 0.836 24.063 2.085
F277W 19.641 0.503 2.478 0.894 22.912 3.110
F444W 19.772 0.557 2.584 0.810 22.068 1.092
idx39 cid_529 Zspec3.017
F115W 23.892 0.213 1.600 0.560 25.828 1.314
F150W 22.501 0.252 1.154 0.595 24.327 0.687
F277W 21.044 0.292 1.291 0.490 22.909 0.854
F444W 20.773 0.273 1.292 0.478 22.517 0.715
idx40 cid_530 Zspec0.931
F115W 21.463 0.326 2.831 0.662 23.326 1.285
F150W 21.089 0.281 2.542 0.677 23.357 0.806
F277W 20.084 0.149 4.639 0.677 23.738 1.141
F444W 20.007 0.061 7.548 0.672 20.254 0.977
idx41 cid_531 Zspec1.846
F115W 23.434 0.234 1.315 0.797 23.991 0.234
F150W 22.508 0.184 2.915 0.827 24.477 0.400
F277W 21.913 0.211 1.556 0.878 23.050 0.699
F444W 21.517 0.204 1.389 0.894 22.211 0.492
idx42 cid_701 Zspec0.742
F115W 20.273 0.660 0.820 0.846 22.775 3.612
F150W 19.943 0.633 0.827 0.825 22.405 3.145
F277W 19.358 0.605 0.897 0.808 21.381 4.350
F444W 19.891 0.629 0.923 0.804 21.453 4.144
idx43 cid_750 Zspec0.781
F115W 20.398 0.771 8.141 0.188 23.089 1.419
F150W 20.461 0.282 1.394 0.324 22.079 0.635
F277W 19.632 0.260 2.114 0.358 21.987 0.533
F444W 20.043 0.218 2.984 0.348 23.310 1.878
idx44 cid_795 Zspec0.758
F115W 20.280 0.614 1.217 0.860 22.247 0.935
F150W 20.089 0.535 1.379 0.869 21.990 0.659
F277W 19.654 0.449 1.407 0.866 21.498 0.809
F444W 20.095 0.492 1.602 0.857 21.525 0.862
idx45 cid_864 Zspec1.617
F115W 21.922 0.229 5.171 0.648 32.368 0.649
F150W 21.073 0.712 7.448 0.633 25.172 1.169
F277W 20.293 0.267 1.669 0.837 22.324 0.530
F444W 19.728 0.206 1.858 0.808 21.770 1.286
idx46 cid_880 Zspec1.097
F115W 21.579 0.801 2.004 0.773 23.999 0.423
F150W 21.375 0.461 2.088 0.837 23.459 0.326
F277W 20.730 0.394 3.096 0.863 20.595 0.705
F444W 20.028 0.255 8.997 0.767 19.102 1.143
idx47 cid_890 Zspec3.015
F115W 23.272 0.018 9.000 0.482 21.566 1.273
F150W 23.747 0.355 0.334 0.852 21.356 4.007
F277W 21.903 0.229 1.581 0.831 21.824 2.017
F444W 21.893 0.251 0.707 0.759 20.831 4.221
idx48 cid_899 Zspec1.096
F115W 21.877 0.457 1.011 0.481 26.038 0.293
F150W 21.253 0.406 0.961 0.479 25.015 0.674
F277W 20.434 0.338 0.944 0.481 23.532 0.877
F444W 20.276 0.318 0.938 0.465 22.826 0.972
idx49 cid_987 Zspec1.86
F115W 25.011 0.199 0.575 0.451 27.554 1.205
F150W 23.727 0.217 1.252 0.510 26.945 0.496
F277W 22.552 0.166 1.418 0.406 24.384 1.373
F444W 21.846 0.116 2.523 0.379 24.526 3.073
