# Cosmic ray list (file set /Volumes/Seagate_Expansion_Drive/Mirage_data/mirage_data/nircam/cosmic_ray_library/CRs_MCD1.7_SUNMAX random seed 899944195)
# Cosmic ray rate per frame:  2.594817e+02 (scale factor 1.000000)
Image_x    Image_y    Group   Frame   CR_File_Index   CR_file_frame   Max_CR_Signal
1339.5 601.5 0 18 2 32 406.8989562988281
1914.5 254.5 0 18 8 424 8739.5244140625
1539.5 1135.5 0 18 7 308 5541.06396484375
721.5 369.5 0 18 4 413 1340.02783203125
1040.5 1299.5 0 18 7 83 9589.5126953125
1851.5 1756.5 0 18 0 795 3134.882568359375
85.5 1493.5 0 18 6 788 1343.9403076171875
1156.5 1549.5 0 18 1 771 1011.3786010742188
1988.5 1511.5 0 18 8 79 558.3510131835938
1688.5 1347.5 0 18 8 432 25726.576171875
719.5 691.5 0 18 2 470 1140.265625
902.5 190.5 0 18 1 928 2249.681640625
902.5 1772.5 0 18 5 161 2960.776611328125
977.5 1102.5 0 18 5 609 2762.2177734375
1043.5 849.5 0 18 1 337 3625.89990234375
423.5 1217.5 0 18 5 577 6709.919921875
399.5 282.5 0 18 3 59 2162.628662109375
1251.5 875.5 0 18 6 779 13655.5673828125
1335.5 313.5 0 18 9 139 799.1260375976562
263.5 1660.5 0 18 7 723 60532.0859375
841.5 1112.5 0 18 4 707 6406.7021484375
573.5 733.5 0 18 4 875 2554.85595703125
468.5 1091.5 0 18 7 582 444.0675964355469
973.5 1821.5 0 18 1 962 2576.37451171875
1429.5 1951.5 0 18 6 245 9814.48046875
385.5 1543.5 0 18 2 112 24972.4453125
1317.5 675.5 0 18 7 705 490.03936767578125
1209.5 40.5 0 18 8 963 3658.177978515625
935.5 937.5 0 18 3 94 9075.998046875
46.5 2037.5 0 18 7 53 48651.8125
1628.5 102.5 0 18 1 329 689.5763549804688
956.5 1338.5 0 18 2 656 1091.584716796875
601.5 1767.5 0 18 9 64 2630.17138671875
1488.5 251.5 0 18 7 715 2600.82763671875
1904.5 466.5 0 18 5 328 4580.54736328125
1055.5 529.5 0 18 5 540 2745.58984375
251.5 1682.5 0 18 1 53 12762.5419921875
827.5 879.5 0 18 6 755 3892.927490234375
1861.5 1470.5 0 18 0 26 2168.49755859375
1820.5 1826.5 0 18 7 766 1251.0186767578125
1026.5 1038.5 0 18 7 475 4232.3359375
1695.5 1841.5 0 18 7 326 2637.01806640625
178.5 582.5 0 18 7 339 1639.333251953125
653.5 1601.5 0 18 2 19 19168.935546875
782.5 768.5 0 18 2 173 1462.2930908203125
1049.5 552.5 0 18 7 133 2306.412841796875
1849.5 1794.5 0 18 5 126 1332.2027587890625
1384.5 422.5 0 18 0 600 4431.873046875
1407.5 2003.5 0 18 7 453 2396.400146484375
1476.5 91.5 0 18 0 558 1655.9613037109375
350.5 250.5 0 18 9 887 731.6356201171875
1793.5 1494.5 0 18 5 950 2764.174072265625
1560.5 1778.5 0 18 4 236 2859.052001953125
1187.5 80.5 0 18 6 55 6708.94189453125
1990.5 682.5 0 18 7 289 830.4259643554688
785.5 1411.5 0 18 7 139 1351.7652587890625
279.5 913.5 0 18 3 943 1205.046875
1498.5 752.5 0 18 0 445 2716.24609375
1436.5 1405.5 0 18 1 683 2280.00341796875
954.5 1944.5 0 18 5 219 6286.39306640625
65.5 420.5 0 18 1 918 2557.790283203125
996.5 164.5 0 18 1 737 2247.725341796875
1263.5 27.5 0 18 0 79 35443.24609375
1382.5 377.5 0 18 9 951 20292.12890625
1422.5 1652.5 0 18 0 897 4095.398681640625
2036.5 575.5 0 18 0 262 2296.631591796875
444.5 787.5 0 18 1 345 58270.66796875
502.5 1394.5 0 18 1 727 161.3902130126953
1176.5 1613.5 0 18 8 815 2638.974365234375
1776.5 281.5 0 18 0 252 520.3611450195312
24.5 1087.5 0 18 3 641 1517.0679931640625
38.5 1960.5 0 18 7 468 2959.798583984375
1072.5 17.5 0 18 6 973 1456.42431640625
1689.5 782.5 0 18 6 677 2312.281494140625
644.5 1597.5 0 18 8 865 5055.1630859375
1780.5 1913.5 0 18 5 263 2318.150146484375
202.5 1248.5 0 18 5 426 319.8460388183594
1127.5 1339.5 0 18 5 121 2487.365478515625
1845.5 1540.5 0 18 2 679 256.2680969238281
245.5 1076.5 0 18 4 93 2246.747314453125
557.5 2042.0 0 18 3 792 1416.6798095703125
701.5 1367.5 0 18 4 225 3315.835205078125
1531.5 1209.5 0 18 1 467 1396.7589111328125
1752.5 1332.5 0 18 8 401 10782.822265625
1068.5 1586.5 0 18 5 973 4502.2978515625
164.5 785.5 0 18 9 24 20221.703125
457.5 1704.5 0 18 4 10 61.6217155456543
92.5 780.5 0 18 7 733 663.1670532226562
622.5 24.5 0 18 4 627 2011.9979248046875
98.5 311.5 0 18 0 647 1216.7843017578125
1490.5 1333.5 0 18 9 684 1050.5035400390625
747.5 1543.5 0 18 1 665 2686.90234375
603.5 91.5 0 18 4 334 3520280.25
784.5 1238.5 0 18 9 81 27855.94921875
121.5 964.5 0 18 4 150 2875.679931640625
1396.5 1224.5 0 18 5 342 401.03021240234375
2001.5 10.0 0 18 7 355 4908.21875
1263.5 774.5 0 18 7 644 5207.52392578125
1088.5 434.5 0 18 4 424 147187.078125
1431.5 987.5 0 18 5 382 2749.502197265625
2028.5 207.5 0 18 0 40 442.1113586425781
532.5 1490.5 0 18 0 828 1216.7843017578125
457.5 764.5 0 18 9 494 501.7768249511719
1243.5 1550.5 0 18 2 386 1208.2510986328125
1836.5 820.5 0 18 0 534 1481.6090087890625
1604.5 1267.5 0 18 6 83 31250.03515625
1326.5 672.5 0 18 2 474 28840.919921875
1283.5 790.5 0 18 8 834 21609.095703125
1605.5 182.5 0 18 5 611 806.9510498046875
1619.5 1988.5 0 18 7 743 4908.21875
162.5 5.5 0 18 5 14 710.1168823242188
135.5 1850.5 0 18 4 234 4622.60693359375
785.5 601.5 0 18 2 732 2104.91943359375
1362.5 1809.5 0 18 0 621 2163.60693359375
429.5 576.5 0 18 6 412 1997.3260498046875
918.5 414.5 0 18 0 618 2559.74658203125
1196.5 1383.5 0 18 5 601 520.3611450195312
822.5 438.5 0 18 0 336 4419.1572265625
1491.5 1191.5 0 18 3 436 2903.0673828125
852.5 1841.5 0 18 2 900 2163.60693359375
444.5 1164.5 0 18 1 549 2828.730224609375
1764.5 436.5 0 18 3 330 5297.51123046875
1932.5 1597.5 0 18 8 670 1629.700439453125
224.5 1679.5 0 18 8 277 65777.7578125
1532.5 61.5 0 18 8 787 4477.8447265625
1780.5 41.5 0 18 6 549 5858.95361328125
733.5 1037.5 0 18 9 765 15663.6533203125
1802.5 153.5 0 18 8 504 172697.640625
693.5 1988.5 0 18 6 253 3163.248046875
1404.5 87.5 0 18 0 210 38007.8828125
1389.5 1641.5 0 18 2 898 16724.916015625
966.5 1873.5 0 18 3 734 2579.05810546875
824.5 765.5 0 18 5 495 874.4414672851562
944.5 1110.5 0 18 9 821 7284.078125
1640.5 1641.5 0 18 2 20 1214.828125
1892.5 1305.5 0 18 0 820 2697.661865234375
1038.5 1589.5 0 18 6 619 2067.7509765625
1406.5 171.5 0 18 2 686 1980.5855712890625
293.5 1299.5 0 18 4 569 6127.93701171875
1126.5 1658.5 0 18 4 847 885.2008056640625
1796.5 1764.5 0 18 0 986 16969.447265625
1984.5 1691.5 0 18 0 104 3066.413818359375
1554.5 2022.5 0 18 2 129 2308.368896484375
1429.5 1919.5 0 18 5 275 4463.1728515625
1294.5 507.5 0 18 7 457 4889.63427734375
1755.5 367.5 0 18 4 905 1485.76806640625
1236.5 1194.5 0 18 2 322 3102.6044921875
588.5 836.5 0 18 9 86 2857.095703125
1219.5 1943.5 0 18 2 975 2508.884033203125
504.5 1532.5 0 18 9 454 2134.26318359375
1082.5 1678.5 0 18 9 378 2929.476806640625
1418.5 603.5 0 18 7 719 2520.62158203125
964.5 823.5 0 18 6 566 1050.5035400390625
309.5 762.5 0 18 5 780 1002.5755004882812
1829.5 1296.5 0 18 7 179 1193.3094482421875
1758.5 410.5 0 18 4 344 2131.328857421875
265.5 1124.5 0 18 7 81 2192.73095703125
781.5 1059.5 0 18 0 628 1805.614013671875
80.5 1509.5 0 18 4 829 4686.1845703125
710.5 1035.5 0 18 7 863 3354.698486328125
1155.5 570.5 0 18 6 258 3360.828857421875
132.5 1894.5 0 18 6 683 3397.019287109375
831.5 1266.5 0 18 6 125 1480.87744140625
2031.5 19.5 0 18 4 112 2142.088134765625
1902.5 1904.5 0 18 3 938 1860.388916015625
1378.5 414.5 0 18 8 366 2513.774658203125
693.5 843.5 0 18 5 718 877.3758544921875
1589.5 544.5 0 18 6 530 2820.9052734375
791.5 1251.5 0 18 4 409 1318.509033203125
1059.5 548.5 0 18 8 732 1246.4144287109375
66.5 1282.5 0 18 0 116 2837.533203125
1121.5 1146.5 0 18 1 128 3775.552734375
1631.5 1567.5 0 18 9 505 2698.1884765625
1338.5 427.5 0 18 8 77 7860.19189453125
729.5 1709.5 0 18 8 30 227.90252685546875
2006.5 14.5 0 18 6 253 3163.248046875
1206.5 466.5 0 18 6 728 1373.283935546875
1539.5 7.0 0 18 8 783 414.72393798828125
815.5 1233.5 0 18 1 566 3176.941650390625
746.5 479.5 0 18 5 351 1975.807373046875
1283.5 1518.5 0 18 2 350 114.4403305053711
329.5 578.5 0 18 7 869 2389.55322265625
679.5 416.5 0 18 9 698 420.5926513671875
1918.5 683.5 0 18 5 422 12132.630859375
1755.5 645.5 0 18 9 275 1520.0023193359375
267.5 1875.5 0 18 7 729 2594.958984375
1434.5 1521.5 0 18 9 418 18182.318359375
174.5 585.5 0 18 0 938 952.6912841796875
633.5 1818.5 0 18 0 82 2309.34716796875
494.5 1449.5 0 18 9 165 2337.712646484375
1169.5 1386.5 0 18 0 593 3799.027587890625
1653.5 644.5 0 18 9 759 2303.478515625
8.0 847.5 0 18 1 461 8852.0087890625
1863.5 1643.5 0 18 5 285 1162.9876708984375
447.5 2032.5 0 18 7 387 1340.02783203125
1953.5 1440.5 0 18 0 855 1853.6221923828125
1879.5 309.5 0 18 7 452 2519.6435546875
1672.5 2008.5 0 18 3 358 3491.897216796875
502.5 1571.5 0 18 8 868 2957.84228515625
2000.5 394.5 0 18 0 130 2486.38720703125
307.5 2011.5 0 18 0 73 3310.944580078125
1065.5 96.5 0 18 7 432 11777.572265625
1687.5 1435.5 0 18 9 275 1520.0023193359375
816.5 428.5 0 18 3 763 1714.648681640625
1723.5 1933.5 0 18 2 79 2279.025390625
1820.5 528.5 0 18 0 668 2239.900390625
905.5 938.5 0 18 3 902 2924.586181640625
857.5 1578.5 0 18 2 73 7650.8740234375
471.5 919.5 0 18 2 939 6280.5244140625
830.5 858.5 0 18 3 109 1306.7716064453125
1290.5 1338.5 0 18 8 8 2162.628662109375
1540.5 1137.5 0 18 2 851 1582.330078125
760.5 54.5 0 18 3 595 418798.125
1957.5 350.5 0 18 6 105 27010.8515625
149.5 728.5 0 18 8 309 1865.279541015625
422.5 1248.5 0 18 1 820 127791.703125
1383.5 596.5 0 18 1 722 4366.3388671875
410.5 856.5 0 18 7 473 3171.072998046875
744.5 1770.5 0 18 7 978 4131.58935546875
1079.5 943.5 0 18 3 169 2718.202392578125
1181.5 1372.5 0 18 4 424 147187.078125
1678.5 1934.5 0 18 1 646 5223.173828125
1914.5 831.5 0 18 4 997 2704.508544921875
1937.5 1166.5 0 18 5 261 112508.0859375
1600.5 602.5 0 18 7 75 983.9537963867188
1078.5 2014.5 0 18 8 78 9968.0458984375
1828.5 1801.5 0 18 3 935 3445.925537109375
1302.5 930.5 0 18 4 503 1073.9259033203125
563.5 508.5 0 18 0 235 33637.62890625
661.5 688.5 0 18 5 892 2211.534912109375
813.5 1655.5 0 18 3 966 1995.4732666015625
1426.5 703.5 0 18 9 41 7478.724609375
286.5 1303.5 0 18 4 265 2711.35546875
106.5 959.5 0 18 3 394 829.4478759765625
1280.5 556.5 0 18 4 561 83.14041137695312
8.0 1810.5 0 18 6 194 194.64637756347656
1981.5 422.5 0 18 8 585 4870.07177734375
1855.5 718.5 0 18 3 269 16727.439453125
1046.5 1936.5 0 18 0 527 3957.4833984375
1696.5 782.5 0 18 1 136 21283.9453125
833.5 1119.5 0 18 0 327 6131.849609375
240.5 839.5 0 18 0 733 90343.3046875
1166.5 1597.5 0 18 2 135 1230.47802734375
2009.5 515.5 0 18 7 679 1658.895751953125
1896.5 72.5 0 18 5 722 3428.3193359375
1744.5 1598.5 0 18 4 251 2063.83837890625
104.5 1817.5 0 18 6 288 2113.72265625
212.5 1011.5 0 18 7 988 833.3603515625
1956.5 635.5 0 18 1 660 2965.667236328125
1241.5 93.5 0 19 5 838 2053.0791015625
657.5 549.5 0 19 2 56 1230.47802734375
1137.5 1229.5 0 19 5 447 632.84521484375
719.5 1263.5 0 19 0 499 1076.912841796875
1520.5 354.5 0 19 6 395 2833.620849609375
252.5 1554.5 0 19 4 57 4356.5576171875
902.5 871.5 0 19 2 892 2908.936279296875
1291.5 1589.5 0 19 8 478 10751.5224609375
399.5 515.5 0 19 2 285 371.6865234375
1659.5 1601.5 0 19 4 132 2333.80029296875
978.5 1545.5 0 19 2 718 2235.988037109375
781.5 1616.5 0 19 0 713 859.7696533203125
1522.5 526.5 0 19 5 20 3586.775146484375
727.5 206.5 0 19 1 774 260.1805725097656
1046.5 448.5 0 19 5 874 3562.322021484375
1101.5 370.5 0 19 5 696 1189.39697265625
1690.5 552.5 0 19 6 729 2034.4947509765625
1912.5 139.5 0 19 8 84 876.397705078125
169.5 377.5 0 19 3 36 9157.1826171875
72.5 1291.5 0 19 3 925 1636.39892578125
1256.5 1285.5 0 19 0 845 1997.215576171875
1324.5 1634.5 0 19 2 44 178.01829528808594
30.5 1918.5 0 19 5 458 1761.5985107421875
81.5 461.5 0 19 0 294 611.3265380859375
1184.5 534.5 0 19 3 771 13409.0810546875
1714.5 815.5 0 19 4 314 566.3328857421875
1324.5 118.5 0 19 9 56 2004.1729736328125
1573.5 829.5 0 19 4 753 15997.193359375
1581.5 1463.5 0 19 2 324 2454.109375
1104.5 651.5 0 19 7 293 2872.74560546875
1368.5 410.5 0 19 8 533 1474.030517578125
1515.5 153.5 0 19 0 132 1915.163818359375
1222.5 496.5 0 19 4 192 8687.68359375
938.5 29.5 0 19 5 112 2699.617919921875
196.5 445.5 0 19 5 843 3047.82958984375
134.5 157.5 0 19 8 134 3174.00732421875
53.5 1570.5 0 19 2 521 80979.734375
1391.5 1319.5 0 19 0 526 212.25257873535156
619.5 484.5 0 19 4 729 570.2454223632812
1531.5 1346.5 0 19 7 161 793.0714721679688
1772.5 1959.5 0 19 5 175 1544.455322265625
1311.5 1567.5 0 19 4 63 1925.21484375
1581.5 1136.5 0 19 8 351 549.704833984375
1298.5 1089.5 0 19 8 457 53250.94140625
737.5 1704.5 0 19 7 466 1909.2950439453125
651.5 801.5 0 19 7 280 2097.094482421875
421.5 1995.5 0 19 0 129 808.9072875976562
1337.5 1640.5 0 19 7 541 80014.234375
311.5 721.5 0 19 4 11 2724.071044921875
1784.5 703.5 0 19 1 414 4149.1953125
1573.5 555.5 0 19 5 763 1834.957763671875
996.5 1096.5 0 19 3 783 2594.958984375
1019.5 1227.5 0 19 9 393 6414.52734375
31.5 1804.5 0 19 3 530 2255.55029296875
306.5 1628.5 0 19 7 769 16138.04296875
1507.5 933.5 0 19 9 106 863657.6875
668.5 759.5 0 19 7 309 2542.140380859375
298.5 181.5 0 19 4 948 260.1805725097656
468.5 179.5 0 19 5 302 2302.500244140625
967.5 1406.5 0 19 2 351 4651.95068359375
58.5 346.5 0 19 3 755 2154.8037109375
1163.5 635.5 0 19 6 625 2286.340576171875
1753.5 1071.5 0 19 9 889 4546.31298828125
1535.5 146.5 0 19 5 423 2933.38916015625
978.5 89.5 0 19 2 345 631.8671264648438
647.5 1556.5 0 19 0 528 4746.828125
864.5 1808.5 0 19 9 782 418.63641357421875
980.5 1993.5 0 19 0 230 639.6920776367188
738.5 37.5 0 19 3 405 4445.56640625
1041.5 1613.5 0 19 3 398 2767.1083984375
117.5 608.5 0 19 0 990 2632.12744140625
647.5 1278.5 0 19 7 345 2653.646240234375
751.5 92.5 0 19 5 37 1396.7589111328125
1465.5 475.5 0 19 8 3 18.584327697753906
1793.5 74.5 0 19 0 493 2610.60888671875
1578.5 1063.5 0 19 7 198 1352.743408203125
1760.5 671.5 0 19 7 620 2924.586181640625
2008.5 694.5 0 19 5 422 12132.630859375
1486.5 1333.5 0 19 2 177 1477.9429931640625
719.5 1852.5 0 19 2 412 2914.804931640625
1114.5 1289.5 0 19 1 573 2633.105712890625
327.5 1948.5 0 19 9 565 3749.143310546875
349.5 569.5 0 19 0 638 2960.776611328125
1079.5 251.5 0 19 5 290 497.8643493652344
327.5 1533.5 0 19 1 655 3017.5078125
222.5 797.5 0 19 5 24 1117.015869140625
68.5 1696.5 0 19 6 690 2629.193115234375
1079.5 1566.5 0 19 5 594 3237.58544921875
35.5 1986.5 0 19 6 768 3025.332763671875
1752.5 255.5 0 19 3 84 475.3675231933594
662.5 338.5 0 19 9 636 2082.422607421875
1521.5 1300.5 0 19 8 219 2083.40087890625
725.5 2038.0 0 19 3 950 2391.509521484375
1276.5 819.5 0 19 2 432 1777.24853515625
1175.5 462.5 0 19 6 973 1456.42431640625
800.5 426.5 0 19 6 801 1825.176513671875
739.5 278.5 0 19 6 239 2494.21240234375
1672.5 977.5 0 19 2 152 673.9263916015625
1366.5 1283.5 0 19 0 254 2708.421142578125
1816.5 893.5 0 19 4 317 2811.1240234375
1519.5 995.5 0 19 1 318 4961.037109375
792.5 1011.5 0 19 9 283 739.4605712890625
203.5 1390.5 0 19 9 95 1747.90478515625
279.5 1575.5 0 19 0 472 2910.892333984375
407.5 1181.5 0 19 3 557 1661.830078125
796.5 1721.5 0 19 6 339 21687.91015625
460.5 868.5 0 19 1 552 1815.395263671875
1598.5 1726.5 0 19 7 377 3134.882568359375
1971.5 1302.5 0 19 1 312 3055.654541015625
1892.5 1544.5 0 19 0 622 2000.260498046875
1791.5 1845.5 0 19 4 105 2763.196044921875
1175.5 1513.5 0 19 4 252 1736.1673583984375
614.5 1274.5 0 19 9 630 667.0795288085938
914.5 1369.5 0 19 1 25 6269.76513671875
1819.5 842.5 0 19 5 704 1180.5938720703125
1067.5 198.5 0 19 3 45 2369.0126953125
575.5 820.5 0 19 5 498 3497.765869140625
1281.5 1471.5 0 19 0 205 3225.847900390625
420.5 587.5 0 19 7 861 591.7640991210938
1341.5 991.5 0 19 6 315 2058.790771484375
408.5 344.5 0 19 3 258 2762.2177734375
349.5 944.5 0 19 8 909 2496.16845703125
461.5 1601.5 0 19 7 18 15038.478515625
554.5 1105.5 0 19 6 658 1752.79541015625
1295.5 30.5 0 19 0 32 247.46498107910156
279.5 357.5 0 19 6 315 2058.790771484375
1673.5 1740.5 0 19 3 372 3393.10693359375
44.5 1107.5 0 19 9 348 6343.1240234375
834.5 779.5 0 19 4 356 1625.6395263671875
322.5 34.5 0 19 8 43 1797.49609375
1352.5 556.5 0 19 1 287 2637.996337890625
691.5 1636.5 0 19 9 993 4794.75634765625
962.5 1890.5 0 19 5 458 1761.5985107421875
1247.5 1532.5 0 19 5 705 20247.134765625
158.5 569.5 0 19 6 131 9496.5908203125
748.5 1390.5 0 19 2 145 2200.775634765625
1309.5 1891.5 0 19 8 406 317.8898010253906
293.5 1792.5 0 19 3 331 2336.734619140625
12.5 683.5 0 19 4 213 3144.663818359375
1882.5 53.5 0 19 8 396 3801.9619140625
1439.5 361.5 0 19 9 580 2463.890380859375
161.5 287.5 0 19 6 909 2535.29345703125
762.5 1405.5 0 19 1 528 116.39657592773438
845.5 739.5 0 19 8 669 2902.08935546875
284.5 1059.5 0 19 8 369 2328.90966796875
1796.5 1301.5 0 19 8 598 5720.06005859375
1866.5 1051.5 0 19 9 208 242.57437133789062
1798.5 1970.5 0 19 7 54 7551.10546875
617.5 496.5 0 19 7 660 13347.458984375
182.5 383.5 0 19 3 853 1031.919189453125
1723.5 556.5 0 19 2 815 2546.052734375
583.5 1748.5 0 19 9 962 175.08392333984375
1175.5 1404.5 0 19 8 272 801.082275390625
1322.5 480.5 0 19 5 988 2262.397216796875
570.5 86.5 0 19 2 735 1109.19091796875
1596.5 1020.5 0 19 3 689 1071.0440673828125
1914.5 646.5 0 19 1 165 3942.811767578125
122.5 305.5 0 19 1 939 1250.04052734375
1625.5 549.5 0 19 7 15 2227.184814453125
618.5 82.5 0 19 1 682 278.764892578125
1251.5 1035.5 0 19 8 986 1607.948486328125
271.5 285.5 0 19 1 158 23999.212890625
1205.5 363.5 0 19 1 452 2924.586181640625
274.5 703.5 0 19 6 787 92018.828125
169.5 1357.5 0 19 9 707 1924.945068359375
787.5 93.5 0 19 8 252 1900.491943359375
1384.5 1656.5 0 19 3 266 3633.724853515625
1047.5 1594.5 0 19 7 767 1999.2823486328125
14.5 223.5 0 19 0 291 1558.1490478515625
1036.5 810.5 0 19 4 235 2217.403564453125
1461.5 258.5 0 19 4 293 4474.91015625
1202.5 1184.5 0 19 5 120 2308.368896484375
483.5 573.5 0 19 1 359 3479.181640625
517.5 1020.5 0 19 4 97 2817.970703125
967.5 824.5 0 19 3 40 3971.17724609375
21.5 321.5 0 19 5 569 345.2772216796875
658.5 1427.5 0 19 0 147 4031.82080078125
1148.5 894.5 0 19 1 547 2674.186767578125
1706.5 1686.5 0 19 9 442 3865.5400390625
1245.5 1454.5 0 19 9 294 2431.612548828125
1969.5 1891.5 0 19 4 494 27920.06640625
1634.5 635.5 0 19 3 626 1874.0826416015625
1981.5 1390.5 0 19 4 971 1922.0106201171875
1679.5 1848.5 0 19 4 434 654.3639526367188
1398.5 800.5 0 19 8 432 25726.576171875
1260.5 783.5 0 19 0 196 10003.2587890625
776.5 99.5 0 19 4 524 2168.49755859375
1034.5 7.0 0 19 5 879 76.29354858398438
733.5 1931.5 0 19 3 431 1276.4498291015625
1783.5 1653.5 0 19 1 772 2324.01904296875
448.5 1483.5 0 19 6 510 424.5051574707031
685.5 824.5 0 19 5 297 767675.0
567.5 878.5 0 19 4 450 2086.335205078125
441.5 434.5 0 19 2 655 4863.22509765625
1786.5 860.5 0 19 7 176 3884.124267578125
284.5 1308.5 0 19 2 687 4657.8193359375
178.5 804.5 0 19 7 927 319.8460388183594
1144.5 1207.5 0 19 8 823 2742.6552734375
1250.5 1532.5 0 19 1 286 4059.208251953125
911.5 1827.5 0 19 5 322 2330.86572265625
1945.5 1008.5 0 19 3 270 2505.94970703125
1888.5 1322.5 0 19 1 223 113.46220397949219
959.5 1140.5 0 19 2 926 2117.63525390625
1205.5 392.5 0 19 4 953 3364.7412109375
1667.5 550.5 0 19 6 786 3037.0703125
567.5 749.5 0 19 2 817 3524.17529296875
1381.5 1045.5 0 19 5 284 2933.38916015625
348.5 1779.5 0 19 8 567 2817.970703125
479.5 1969.5 0 19 1 325 3246.388427734375
501.5 1045.5 0 19 2 304 2889.373779296875
1049.5 1447.5 0 19 5 379 1530.76171875
1860.5 1249.5 0 19 6 751 1722.4736328125
1848.5 1402.5 0 19 0 606 4244.0732421875
98.5 463.5 0 19 9 647 2652.668212890625
46.5 1070.5 0 19 3 143 3911.51171875
772.5 947.5 0 19 9 201 1718.5611572265625
1671.5 143.5 0 19 4 13 1461.31494140625
1916.5 527.5 0 19 2 205 1828.11083984375
1220.5 280.5 0 19 6 88 2654.624267578125
1175.5 1674.5 0 19 9 883 447.9801025390625
573.5 958.5 0 19 2 325 1197.221923828125
1234.5 1640.5 0 19 5 178 24889.9375
1154.5 1666.5 0 19 0 909 1698.0206298828125
1558.5 1131.5 0 19 1 196 2562.680908203125
1652.5 10.5 0 19 1 711 4513.05712890625
106.5 36.5 0 19 8 21 13859.9951171875
1597.5 1972.5 0 19 3 152 2733.852294921875
827.5 896.5 0 19 3 292 685006.5625
1501.5 520.5 0 19 8 565 275733.78125
1224.5 1673.5 0 19 0 767 3325.616455078125
317.5 1037.5 0 19 4 527 42107.1953125
1041.5 1947.5 0 19 9 999 5740.6005859375
1642.5 1969.5 0 19 7 272 3027.2890625
1472.5 177.5 0 19 4 195 4633.3662109375
395.5 403.5 0 19 4 697 3234.65087890625
1482.5 1713.5 0 19 1 465 3306.053955078125
782.5 1005.5 0 19 2 717 65.5342025756836
755.5 1166.5 0 19 8 565 275733.78125
1757.5 794.5 0 19 3 499 4105.18017578125
358.5 575.5 0 19 8 523 1534.6741943359375
817.5 1241.5 0 19 4 61 2729.939697265625
1868.5 2014.5 0 19 4 618 1574.7772216796875
1697.5 657.5 0 19 8 544 17510.34765625
676.5 184.5 0 19 8 455 18816.142578125
1931.5 1377.5 0 19 9 29 2614.521240234375
1113.5 1989.5 0 19 3 85 2518.665283203125
355.5 1304.5 0 19 8 737 6215.02099609375
757.5 904.5 0 19 3 781 3204.3291015625
280.5 154.5 0 19 6 174 3417.559814453125
659.5 1042.5 0 19 5 653 824.5572509765625
915.5 352.5 0 19 0 390 2749.502197265625
1834.5 617.5 0 19 6 690 2629.193115234375
1773.5 1552.5 0 19 2 9 2638.974365234375
2023.5 243.5 0 19 5 442 46170.00390625
