# Omage w H0
0.34517287216682874 -1.065697976536934 67.56847436502333
0.3219267060189472 -1.1214606306143258 69.86556994500606
0.21834114065751214 -1.6938050449823006 84.07383562720462
0.32627746908767963 -1.103881663072898 69.62711634313483
0.2935907843892562 -1.008996485418197 70.93337486141377
0.30764719609497615 -1.3033426395979475 72.1752486110926
0.20783626213199474 -1.393269619826609 85.79825871100401
0.17649076738001437 -1.9118821574868083 94.99999473067432
0.1678525692557452 -1.5325716601915587 91.58025977314465
0.2974406853938866 -1.9014125118653247 76.73986387500265
0.2956889885763305 -1.1745803998863587 71.68477620862373
0.2986120272154195 -1.3010234337663618 72.0104695462841
0.3555654407900756 -0.7535640089064783 64.08762614270856
0.2715664258363503 -0.953080933779089 71.83933094154084
0.28107753245861383 -1.1131669555543136 72.47776274018987
0.2766572267124508 -1.153848487411421 73.16165412622954
0.2581531824725251 -1.2864781275721573 77.08208624649035
0.1374733705872849 -1.386015587208728 94.99999470385856
0.2713355145149601 -0.8827350383954173 71.79986041456759
0.28233617287825047 -1.291130368327045 74.6147550037105
0.30265064657000523 -1.1435680203750902 71.18393186496975
0.3883818902114296 -0.8582926562951061 64.4705793783675
0.26215273288426244 -1.0035473792666074 74.07805003890678
0.2951033467834775 -0.9727689165511257 70.20253477552114
0.27822589057115926 -0.5000001709473919 66.16447169263957
0.3835324996781287 -0.7347952214403434 62.92999095120116
0.155150359708734 -1.5924590485497472 94.99932773564304
0.2489637453984611 -1.1908576183031325 76.67393702948527
0.325509496836421 -0.8959774925813095 67.09371891229391
0.26997831471932443 -1.4698082300729325 76.4849151443723
0.3475073481172096 -0.9482064764549117 66.74941833551291
0.2672644435634352 -1.2687498211391972 75.09036055567418
0.15802394459643146 -1.739714540234855 94.91889461749201
0.3280834164391078 -1.0860698718061574 69.91925171661464
0.3498249409372211 -0.8160400763190072 64.11919495089384
0.2601326327320532 -1.373554517278271 76.74455426660857
0.25327071751251123 -0.8130207162239698 73.16621555862451
0.33006771657645456 -0.8767352549871354 65.76253986811746
0.3348290273884277 -0.5000003621834138 62.95203083861282
0.3280164084199607 -1.0885101241647803 69.03446121522082
0.2581078443510391 -0.7331773434371812 72.19340218991536
0.23335717101367967 -1.5623331903340762 81.54794529745406
nan nan nan
0.2807169782314608 -0.9194692594135315 72.05968519855462
0.17080566115023726 -1.8324320405547156 94.04883166433773
0.30797874594039304 -1.0561359657569291 69.9862257199705
0.33074209951000905 -0.6704890770435235 65.20511704011231
0.25197029117426795 -1.250637257822799 76.36675420145852
0.2097218015878292 -1.3427758392533786 83.77779893400306
0.22510349132117638 -1.3948533363198632 80.3793486352939
0.370790618120353 -0.8055069427522435 65.10838614019248
0.4874595013386221 -0.500007567738584 56.75872430243645
0.3424548639365948 -1.058347796644024 67.12197710956532
0.23292779851543208 -1.5806500770249217 81.93475661008247
0.2849536155400097 -1.1258965044814386 72.80196712321585
0.3376314559687126 -0.9891660195104853 68.0483973793274
0.3038726932278966 -0.9823625141910196 69.18183892131405
0.32696560993577745 -0.5000030632312905 64.70659671809189
0.2510456584901704 -1.0539431717043268 77.00169824520816
0.28820384102650526 -1.0071774907826252 71.77311523072657
0.3642231259549902 -1.0066191263007271 66.43821518499436
0.25613532158126107 -1.2358643133895437 76.07560048362097
0.2186571410025022 -1.0842255936182739 81.24054578935989
0.3566573743209056 -1.1948655440372837 66.91599089515809
0.2612428842269763 -0.899001590610032 72.77176114228486
0.3036298687677428 -1.1950275030788526 70.93175499114109
0.4235190618506311 -0.5944160353213626 58.431120556401574
0.3827799747123017 -0.7455354527544719 60.8967520821939
0.18748126098125148 -1.6488062467836113 92.13495471373251
0.26054616440901124 -0.93291382579602 73.8801464369263
0.31403735363976626 -0.8136690693674262 68.12969905396947
0.2600337944787171 -0.8814555273106425 74.53198231498263
0.33118534005303757 -1.0548465459043088 68.28560704120017
0.37318428610307264 -0.5251702996498862 59.97232916250529
0.32558582910507217 -1.420908572765984 68.9677523258502
0.3584459990917548 -0.939504588938791 65.89433288511184
0.1812506495087905 -1.9999822293024372 92.22229106037358
0.3213390984897825 -0.7550650021669774 66.18162719966504
0.32810187842359084 -0.6930094564322382 64.33779382632214
0.3207911194991511 -1.0430467614449288 69.75132461536694
0.3173982712095122 -0.9105743830910515 68.61420899396786
0.5378816884437433 -0.5000026941871706 54.000125119880416
0.3226180497137597 -1.3869608537099034 69.68500508146933
0.17447570121278907 -1.9999416204448015 94.35348144994755
0.23105059159083727 -1.2107717015531982 77.99828229220644
0.4496790589560645 -0.737444780574619 58.41063133305979
0.32862846355361464 -1.0871032225041048 66.81480404550848
0.27877941101831494 -1.2656918734047182 74.65318459833665
0.16197207216406018 -1.7844414501394947 94.99898834161858
0.28145066312367795 -0.9589525949570549 71.48599098179113
0.3400667765423407 -0.7987535918396674 64.38867604405725
0.29946664851481536 -0.5623749500911082 65.39764152594061
0.31631196215297586 -1.1145065740302962 71.11440742241484
0.3046935449795347 -0.7442520216321096 68.00258706725133
0.475881387347616 -0.5392922168830209 55.34126656858893
0.2883862627234922 -0.8733548726351202 70.40237137314243
0.2997834129105013 -1.4104889781170664 73.21251097668154
0.34965598815632576 -1.2940527315634656 68.22473560302912
0.27508180536909105 -0.8890914439196373 70.09619938797451
0.3454706505186226 -0.936239255875194 66.87444094585818
0.17028188978120337 -1.8762527438659946 94.99971702175442
0.278997830197945 -0.8347174194956903 71.05588016861763
0.2964704411716968 -1.1942990479424256 71.7992306969161
0.2973815315458402 -0.8319000021858952 70.03608365946357
0.23018157747305779 -1.25029441564695 79.85441226636931
0.28284831033024593 -0.9616385391534794 70.81109086172346
0.34419405909274614 -0.7709273032498837 63.77612667259637
0.377766057665619 -0.7493833633194689 63.05096743602023
0.27561708179443795 -0.9644585434413884 71.5878986848592
0.29752990710840044 -0.8227611393163053 70.15576687963672
0.3038003358529241 -1.057788267721939 70.54200138595924
0.32272877187678256 -1.1901945936967155 69.62126272632354
0.23117823532955714 -1.4306296727332892 79.50879557390294
0.15703065298367963 -1.4388110184963097 94.99998434206128
0.1540458958179983 -1.6492693190679066 94.99999214163563
0.2611711469567977 -1.0015053694237317 73.79908872601594
0.20223511303706665 -1.054773321880394 83.34528974688267
0.2386761831552207 -1.0074509017270394 76.89991591412804
0.2735800664429904 -1.387197459185128 74.98432754303052
0.28724437078555826 -0.8376905784676282 70.97752596718124
0.3087262533002247 -1.235754970626459 69.71827219867436
0.35393784544944407 -0.8976326480709891 64.18744872048202
0.31489871565543337 -0.7717623626326737 67.59628297560403
0.18524919929343558 -1.9999972159108315 90.540932030702
0.23575437593991108 -1.274792872519246 79.47781581669847
nan nan nan
0.23409891823762521 -1.103007766464743 78.91468712068685
0.3363429518654692 -0.8478112887538442 67.62143281490084
0.2522956515476284 -1.0551032633456823 74.55963890827748
0.26994573049980325 -0.9923982574412648 71.4846035521529
0.29973090078075215 -0.7950090501792347 67.12117873679198
0.2580394851126546 -1.1553295865830815 75.29105656022598
0.21283490255965867 -1.3066079641139459 82.46264881630637
0.27651919774663375 -1.0109865651474454 73.27743698412695
0.30532319036163375 -0.9051876687087368 67.49896343636514
0.39188438567062206 -0.7739173998901946 62.90010440057227
0.277046922081732 -0.8493412386814604 71.6211362929101
0.32588346759851616 -1.0084624876126378 68.56416133203778
0.15959249781349255 -1.5620097846362893 94.99999854204438
0.2883818634621807 -1.0508683573878541 73.06859807532648
0.2087725368044682 -1.9246039810527444 87.82204184935357
0.1623396744513713 -1.4739662576682668 94.99999777669284
0.3488540902598347 -1.1400838375400155 67.5328592562853
0.2949320998127387 -1.0250496764680186 71.36688799878542
0.2373788827113344 -1.5443472314591185 80.34406096349358
0.28629236980270373 -1.1519660850756328 72.51280117430609
0.24531098845315238 -1.3320900738927943 76.33260235765498
0.2895329316536454 -0.8386961431559076 70.09375374647821
0.32966900821905404 -1.9999992029948779 73.03981251992417
0.32667159024078724 -1.0289302187814033 68.66564462476138
0.25189080034188727 -1.1031221770018327 75.99069736675467
0.2666919691789962 -0.9894104187548152 72.87558844581011
0.3131056521705688 -0.913020595762266 69.3455724135542
0.2892953457364247 -0.9618392494685468 70.52520829148526
0.31634201849643867 -0.9145015948052685 68.11333990722632
0.28724230945741025 -0.7941212193862365 70.04356313667665
0.31943638559212095 -1.0555038960605854 69.406878408855
0.2435558322288968 -1.361097394643714 77.29062160466358
0.28643456707175013 -1.1512757639250593 72.52221341947595
0.28240565480102386 -1.079911401525187 72.06323902454285
0.36371151292193815 -1.0900450463401048 66.27215897632605
0.30973839403519976 -0.76664477252746 68.48043859698157
0.23861319249309104 -1.4454716869405329 81.93135962316435
0.22590512205147328 -1.8446151569985159 82.1942555745415
0.19756781503135362 -1.3705366977371345 84.74386174432867
0.3041253047087582 -0.5917674100098982 66.57779414263834
0.27950926415380534 -1.1887504385178782 74.86173186719842
0.3113436582223807 -0.8656277825156489 69.12331146511791
0.33266408888124055 -0.7909023688841387 66.63861719509374
0.2653602452845027 -0.9640756872559842 72.78311292974547
0.2829848406752947 -1.0335976032792658 71.24583529425604
0.34159606334030196 -0.928513024335852 67.5585237392153
0.3151827892967116 -1.5999589157524514 71.45198953562608
0.3357596637731512 -1.035951764555835 69.93553183048347
0.351148958639701 -0.8173303238088594 66.69596371553034
0.21957377882603066 -1.2487070614520976 81.23514593387993
0.3161974400172428 -0.7088465347909076 65.81762356952665
0.2628629921250097 -1.3869219055296418 77.02753690305197
0.29377233953237114 -0.8435811535042695 69.57999482433459
0.22809956873175105 -1.4236011256144465 82.72647509249387
0.4271734815788442 -0.5000002609008576 57.556234933249534
0.3205282662860353 -0.8881567569160066 67.21534453451235
0.27467326289076854 -1.332423123849786 74.9072491274391
0.2830934806598999 -1.0321807144964001 72.94659867344738
0.19278533397016723 -1.9999972888351254 89.56783761194177
0.2975238264899798 -0.8715515383954554 68.58016309178255
0.3238432014749307 -0.8163168523866055 66.66457692770003
0.27869825553249533 -1.1379744417495552 72.70420043632853
0.2659959873764714 -0.9028257255220222 71.70973853574453
0.26210757050512706 -1.263784266316142 75.86176642568664
0.1771684920162683 -1.9999708111433507 91.9238899183439
0.27283475797748685 -0.9152489865749166 72.36874015714193
0.2742060165681872 -1.2060733785127582 74.25050471968297
0.2151225200727401 -1.1242318806612044 80.48006989611366
0.23853991538400332 -1.155625203468855 77.45039813516031
0.331943096272834 -0.6895144526795134 65.59049550266785
0.1743448216559718 -1.531602301250717 91.07552029554543
0.15716790345728165 -1.6152478414329634 94.99999202716936
0.3164516746110261 -0.7152842167681396 65.99077863708338
0.16470660421419317 -1.7851759575798885 94.99998292251469
0.2688636645043983 -1.3833275599332797 75.81102682245891
0.32487356548063717 -0.6166363667063952 64.34123128481967
0.3217575136124887 -1.1791347914882888 69.74908291621077
0.28129482640545506 -0.9252369362238283 72.39807570858459
0.32385874754727595 -0.725425260895398 66.61266620403848
0.2995860094848172 -1.9999995121541265 75.28664971858097
0.3174867429753351 -1.3032425245933652 69.12890773682135
0.391796155682277 -0.5000000476667862 58.92112771781523
0.3538299226387345 -0.5472291842830368 63.480109249481096
0.29480638352236477 -0.5000000754052673 63.786879591086524
0.31518320684181705 -0.9241105610453518 67.71850844105006
0.24932344323227068 -1.248268076517874 78.71223616699673
0.380223654450957 -0.5443891610105687 58.99111015853059
0.30900309192789205 -0.8744071929255357 68.80921174502608
0.4149757206902704 -0.6400214038232566 59.72716971515515
0.23370222439164903 -1.561443169875188 80.58687447987593
0.40881624825861534 -0.5000017886079928 58.12131624860072
0.33287783096750767 -0.9431806188270039 68.12558045495818
0.335942347136244 -0.8363998993500018 66.40793926426635
0.24401640057181528 -1.5894182164102841 80.00989081350164
0.24371079375874818 -1.1888796887813806 78.15187407507277
0.31863512322167836 -1.3349006407371669 72.20844232828472
0.31711340579751696 -1.0988157740483815 71.70822722031673
0.28145670444045906 -0.9756541749277488 71.78115250947847
0.24950903208877573 -0.954922080053049 75.77806347113193
0.23127768841683632 -1.1416085491022931 78.37465749733876
0.28135283372101333 -1.0727656165936348 71.56548519561106
0.3697427217212108 -0.5000017623194555 60.165060132197176
0.28945370105939017 -0.9042170074477281 69.9213940206288
0.32295749507837573 -0.8336399957816703 67.90163160367595
0.37543192943456427 -0.5000038930404669 61.16987214007835
0.24786804998517972 -1.9416062688739728 79.84242226022602
0.2295292993889452 -1.1697490239426154 79.0990741684766
0.4182103828055209 -0.6015168486874675 60.14305509249874
0.25742830504918585 -1.0348015665964532 74.42663188907594
0.19795448243911856 -1.1636622418015259 85.25453790648396
0.2671535368957777 -0.6584282041202534 68.9122071356528
0.2742164779552301 -1.0414787891533452 72.59456029366511
0.2827948649820616 -0.936930050052169 69.98822609516678
0.24564847359604267 -1.2092006840136307 77.33371316996407
0.22427770985815587 -1.4298756854644228 81.84601562055708
0.325993723298038 -0.9734163033679789 68.74865495608285
0.250782908812519 -1.194835312425633 74.41944232831355
0.1757129307182678 -1.8491594506513842 93.69834817522707
0.30995892920174667 -1.10633940684525 71.30096346038235
0.20055779250473907 -1.392059576711498 86.00621417416858
0.34558287158967926 -0.8181412285801396 65.0611952809736
0.2247692318013886 -1.8920863088162905 85.4620385823556
0.3121141726174735 -0.9981505843230611 68.43149070706818
0.3110348691116487 -1.4568546208702977 72.44363755068079
0.2776164611430667 -1.256420539035757 74.18171225880594
0.287289220064692 -1.1464275618590276 71.26936861299107
0.20657789174385519 -1.4705904262064322 83.6767719320426
0.16712949085385348 -1.8419821213323344 94.99982940892274
0.36476980096351297 -0.5000002128202998 60.84750747920537
0.3134972558081702 -1.0036166103410373 68.83853488926815
0.15125552368117842 -1.4917681804809086 94.99999863212275
0.17739562964696345 -1.9999989481576073 93.20726310827784
0.2406773186073846 -1.9999969751684725 82.03372176094045
0.2536022249576158 -1.2931295910420983 77.56424928814828
0.17568436819593133 -1.7818651380101291 89.60039785434172
0.2768263511536142 -0.989446721495601 70.93472801050065
0.3290878808693223 -0.9413208167438445 66.73001015032675
0.1632175107460521 -1.8181749923823458 94.99999872850306
0.34231768473606233 -0.8826109988397896 65.94016888588602
0.3443579746840774 -1.1331745775277255 67.12448517737906
0.16804139695618828 -1.6314578867806897 94.99974569780498
0.32215027067327634 -0.7911172138276851 66.8860248670689
0.21150785393682656 -1.4478334632845131 85.02412905202239
0.3988535958716294 -0.5000005189932636 58.92721372433522
0.2468256619581553 -0.9710528727974844 73.2337056040151
0.3029188572877575 -0.757959407281449 68.00369465972412
0.2693294696793788 -0.7842732371806732 69.4721023116137
0.2960910176563105 -0.9617201135824182 70.46406013390828
0.17754821728010778 -1.3089229060858707 87.18617955107685
0.3991119379841476 -0.7766067798598685 60.976029001619146
0.43482985282515996 -0.5231464853404444 58.067219314809414
0.16203761319563115 -1.7716418159019698 94.99999428307481
0.2606716637754369 -0.9533011634233002 73.64977094694375
0.36115804518209577 -0.6588862010923016 63.84602316890227
0.38684153695334755 -0.5000011512451848 59.20833638463275
0.44888313398541846 -0.5000009418569358 57.173422587788565
0.4513499549577159 -0.6769894826597987 58.57786336635801
0.3209811181914523 -0.9266514807557701 67.79306000934119
0.30957555884462257 -0.941483616483042 69.99547156587109
0.3619715449605255 -0.9587931071895848 64.5821710008726
0.36272382263667957 -0.5000007599487163 60.62269614410353
0.35298137197744156 -0.6085382304367093 63.11715879457367
0.1919091574743338 -1.6030217467894192 86.9185702260674
0.2457851051577688 -1.0303349512792859 75.78741313252529
0.2804550472020827 -1.2208695254263497 73.15834287887138
0.2492382621863134 -1.3595404432876232 78.31101426967425
0.2668055205521832 -0.720521036733836 70.09187274071978
0.35591434524347415 -0.816718926704772 64.09755607390031
0.21455024145897186 -1.4811406499351931 82.62842014302946
0.3485108294916782 -0.9040528688169414 65.503971066196
0.387353304565252 -0.820798417295574 62.787605300305344
0.2217653468215777 -1.3974349175505159 80.47076837351653
0.3443928586236597 -0.5443550321637826 61.85265197439554
0.3503051032280795 -0.564297689527826 63.586445790944786
0.2657283887025072 -1.432918772458149 76.61462613347467
0.2350589923177 -1.2254714652021141 78.60726986655489
0.2984136909034204 -1.9307002891881762 74.93106791862664
0.2048304092695574 -1.6682852677086366 86.889170951007
0.23685298805421473 -1.5001705889886345 80.83568515731177
0.278256308287277 -1.02719690514903 71.96487652088896
0.1925870782152667 -1.59953214310607 88.26747465490037
0.21888226893311888 -1.3031461209387838 81.19003538397664
0.34978501408178303 -0.7679029074107026 62.74409376339445
0.260138853392844 -1.29528866274649 76.13648016687816
0.17952517750936103 -1.2740558503699404 86.96563125526079
0.3467261171503805 -0.7421856601878082 64.3195932149891
0.2851799126263914 -1.114773238643941 73.13949002404173
0.22537042584631575 -1.9999966155186566 84.58279735152492
0.17416209353165638 -1.8550559372536415 92.53333741267863
0.2912446963391078 -0.7684671760754481 68.35294373515927
0.27386878986403856 -1.1539428763202182 72.48620340310637
0.25945952678035206 -1.6192158315115517 78.14260980473622
0.2824497294723171 -0.8826162538452935 69.61398387649832
0.36321455042335193 -0.9096684682475517 65.75805172417911
0.22205228327417154 -0.8850144826836865 76.43133870720025
0.27286778795735867 -1.434254404294305 75.00707838327216
0.3247498399404103 -0.7289058450591971 66.12459961179808
0.1549813198432091 -1.7650335904359236 94.9994966037432
0.24871243626830336 -1.039903069289442 75.20732424089314
0.3420866538102433 -0.7753464643871376 65.50177493895187
0.24434015088053962 -1.2113814323770757 76.99593117790954
0.258883977164171 -1.1257422032888607 76.01171334288291
0.39463977106682574 -0.7215323138024433 61.02373120435795
0.2869404691074371 -0.6437292327231631 67.58018009961582
0.2928593647232584 -1.0494257588458324 70.79114528573916
0.29289224181463197 -0.8051152412829595 69.07600467352486
0.2695541029896142 -0.7343046254487406 70.94271851756304
0.23033303120734397 -0.8680801725432795 77.23713007245686
0.1878093265506276 -1.4604322424465366 87.91080857017431
0.4206083607018993 -0.5714163201521701 59.24588870884603
0.28400832152699257 -0.923613842587575 71.92908119416376
0.2946892266841683 -1.2032643396190401 73.38533933577682
0.2818377129776207 -1.2081622214255912 74.41484224566288
0.2873572501656548 -0.9661737413128477 72.54949303457846
0.29841331935691673 -1.0979033350772032 73.02238578419542
0.28105086792171635 -1.460881282986422 75.43403115795999
0.3217372762231018 -1.1525215878392965 68.65286446739476
0.21941912036636982 -1.2085870149227953 81.68771446709962
0.2691796656404882 -1.0453252114038756 72.871083417423
0.16796090511691297 -1.6242954685003408 92.62058905700042
nan nan nan
0.28157635756783994 -0.9152097801225177 73.51482009502352
0.2013414717236937 -1.2935369686930447 85.10056540043973
0.26548394014604404 -1.063668637728453 72.49675366338981
0.2554922068400573 -1.415692037499721 77.78324268626343
0.39010486739981926 -0.5639326222717169 60.01544872496383
0.24711234550999703 -1.1797162847210947 76.99193698606435
0.21906635650664696 -1.9461933009208392 84.91999746159544
0.2668267161341192 -1.0854881404453567 73.97094455081078
0.28255010273996894 -0.9433616187932958 69.62537714981215
0.30732298605077524 -0.8293306049400009 68.12365560920989
0.3102224222574294 -1.0425057995486928 70.688383101792
0.2958002006467852 -0.8882900998177812 70.03625193979485
0.3290423543224772 -0.5000001736737317 63.77393573576143
0.2785738705263702 -1.4415080062737653 76.43315292822837
0.35579770307405817 -0.9342071280208086 66.52067745722671
0.16166231855261737 -1.7697804552137277 94.99991863287309
0.35315125973936257 -0.5000002675455175 60.20937969669022
0.2847459932277976 -1.0941779212068274 71.88517702012236
0.362311007343705 -0.6385580869815622 63.35301161051584
0.3338421591273754 -0.5000000839287637 61.64761851885186
0.27414803706358726 -1.7524077573726022 76.14457006444742
0.35477205023869385 -0.9002643434890039 66.34366731982786
0.39025052448212283 -1.073312153238922 64.41293864155946
0.24308081353217856 -1.4303277415522635 80.03284192076228
0.2322828751960825 -1.6070546585604641 81.42778181148475
0.2194432024925737 -1.6050925458063914 83.55926105060125
0.33735997276547075 -1.1721901972066808 68.05501387136684
0.29989906912197545 -1.0951999096131169 71.63423028746459
0.2066896125355957 -1.7477115982559017 85.55983912673359
0.30882865876879323 -1.1265414390774264 69.05047721605169
0.29910775296305514 -0.8876759486045628 70.63830089059876
0.2674832984843992 -1.0173582666593781 72.81640150015296
0.33258968585465015 -0.7980799857146216 66.70119120480786
0.16414275333643102 -1.6635682064651331 94.99884795079934
0.3052008712164881 -0.6512230252863571 66.44880628145715
0.19802874430933512 -1.4465857048730488 85.71902664653382
0.28341855487246337 -0.7777361864681205 69.25837881512108
0.25818128403988455 -0.9597247855747476 73.87515093080582
0.3177619363848007 -1.065807321164845 68.54553064041357
0.4056313565992121 -0.5927363122281228 60.323388498989885
0.2988395144460926 -1.257647579635418 71.46500048408754
0.2929307515462522 -1.1610128146437682 71.82385217386437
0.30252635598768535 -0.9999063357659811 70.93029430316535
0.29920593215258956 -0.8874621563118356 68.99288991744886
0.3727585423503438 -0.8067146093730296 64.30157166601371
0.37376650518727117 -0.5000016479897393 60.886988060071246
0.37779699814513035 -0.5000011767166813 59.66795105023428
0.17498283340291781 -1.858506189106916 94.9999714662171
0.2838925268683762 -1.0381221869436794 71.76609718967133
0.3107171262753661 -1.210619265537958 71.00927992182265
0.31084381920810483 -1.2566893733256432 71.18901121361422
0.15909873075169745 -1.8876357504728978 94.9999794925054
0.3150572512859322 -1.5015369577440252 72.50658816529665
0.35900857327298796 -0.9263229188185889 67.1912846360344
0.32189542018618555 -0.8961973876799381 67.96009962859624
0.28887204423693846 -1.0737149487192374 71.0251990461467
0.4069122892890521 -0.6792590462783703 60.48907920500198
0.31543983730014563 -0.6857865218275881 66.4790574453275
0.220278934236596 -1.1269511343288159 79.75258627022922
0.3103103980700501 -1.136583132700918 71.14949725768128
0.28097488049290037 -0.610813107288373 67.64064013513394
0.3070200414964897 -0.6267818616284998 67.9516288222206
0.340124321293106 -0.881465631036288 66.49375939821272
0.23095747553794194 -1.2706041009534566 80.29414208011428
0.28702547974281073 -0.8530295468587261 71.3002381786866
0.19014021754560137 -1.7577766606772824 89.05641228037581
0.2439397621586529 -1.428770161575209 78.52499264153684
0.22613627912152762 -0.9461174848279751 77.10831631660825
0.261188770994189 -0.894075202641023 73.41932902311791
0.3597496243156054 -0.5537026182218863 61.89544112169131
0.382160112499156 -0.9655045287414677 65.74702714486293
0.39773786806056166 -0.5000031099015556 61.48331197781788
0.26052874768154516 -1.0221323281525942 74.61483766104514
0.30756674906262516 -1.0362138538237873 69.87275294823888
0.26983473841933175 -0.9195572005978229 72.9140180346757
0.22082246310776038 -1.4662724796811668 83.2454608170264
0.3257753366079049 -1.1157653707184625 70.04851668611447
0.3494172607039907 -0.7853981531761307 65.10103095884621
0.29363827839496287 -0.9696161828564418 70.43003132377865
0.29259141527242655 -1.56023107377649 72.582258380563
0.309879304082618 -1.0304666300803476 69.62125428406202
0.3235291833676683 -0.8850832829485996 68.17209076761068
0.34354489636197344 -0.8951369060851361 66.75966360829428
0.35595359465925464 -1.2151433597610408 66.93224486368298
0.2763392030313095 -1.334201193456971 75.18381406087713
0.2065684336546814 -1.8171752212257608 86.88173923922457
0.3364909921630396 -1.0590600019395517 67.21796336140895
0.16738647792891734 -1.6831367245773756 94.99998625220715
0.18579127530677425 -1.4066093841004446 86.77868418543834
0.21690229242591094 -1.1352877820498004 81.2226518737402
0.15406529519805112 -1.6170018412087916 94.99999959408598
0.318390993789058 -0.7908419115406171 66.84853992885667
0.3160130543052021 -0.9283319880002511 68.61083516654719
0.25729412748287106 -1.0619187336002318 75.2668149765555
0.30286854716261924 -1.3694032591126997 72.18415052614502
0.17672486497890952 -1.6161661331471184 91.86654579496499
0.26716095378967364 -1.3003522652481565 76.33573812525022
0.2571040099768593 -0.7508586857247235 70.19072269495487
0.3556792159237177 -1.3714512531996985 67.35044197236125
0.30072715267960526 -0.7079804548743706 67.37293301259369
0.3734620182911858 -0.6015006607362489 62.1889551484782
0.28315330944447065 -1.0790948902543314 73.24830074164751
0.29091833200473566 -1.040549606638427 70.46718058404934
0.19392613978548975 -1.6881398994450674 87.82027199766048
0.25182685806617056 -1.9688288644545404 82.38914928094344
0.40904710265118494 -0.8150965629591761 62.78681371861167
0.23526082337418142 -1.163553217959906 78.63524824749362
0.3123341189815299 -1.298526337987921 70.65976763295575
0.3017021180401498 -0.9488649308147906 70.43817539938883
0.28574607682731035 -1.175080421781693 72.88831152149368
0.28133465597276563 -1.188679261712266 74.65399233999182
0.23947590477717254 -1.6931464653935513 80.33457805937981
0.24330367441581222 -1.207060196779836 75.84236818114475
0.2863573348204585 -1.2708682400870408 72.17261954269874
0.2845420075649822 -1.166862043658255 71.77764152678054
0.26911602856804645 -1.1893967400960923 74.1369715828011
0.1669410210852478 -1.9918083623676972 94.99999168517033
0.2757926413072939 -1.3313552216927502 75.1992641300557
0.35299334501996593 -1.0481402801128792 66.08400122107692
0.1775519724040593 -1.7756468924671083 92.41149942406955
0.34876347878362307 -1.0201274576172314 67.9533746173114
0.23714198714961046 -1.2683912130004986 78.86013830131331
0.37366837386464913 -0.7231426186891852 63.409871582919465
0.2940984592512705 -0.7192015385841896 65.75951933225922
0.3421320623407342 -0.720810826453389 64.48098995574871
0.2996070965688208 -0.9604561774157583 70.50340509654092
0.3273396376911182 -0.5000004159706916 64.87795288169994
0.38465392299741774 -0.9465340265764469 64.35388745343312
0.40124565967763165 -0.6481309554023964 60.33792784491171
0.20805983124939015 -1.629479015750615 84.79884413502549
0.2717933679553252 -0.8410771323490489 69.66376825156756
0.278171583075508 -1.0364991499386866 71.52829830419438
0.3664732876887734 -0.7408074599870668 63.933108384462095
0.23731349104425795 -1.4020271434215323 81.27443531794529
0.3352200309605809 -1.0021195858774434 66.61812937223102
0.38919606499731213 -0.500000014052781 59.69318099210757
0.4318323644389815 -0.5000001403397268 57.51459234773256
0.2133567989214176 -1.0686475587439477 79.97774882634532
0.2861536371883862 -1.0571670670115185 73.4944779149393
0.2643460170076784 -0.9386089921337615 71.24686201330111
0.29545055874076337 -1.051037081322572 70.8925704060294
0.17735778716311434 -1.861084336716103 94.81271151748845
0.32205532042443197 -1.1257685808627613 69.5789290953029
0.24573228896768948 -1.2905061281186656 78.00060372578606
0.2675514716782585 -1.0598095359331405 73.77876642889974
0.27660105298816146 -1.0201322406907196 72.10078612131551
0.29364147578280403 -1.043025828844091 69.59247533605013
0.3349251127836281 -1.0641028058787072 68.0574665294422
0.1997205538402275 -1.5858752300949182 86.3855375163298
0.291544779386462 -0.7125228710023204 67.4979755820303
0.22226213863507788 -1.0332380629535685 78.28139365044383
0.26518276622689096 -0.8993032513515403 73.41958789750059
0.27695189300211204 -1.1497663883024367 73.0074442578916
0.2765800134787843 -1.2526841677819847 75.01949612318693
0.32886023560484184 -1.142376893251911 69.26319084132916
0.3426313605262211 -0.9689719601879053 66.87826142689929
0.17126356517651922 -1.9384982844496277 94.99999927943236
0.24045438178845935 -1.17818545857206 77.9892367961184
0.2764869731807708 -1.2771767887037337 75.27379638750618
0.37277534779212906 -1.0352864487821762 65.80984293907719
0.27521222910094323 -1.3064419395425795 74.69025403180383
0.3670406746286488 -0.5000003896872207 61.19772511190951
0.3614378033687795 -0.9203624631299689 65.04098439119255
0.345313131642753 -1.0815588833041359 68.3169945454647
0.204218864172456 -1.4463692822322027 84.4146461086431
0.288883230935716 -0.9480478951859923 70.82734854856065
0.3277350635655928 -0.9106690562413895 67.46022218843507
0.27678195581300724 -0.9557032767830681 71.35224777532092
0.30933020475769735 -1.300465253699794 72.06361756914674
0.19471218790951714 -1.40747410392613 86.16395866690793
0.2501705310430679 -1.2581389179578901 76.19869204639477
0.2686729632893586 -1.0976097873099864 72.78411117010852
0.37602836453869193 -0.9826838860937726 65.23801236892768
0.16877775618721 -1.999998738246879 94.32287129905629
0.2553643601300366 -0.9344471989025569 73.30224371640206
0.19902187251277773 -1.6107493462746547 86.8063991540523
0.33729167984230585 -0.8123407043931705 65.5904771771055
0.27533463958774684 -1.282352895247854 75.39526062358917
0.26681951299429607 -0.9936820760487248 71.29154605038156
0.3100856199630151 -0.7916606622330459 68.82476856603213
0.3203149757783467 -0.9329562431475246 68.88783288368337
0.2995387825084282 -0.9302457502978267 70.0099191412456
0.2867090126217466 -1.9929763810973669 75.94572685708243
0.3362999548288634 -1.1061983782945712 69.12291652321676
0.23509379914256434 -1.3169492259757145 80.48529020194803
0.31535688632301573 -0.9478154864234057 68.33019571420486
0.18688183157840788 -1.9999955386225676 92.4692846228711
0.15909534989755944 -1.7906184165462449 94.99999781008883
0.23234552268106834 -1.120552320805241 77.92079786155605
0.1823769065404519 -1.9999998414484959 92.38127176861808
0.20602872758808605 -1.9999997438446862 85.81384411057876
0.32166238729332447 -1.1009248117072394 69.55690428830218
0.1641755439016261 -1.8045602277846977 94.99994803861382
0.32221112389002504 -0.5000005541417133 62.325353629242535
0.2597714542420826 -1.353557348488876 78.18037881753514
0.2756586655359034 -1.1355072707975424 74.89809686372703
0.17398421089586788 -1.8768816356354716 94.99998789250942
0.46474545434709524 -0.5000009142937601 56.088237686995384
0.30307328627064645 -0.694729476768954 64.80689301782446
0.2861647838661544 -1.207123597204148 72.15845357683372
0.1947266286990965 -1.2977010769778383 85.40685825861799
0.35431581888328884 -0.8616000044476021 65.97140068245615
0.40193599327825036 -0.6208997750968339 59.10949573548194
0.31312290694546363 -0.9297033314061891 68.45612986246861
0.26852795586412553 -1.3012582254139726 74.34791518630415
0.28610761693468756 -0.9431808271685399 72.1835411823276
0.19481560787975447 -1.7877325304572749 90.50901143435456
0.20345455825299733 -0.9156470413430501 78.92208243928864
0.31006505929286404 -0.8862844775582864 68.59436268219139
0.2574819769754093 -1.4890573558181663 78.8923863676656
0.2710448443086849 -0.7898737953502468 70.49866409524111
0.31631331529994505 -0.7432556466175888 65.82183809961455
0.3511646054493088 -0.9018061031016471 65.81392242328845
0.332857309022049 -0.8562849155129327 67.47142104057036
0.4887982985861709 -0.5000057583952646 56.565053346869654
0.33863208539415046 -0.989203024130361 67.47811559658935
0.28131063455512745 -0.9733911803700357 72.20315381087761
0.5081679062365649 -0.5000008737813828 54.191244403127584
0.26818812460734087 -1.4672818347080816 75.52761450685638
0.2877167064093524 -1.567397778750887 75.65170800572697
0.33787331158815864 -0.9116201869155469 67.1137091213113
0.26664296233256807 -1.3468679398183714 76.4157755048197
0.40880425055421116 -0.8976681289628573 62.19458704994318
0.3193746044547204 -0.7510149775837268 66.55014673524862
0.29103782081557733 -1.2656245021643222 73.61714098221644
0.2894679693830122 -0.5627410352046014 67.03070384041527
0.14979222446387325 -1.5776467277880712 94.99999931018392
0.30887596158509667 -0.9943574353981313 69.78215396737086
0.2774847190863747 -1.4580196775381447 74.44725940883376
0.17176475545175315 -1.8341018667341433 92.77888819152825
0.28240911815842756 -1.4825083754542037 73.30988089924878
0.25702433132379165 -1.4362160857021515 76.48644804758867
0.25453185797913574 -1.2864637824929788 78.25745747450726
0.2762189374298075 -0.6654720044123669 67.53915489108438
0.2879445812759435 -1.0567624897627659 72.15591195430234
0.25372878523112896 -0.6853576482206031 69.77941409424635
0.3218920272077638 -1.3075774728576592 70.64928566744939
0.21480117695800466 -1.9999975360476074 85.35523687290451
0.21956404739315888 -1.378713218579089 82.82526495724709
0.35691622863568906 -1.0221782531805563 66.71491062866419
0.3663882204010275 -0.7071255924600519 62.44073674504582
0.24953417913364281 -1.0782228198097579 75.88229468686306
0.1841185234241169 -1.9999990131580931 91.62280211740983
0.2260137289816791 -0.9720285802497342 76.03094848200742
0.3036649354008315 -1.1561138458401565 71.13836779942213
0.29806466252835484 -0.9821487890951461 70.00487662724359
0.26990609412869226 -1.773775921276629 79.26244672883088
0.18086823876321273 -1.627032849159699 90.5450186477162
0.16697396904908368 -1.7324093622245877 94.99999693505285
0.22006515677795396 -1.6788983600570095 84.47026829713417
0.20124054269767538 -1.9999407609361768 90.243416182551
0.29212406036151833 -1.3671167770608468 72.20713405843428
0.3016415777260495 -1.045976287136024 69.8630519721753
0.46738501688930306 -0.5000035688267589 57.300731107515716
0.29635285396565975 -1.0584267097915723 71.42878992384139
0.35598307801270396 -0.5338759610454558 62.340786904939286
0.27009055058498244 -1.3165400645033467 76.95860969409162
0.2790857938362697 -1.2881827598160263 73.2519358586486
0.24428103241989207 -0.9751475337488831 73.69316373590858
0.2794855211299223 -1.0947100730990633 75.33579496693119
0.3412500198902662 -1.033228971602531 67.85635083550214
0.22599956479254296 -1.367782275052233 81.96090571416073
0.26479772990469935 -1.435358279365951 75.18468477576911
0.22404122999124113 -1.5212038540669888 83.26405119737713
0.3045945391127939 -0.8808969030943078 69.72858643711021
0.2977715322785895 -1.3426436632069778 72.41973190499237
0.18138421196170912 -1.6176979154194573 89.21199158206224
0.2385560347338512 -0.9923072989236333 75.54827880086432
0.3926864950324966 -0.5000009121198123 58.5680513825975
0.17488318426033653 -1.9999972761265346 93.89012641903848
0.27734937079032945 -1.2616763283219858 73.33230997904515
0.2546510747472184 -1.0637244770761893 73.9419866323956
0.3068269308996316 -1.6752744255250758 72.83149477718035
0.30362989971411625 -0.7024882107160713 68.91485122020849
0.402641115081553 -0.8419395642174122 61.82090132565884
0.1788821183056362 -1.254385233923824 86.84886855196851
0.44103464606531095 -0.5000003657073202 57.582500058241756
0.23228321187205916 -1.2323203606135738 79.13022408364945
0.17053205905865168 -1.9917407268337248 94.99999922338147
0.26950842762986665 -1.5624252483365026 74.63844058376029
0.3093601258392563 -0.8702323279222325 67.853604411405
0.22089092170835475 -1.651940285517308 84.35646216792911
0.272227549836488 -1.1224313501752627 73.89515565118032
0.33181786261047125 -0.8184883362455331 66.0615225616188
0.15835028340037768 -1.6185794970692509 94.99999895271276
0.39275707439989277 -0.5000010428600286 59.316279858628526
0.3023037845220685 -0.862635018473109 68.13159467287981
0.35367224523629087 -1.0562385850610367 68.80776368472608
0.2600743561655067 -1.2979526800456227 75.95763070376141
0.33505357939252317 -0.7889224364148363 67.42169700790954
0.1833267012816037 -1.9999986447770806 93.41365435822766
0.25850113961341736 -0.9305397080073193 72.56701955316824
0.2890089334439051 -1.211222542637351 72.93682710081747
0.27981883479293246 -0.9824414689734862 71.28572238131915
0.3173140489492692 -0.7423423778089002 67.43078670119851
0.27861506509918066 -0.9379915363938051 72.53206683407456
0.29636377623771165 -1.4503197403392984 73.4840879922806
0.3645013265105573 -0.6067398481114282 63.49589390828602
0.3084032707132588 -0.9825967230469018 68.75165597566507
0.26546082321468045 -1.101233820992284 74.08513140901218
0.27292101800109053 -1.2751335337224232 74.88023897562186
0.3968433745647336 -0.5660313296175448 60.001044195888866
0.3838174601340732 -0.9011244129301933 62.61688706464644
0.31765082317768617 -0.8442293780950229 68.06508226693765
0.22063735112256416 -1.4565898972078497 85.18479411802547
0.31326757268428396 -0.5711487295103942 64.661973689099
0.23297306283127112 -1.4717223623322644 83.39324467287202
0.15338419705400758 -1.3833363163703227 93.44903416956824
0.18726560587947993 -1.4754977535206404 87.62055246508743
0.22480893947874125 -1.2810727064384761 79.46826237340531
0.2832704571390266 -0.9862172587725547 71.70718476850816
0.1566176883539091 -1.8219954600128894 94.99999853109789
0.31632968176034343 -1.0683092060233157 69.19871143941845
0.4391684465934502 -0.6377603800627235 57.902289748403454
0.364136202726463 -1.0435458794827372 65.79765168972398
0.3612184357711602 -0.8911659498261956 64.90433554061984
0.38985026268571177 -1.1205126773276703 65.11264738529403
0.25343406283033654 -1.4230214181324015 77.06868368594309
0.2999916697789687 -1.0627230763628583 70.48722666498875
0.28673175486259816 -1.050829501783965 70.15099914216142
0.3239951879034547 -0.9394777981089856 69.43966136800577
0.1639566731485966 -1.8392114498927026 94.99934330361413
0.28988922860604355 -1.660526982401283 75.64329940932556
0.346532079670766 -0.5000000045148191 62.47363862105076
0.43570299197774714 -0.5000003896514381 56.74771160951775
0.17018058844849596 -1.7187957769711983 94.99997285548318
0.3333509217743821 -0.8118714531256435 65.27706647004909
0.33245741185779765 -0.9004923760294992 67.81943296564592
0.30930063423733895 -1.4190473426663335 71.1314511418711
0.2506995636821127 -1.1244204909303561 77.99207564010237
0.3078971580512158 -1.1411564406751435 71.48809584189836
0.28622460069312444 -0.6948024988469672 69.20826041141845
0.2957490436972068 -1.289456440641735 72.21666924934938
0.31996517567848215 -0.9067891208429398 66.30130558761218
0.24614140767680798 -0.9223918816172613 73.78600616562225
0.36561302635173365 -0.5000004771021309 60.129691607064956
0.3896646525443973 -0.6479030079650664 62.48082533353565
0.3756602096139333 -0.9991097591409769 65.58081843978283
0.26167331517775405 -0.9347073645620448 70.98776038105727
0.25094545224590176 -1.4368348407434575 77.76278164823752
0.2784068655053001 -1.53918841056908 75.0998457464887
0.15884770097911416 -1.6827532746394267 94.99999733774857
0.20723006986460613 -1.9999735222787096 88.55476518919077
0.34526400140211416 -0.5000044173827114 61.648684078692845
0.24571806875023844 -1.7460763419713334 80.32190132737237
0.2599884020515344 -1.4035843835255544 77.57857094497486
0.16014538608461767 -1.6254211955316624 94.99999453243326
0.20303266958946337 -1.9999907526076417 90.33123555369164
0.3002364104821565 -0.8567083593591388 69.2112331570198
0.3209536651060537 -1.2974639047441505 69.0522688092738
0.3862394142551153 -0.6101543978959112 60.009991556285925
0.27753085313598164 -0.9434610921653992 71.70097480457162
0.2578196699828328 -1.1883922411020442 76.12358976122671
0.31817616417881056 -1.0871614103519045 70.13759663410929
0.33661141583899623 -0.8868993611247321 66.07442526677166
0.2201043608357544 -1.6501693746248691 84.661942807945
0.31844540227984863 -0.8063026799038603 66.51348323797643
0.25384290399457043 -0.9455054076246945 74.17630476618086
0.165351364522122 -1.6894229153628908 94.99999924765346
0.3447764314367858 -0.6703786977770902 64.74954862441209
0.36487378611705334 -0.7039681696119227 64.27978646662808
0.28627461592447834 -0.9993120138599304 72.67427792339032
0.24967789336358795 -1.2262976574570894 76.41026386742541
0.39925991198174243 -0.8503618655253854 62.656260961977814
0.28035029879049495 -1.0685230109213137 72.38843213292675
0.2958752677610263 -0.7638142270383255 68.93352518785724
0.27889398474149485 -1.464841876079893 75.42739313361692
0.19340584134165076 -1.1222811379613247 84.34562433494881
0.23896156579284422 -1.1279495394753358 77.41086120718542
0.1701467397724802 -1.7245883749294613 94.99999987488155
0.3382385884019507 -1.1857536068099739 69.8256423121936
0.19254361533043127 -1.99444259147782 91.85137173600934
0.22301487402302353 -1.6015155309367985 82.66443308509051
0.2875615483545878 -0.7728100696546099 69.17616628490072
0.2970083317446785 -1.1744733713944617 71.88291053327593
0.32117960583853195 -0.8936779575202758 69.35816142193143
0.24611690861567376 -1.3686964074930184 79.01715753116387
0.2903573485458628 -1.1800794592379462 71.37445900349475
0.258865108944628 -0.8919727481235276 73.68744864860973
0.16635715847290006 -1.9606020352934241 94.99999872565643
0.29433095281602767 -0.9920585287660998 70.02766066552354
0.2818911999831527 -1.0363179350770995 73.39163902288492
0.24316377850755086 -1.0180782746699963 76.58954069236603
0.1970545930831806 -1.368303524251776 86.52784653985645
0.34489159547829695 -1.1230224476726511 68.29073885902092
0.31257750571389153 -1.0681979012282505 69.98842119630255
0.2102057422317974 -1.9999955516051995 87.57774236438715
0.43154613043268325 -0.5000704910956029 57.61660683667245
0.27178510573960624 -0.9840487158258376 72.52577669414426
0.2088538621009882 -1.3983503484611217 85.63741105791078
0.33601643398708986 -1.1914393847868323 67.79374066578612
0.37858244174402844 -0.9040423413052561 65.00324186210506
0.2132581755147045 -1.9999936581648647 88.54525243521402
0.4391181617279591 -0.8424219567730553 60.07052513632009
0.2895304997637046 -1.0636569846695116 71.09295014422136
0.2627023353513558 -1.5533706012398694 77.25597607123757
0.3166303949915538 -1.1569436417159233 70.21771920813809
0.3155288626001266 -0.5000011015095387 65.08059430963469
0.24243315991009806 -1.3620618865796532 80.91553405395227
0.2907589631468223 -1.0880595425962296 71.93480142444676
0.30653039957993977 -1.0388578882273112 70.78477968830653
0.17364397152824787 -1.9650558292007008 94.99999740112835
0.267135524587523 -0.956194731588906 73.57208999438949
0.29332693117253184 -0.8767321432670135 70.03778393782859
0.21878467414868474 -1.6381146555866828 84.5617957132165
0.3533894061001342 -0.5000044415244891 62.01358847204027
0.32228068567894486 -1.2306770971432905 68.73208846695542
0.3494593236558835 -0.5000088783045229 60.347294269936874
0.3940784961424548 -0.5966356672460896 60.35704046863557
0.3131479186424933 -1.3602927853504025 70.13435780447246
0.29377569287175564 -1.5790102190869382 74.5072457855118
0.3813340793598917 -0.8896485924524391 64.13650592972373
0.2800908862338142 -1.7266153781905478 75.33751173812425
0.2715676298905912 -1.2219322234047578 76.4647953455625
0.37137371310151823 -0.6108197103274532 62.55768908154757
0.3157657447330489 -0.9322082025161486 69.15947445123498
0.2875380109686649 -1.3499045633415712 73.89741062591274
0.28550923590493993 -0.8122215390901234 69.08033746109822
0.2070360359641206 -1.2674331963308927 82.84248822526757
0.281822350611833 -0.6634586039634016 67.72480502156792
0.20263674124234862 -1.4519119881169649 84.30079628303284
0.3074743390720217 -0.5000040012997415 63.863488686935675
0.33243409744071556 -0.9484870884008552 66.8678514098781
0.27358592182850394 -0.9699915315011536 72.52126440151625
0.35811088102434485 -0.8254405901412861 64.89124646945399
0.3350567232705276 -0.8184570034528381 67.2302858028944
0.21143512550165977 -1.5860859397172709 85.08064791215159
0.35733588506908626 -1.1435455226508326 67.53591979024782
0.30790004944257265 -0.8600828177730279 67.8723036882195
0.27580606128030616 -0.7646643078757956 71.0046420565489
0.17922657524356905 -1.757714395007358 91.9140168619865
0.41552223738492045 -0.5000018235404393 57.43240218241166
0.306879771708135 -1.4933438595249389 71.84002115189868
0.39667220673168285 -1.2215426468072255 65.61681085160531
0.26281334576788895 -1.0501600889949154 74.0045131944242
0.2102544624885896 -1.6871777208956809 86.66536063248616
0.2935448068640504 -0.9687596128488714 72.20774137114164
0.36225784701460506 -0.648623270989287 62.29660914677522
0.2864898535237132 -0.8833561861100344 70.91784607790879
0.25315763695055366 -1.2182417983165512 78.8375986384337
0.28656463421709105 -1.3438544231171543 72.90134620332678
0.32407699889273844 -0.8528771667386862 66.36942548658816
0.29785891899278294 -0.983096970997148 69.85978586535074
0.32