# Omage w H0
0.32008475506192113 -0.8919225128262752 66.87557042993846
0.22766918754986773 -1.1743404060520775 79.32238723868058
0.14787302180656794 -1.4712013355766216 94.99999875142416
0.30918031118927275 -0.5000003484338144 63.3460672392708
0.2315246537233598 -0.8500865064347047 74.12245337488054
0.38420011124324693 -0.5000007479100407 59.85061404424966
0.24861044511870772 -0.7342178436525273 71.6182449728858
0.2533329045511324 -1.101764705329566 74.81979249792559
0.2598296022513914 -0.500000069103084 64.60005912919875
0.2181423925053833 -1.6829604268569087 80.25612530453245
0.4016114790533106 -0.5000001065655209 56.892899287398784
0.15640878496453695 -1.8309542749148944 94.99999863089798
0.1434945692415707 -1.450952682507583 94.99899029800154
0.25862192759073216 -0.5000019088524937 66.17743531468749
0.1537439824571602 -1.720412978128358 94.99991023777679
0.29574336224836867 -1.33147052293443 72.57100587958882
0.3122063041630234 -0.6342396256772833 64.6735330827705
0.1951124238756406 -1.1716930105977212 80.96520791063193
0.3322718435605935 -0.5000001594747788 63.87933510315473
0.2351634606233886 -1.5669676309872218 80.6933406184121
0.16214683625332177 -1.9813982093515792 94.99999988650127
0.2704052576808804 -0.9359820854281281 72.03623656993864
0.18576580723373085 -1.600306990728897 86.71587147891658
0.3474058363581266 -0.7109780561176529 62.75415762266999
0.24750028957370632 -1.1002824325136626 74.96999281086973
0.3359232011529212 -0.6092420442024905 64.0897618769473
0.21834578502665433 -1.3062217151712057 81.19353881540803
0.20542486631857104 -1.9999998714596954 87.31314380888203
0.15347133986095501 -1.4082846355675616 94.99994409084137
0.3167544849713715 -0.5000000635354317 60.55579850672799
0.2505727370536471 -0.63733547316632 70.99813468540754
0.3380370321462496 -0.8105186413985123 66.21233976947487
0.13586632075219668 -1.2970564731361802 94.99999208808518
0.3204296153582285 -0.9887116990626856 70.0808841559707
0.29339780172989277 -1.427363632210708 71.9106051217688
0.27325809536672074 -1.0342900645010642 73.46093896392534
0.2655921486926479 -0.971694293664364 72.8406051854611
0.2795568067557632 -1.0157315233761732 70.26122889032192
0.3194807579469594 -0.5000001678813468 64.64440683250534
0.35413976961331567 -0.5000004936874018 60.8677162934713
0.25910050991463285 -1.1843927732754407 74.0821727867355
0.28044039090090855 -1.2317058065173332 72.5111606701501
0.30090813937558447 -0.6823921836943492 65.98917955407454
0.2624182059924706 -0.5000000348935976 65.1492052152249
0.3190961834190612 -0.5000004141463796 62.694978827423114
0.26567578802395314 -1.0388161754473246 73.04767575028136
0.207250797382173 -1.3750285440929066 83.24822689895782
0.15627194433802924 -1.679026583899764 94.99999945849721
0.15759412164088585 -1.7362909154558552 94.99983050026717
0.26099420824353914 -0.9869647336699313 72.89318084123289
0.4087941542400921 -0.5000024816874475 59.19686257969155
0.348573714404788 -0.5000004744098488 59.54717738069201
0.2828817206496373 -1.6420803496647651 74.01729136348884
0.14044877202850173 -1.5881611650737237 94.99998378576431
0.2689971444126181 -0.7143765541185952 69.61320524990121
0.32399068385049656 -1.0130978011644929 68.15715582361416
0.3665317460568123 -0.9063309704016638 62.82289588450547
0.17730445104218512 -1.9999733549861687 93.38063019582874
0.3524159159915168 -0.6399081584384915 62.5332753392387
0.3732678633164958 -0.500001257113654 59.8208334841838
0.2616271094551934 -1.2287814266772024 74.41172673300541
0.26199603584521536 -1.2604255645318168 75.41546328984965
0.17018211482120746 -1.8880427435197071 94.99997664429739
0.34637293765051747 -0.5000016091591098 61.39652700158581
0.2354279977192015 -1.4632657605005506 79.41354284913541
0.3578004848338643 -0.5000003663364018 60.908138942952824
0.2716919184745074 -1.3384223000795477 72.29071434860575
0.3445739651814603 -0.5000008522135857 59.70634071533029
0.24003523916822794 -1.0377800904725745 73.65651024308826
0.1639168025678939 -1.5720001545214377 94.99999426218928
0.26521853848861077 -1.1341489621329608 74.39680255139683
0.1661371447631729 -1.9831312765566054 94.99997209556126
0.19626893499622108 -1.6940111476464563 84.69343322751287
0.2958725236298849 -0.7900974394578281 67.36222415735674
0.27444323745956634 -0.9294389980630691 71.33406841799695
0.20037093767473158 -1.4804878346299712 84.14480893394554
0.17435676489799426 -1.4385173300317915 88.49041406300498
0.2897890043478607 -1.4999588549415308 72.03275836056453
0.14850321629378896 -1.6966110097132263 94.99999926364379
0.322653909862993 -0.5345016456295939 62.936043749140296
0.24773039375755176 -1.3637811089720053 76.61266106142469
0.16017897992267802 -1.4914884111707385 91.35218162493192
0.2798447254325852 -0.9413761421454963 70.1447132483455
0.22256503925251273 -1.9990267194081277 84.78413333204088
0.16336870014515742 -1.8507194368373248 94.99999988975372
0.14344751696106528 -1.4292100201229823 94.99998560900305
0.31229952949600637 -1.158261123968801 70.57060171167353
0.2748172868247811 -1.576631965797767 76.98988097732476
0.41431192836326397 -0.5000004021507797 58.05058467687904
0.36566883798710814 -1.024047077777714 65.98942354532826
0.1806434693099808 -1.9999971222351909 92.11886547509434
0.27013269911639176 -1.060986987319077 72.42049420953538
0.3036951773107345 -1.0394077122624683 70.55986905241464
0.23182503821875108 -1.2860991346214696 78.78776101452742
0.19197693748691314 -1.269692855621312 87.26169352341746
0.26881487071088195 -0.542400308964804 69.0818453729162
0.27819984239084655 -0.5000000459784845 64.28553824161183
0.15412736571897545 -1.7678334270653804 94.99999969526202
0.15105662123486904 -1.3335820338958444 94.99999902653741
0.3050236233481984 -1.5576585827751732 73.01809614515362
0.15507766661539435 -1.5372830644225328 94.99999884084643
0.34905993411562386 -0.5000027393809945 60.31135215812779
0.24792378559059883 -1.090852250369688 76.73134601695851
0.17211813551998778 -1.6166881349431754 94.99974258580541
0.3473259149415197 -0.5000000288827772 60.455949679768395
0.1926564133299115 -1.224874288005227 80.66026057913076
0.3808874218943536 -0.5000019873899825 59.339102483807224
0.36628432710511377 -0.8718032886103084 64.8324083423669
0.1518570075094343 -1.5261440719749493 94.9999982826865
0.16246165271387739 -1.979728883763129 94.9999795562484
0.2505779923420835 -1.1963065212575514 76.32694467942109
0.2817709771857169 -0.50000029619607 66.41724466072172
0.3150517257572866 -1.3907569287691621 71.56645206837449
0.2369673622553141 -1.210437851746216 76.95934020261811
0.27622992267614194 -0.500000159011878 64.14916066861223
0.30020090184682313 -0.710214686194163 67.71474603874145
0.2363847271736723 -1.073132782628129 77.29583387025497
0.19100996048153618 -1.52514997367204 86.6709663198376
0.27377021026674 -0.5000009663923692 67.11756709803359
0.16230183908877038 -1.8772979463623145 94.99963409258353
0.25290257598046434 -0.7563510452900046 74.10251183858216
0.20002917344727122 -1.7507302174048316 85.12172415430226
0.3332039552554891 -0.7700944276782383 66.32969573873281
0.27101592010858366 -0.5000025135913428 65.7573764777981
0.2725950707482651 -0.50000024394202 64.96364760159274
0.2087108932441311 -1.8223009188625094 86.2575181482852
0.24221759445649102 -1.030350708157781 76.3765756384332
0.164444216756403 -1.779524441257895 94.99999964259354
0.19352812245500037 -1.4642489267077108 86.54976277104426
0.1860749769445026 -1.9999958925830856 90.38949627946167
0.29265627550336665 -0.9321452953561139 68.3526480197904
0.164177381853661 -1.793344497106481 94.9999926792813
0.29987282575883084 -1.1066576149228011 69.43712159608029
0.23990109666947262 -0.843967604317262 73.33559368952331
0.28105030156571265 -1.160136722759248 73.53202685585532
0.28487847261136773 -1.238973772926356 72.46513044072604
0.3780422867654611 -0.5000030429421368 60.93642060207497
0.3343497195351639 -0.5000023570871648 62.758797932874835
0.3294650335569768 -0.5000001812788415 62.884762418090126
0.15394307667116525 -1.5753490189858772 94.99999831583462
0.2509960775264204 -1.0528501955146254 74.90789324122612
0.3129775237710506 -0.5000002707293215 63.80622933526296
0.15102147551202275 -1.70859073016132 94.99999954387472
0.1559960855949924 -1.4630726395566522 94.9999741846895
0.3724755069914033 -0.5000000730992272 60.68295063963782
0.14442035934069308 -1.6217385981366472 94.9999969309763
0.28738259383099213 -1.1003363260677794 73.54886325816301
0.3753521530279941 -0.5000089542807149 59.900912802441056
0.22308743942958487 -1.0275956112383975 79.80099752374186
0.29139196219311647 -0.5000005038852531 65.76895870994707
0.26500240131669167 -1.0617878839930979 71.78481944483174
0.15656072892818676 -1.6995500331475506 94.9999897911373
0.312209692253666 -0.5000003581047726 61.391356064561876
0.3498945047594038 -0.5239021933637471 62.842001121768405
0.2503903896952173 -0.6749902367644119 69.07889762950657
0.25880735075432887 -1.2110511568662508 71.79508883488609
0.2526584053713619 -1.1625784118459705 78.05670566627343
0.15441945707256957 -1.3927842753545643 94.99967316157476
0.3325530812820311 -0.9489219482260897 68.73120813133387
0.2928858954932597 -1.3264200710141416 71.88639521752552
0.26782282816749386 -0.5000044874935271 68.48889338605463
0.22776241109451778 -1.0305781762476434 76.45951918722066
0.15004332600376175 -1.3364720541477062 94.9999226717822
0.22873831073330778 -1.4039603213795986 81.93083375337085
0.22247174632685005 -1.28908022979867 79.63553548080479
0.1606348742338148 -1.925731412279271 94.99985815880808
0.32173921569507224 -0.732560517422166 67.41119298885431
0.35697418661772135 -0.5000020202483973 60.22130096903415
0.2783384423326689 -1.1809395027897294 73.66872648440805
0.280655382809822 -1.0580925023361154 73.00285663810156
0.31553153320114924 -1.22194820372887 69.1965230083946
0.148235794526067 -1.68033633832148 94.9999995053516
0.276351291138156 -0.9361778521341871 73.87419978152238
0.34691133660031215 -0.6942506435212682 64.9292414760957
0.19987574430164162 -1.4905252697690408 84.49860666751779
0.23632417417386425 -1.6504771665541706 80.22639857848186
0.25256831319280276 -1.2792923856014224 74.70672604880458
0.2571739800484005 -0.909647182299088 71.90236294756083
0.1549982361484637 -1.6049627158763708 94.9999749531915
0.37162026092998557 -0.500001349783903 60.57468171281213
0.3409085746058044 -0.5000008139619257 61.67672751598057
0.1430527860094487 -1.7801179689191342 94.99984991560893
0.33213447826121645 -1.3966790443195987 69.92035099777641
0.2591033772963659 -0.5000031752159033 65.23524739869347
0.30962431053918565 -0.5000003673005194 63.11518017363501
0.37890953287924684 -0.7861988687315883 63.69532611216022
0.17436031326203605 -1.9999956966710573 93.7105904088353
0.21622172959982924 -1.097496219228517 79.70185069163986
0.302531637906048 -1.4177399658565055 73.15829633632293
0.35445285923341296 -0.5000020245600498 60.272945285996705
0.23102249045736564 -0.8174173900037272 74.33181032181322
0.2778332947909013 -0.8817478608119981 71.60685295555243
0.2712903665629717 -1.4856117907560098 74.88418312067427
0.27787675987212335 -0.6161290692968933 65.89144166926813
0.20345821395841665 -1.9999939438443723 85.46221459809531
0.27100368697870003 -1.3363592227502787 74.53621262203932
0.17939173478333736 -1.069498419016358 84.06268030467169
0.33498376830471677 -1.2248621703424742 68.83382044313316
0.2861546951855644 -0.7302201512461772 68.25239433082126
0.21438550550489108 -1.9999996127200181 86.10371172345224
0.24583337950608392 -0.9826759008415477 74.50899884962344
0.1517260997907551 -1.8096566323034817 94.99998689165768
0.2669573701055543 -1.6771653058040497 75.6503467780624
0.2228190959947626 -1.3505907089898121 80.66602948590122
0.24136362836033512 -1.2188448339552969 78.63929795946277
0.1950103826341114 -1.3819249638470834 82.86278381016513
0.31990740767117065 -1.0856512293495617 70.08073677431764
0.47157444892576533 -0.5000002677037607 56.57012288633323
0.2556207731393263 -1.0075106792918787 75.94136040634334
0.2581570965387413 -1.6614311768564431 76.33823695355824
0.15422012456579426 -1.3544084781454375 91.4842024046735
0.3494240006009428 -0.5000022779148693 61.26402183904581
0.2909749979041696 -0.633530908905368 66.18037488214956
0.3431685515430672 -0.8386273158450205 66.79015232370529
0.3445738737004721 -0.5000008240739233 60.12295605418936
0.26074724415669237 -0.5881717941992336 66.98519323633143
0.15691363912113665 -1.7831201904928558 94.18512464750191
0.35313790258096595 -1.559147226073485 69.5723691546464
0.278711420543189 -0.971411940524704 71.65790735111314
0.21408728346684777 -1.454873222505419 81.37271794907498
0.39026488868220194 -0.5000018066909132 58.70226619678376
0.36051265260447163 -1.9999999151229428 69.87827510285177
0.34022228372799873 -0.5000009840519044 64.73946627896107
0.24935788950051868 -1.0630029007389503 73.67889540155709
0.28795332348301456 -1.1168966932687787 72.12297586636659
0.156102984479221 -1.7344390010960957 94.99999663855068
0.14559390562780264 -1.710629728667268 94.99999787513921
0.28925452480077374 -0.9367663059330658 72.47505518779269
0.289185503167762 -1.1665717204077504 73.73861934287585
0.2602227667814706 -1.5436113565869838 76.17662455477142
0.3563872485554726 -0.5000009428376364 60.47652216624481
0.27876194644233027 -0.9321350176871496 72.68016647067667
0.2752775648974117 -0.500001127936508 67.28289719174948
0.33461129212795143 -0.5000044331320403 62.51234098678242
0.1646610754892364 -1.7280317446620115 94.99947835196382
0.16255593209703828 -1.6736123552077007 94.99999646317441
0.15055404954536003 -1.8046052612009653 94.99999639646796
0.2737677889826917 -0.958406036281044 71.16650808279546
0.18910976402451077 -1.9508194796508973 90.43764861783433
0.16014752832103474 -1.5725561288235346 94.99999978153693
0.3242314353717111 -1.385655768472481 69.28646155334506
0.24357960402152834 -1.3453568861106078 78.86489188179068
0.1750707792328053 -1.42721573957831 92.65060396596878
0.24731933799866268 -1.1540304239136028 76.13510234194837
0.27710022953693464 -0.6883341399665741 68.48512889730974
0.1572294787584547 -1.7188678546435878 94.99999907286441
0.40115291165320127 -0.500000021280144 59.3695745099576
0.14663549868445236 -1.6703864807897217 94.99999992102589
0.15852094503121755 -1.6594645435198327 91.33238272368992
0.3763605808497304 -0.5000000293778717 59.371455796619564
0.1590008777261935 -1.8261768726538985 94.99999849065637
0.15743075233672377 -1.8715342493353782 94.99999914986157
0.1568090445234193 -1.7900939854426077 94.99999428465401
0.2806742668239548 -0.500000671116186 67.97398631601789
0.2437478897858351 -1.0895882242906196 76.65004205193209
0.204353455586346 -1.9999922786928643 87.4885433083876
0.2992093521640158 -0.500000048741079 63.646618112983134
0.32497007843385334 -1.912723960387071 70.04981719167709
0.43040031613606566 -0.5000029697830279 56.29139570501776
0.2825448732596179 -1.0530880466077193 72.93318329614758
0.32609753578971495 -0.5000010882126288 61.81378448740143
0.3693069126526558 -0.5000022784705658 59.64566946247329
0.19970619790881972 -0.9062634217924334 79.58012231706711
0.1611541261719525 -1.8021229185744592 94.99995949168111
0.2922089577773571 -0.5000004781272427 66.30274253907133
0.3464674739268689 -0.8014153481882995 65.29922425953463
0.2798963145730739 -0.9553365850908332 70.28120463870485
0.2608925076276722 -0.9452742276429981 72.98534285538926
0.34076961432099023 -0.5000013534999503 61.21251715413309
0.3124065383379407 -1.291974809016628 71.641228731496
0.1891698667979718 -1.9999990878473561 89.31309025604375
0.15084884147864785 -1.6173964875114237 94.9999995102979
0.2816752312806284 -0.7084565133825761 69.68813843558816
0.20552873018871987 -1.3507129143680494 85.23136750545659
0.2600505921744542 -0.8042461066226044 70.62206830312836
0.2898069341779471 -0.7990071951250165 67.74180291996414
0.27400305222600263 -0.8814773764572454 71.2230156960421
0.16042442887194402 -1.4851718678645058 94.99999919439362
0.333675605328231 -0.5484553751865713 63.16142795929413
0.2439882185571739 -1.3526108744121663 78.12936884784185
0.33418809325868126 -0.5000000808837709 61.668822210027855
0.18432116816306873 -1.9039488237166249 87.71940772374667
0.2903851419502376 -1.6336185332635895 72.77279163575932
0.2547585572749466 -0.5000003520356733 68.67787671386544
0.3245872103307854 -0.8273430618274539 66.79526447262933
0.3450437897179531 -0.5000001553209557 60.81756204439851
0.17680142759889964 -1.5616709529768613 90.14233190650116
0.34246517046964026 -0.5000009309720158 63.30598593165746
0.3205804031890733 -0.9788568242027141 67.72468163566589
0.25326090733249057 -0.7522210729153695 71.89375161575641
0.2539556923943603 -0.9270620431623111 74.57689677103535
0.31863326661530583 -1.0727843143045661 68.65498205656017
0.22060831264343836 -1.4672428552314918 78.91579550490236
0.16556083757564152 -1.9244386163181821 94.99946505507361
0.27302791967028694 -0.7385552148438935 71.88284745913013
0.19328749034481765 -1.9998806177126318 86.448608106582
0.2724429140345675 -0.7501623025381882 68.28763529402575
0.200857105959439 -1.9999995512211652 84.62864747093374
0.29535415523884256 -1.1382734106396688 72.36024811130848
0.33292759518972725 -0.5000020062644979 61.847897734351875
0.15492121667444836 -1.9123460605661375 94.99999586952468
0.278253937423238 -1.105179660541152 70.83965688228126
0.30361183237102535 -1.3679529751720971 72.68427500080254
0.22401274262262846 -1.054896046604273 77.422009457133
0.31930625032549365 -0.8396133478213554 67.86109575551215
0.25562330480074014 -0.8360886880081861 72.72551000417926
0.1769554178324109 -1.6463467138860326 90.21604818341095
0.28578684361259776 -0.9024312985951242 71.93047033012695
0.2410099167588111 -0.9217902124698929 75.58568371274421
0.33977011403101937 -1.2089448844049087 67.68340705714533
0.2701844172628703 -0.7101465599772603 69.87914976603643
0.23820939663234475 -1.999999807803582 83.39754636540036
0.18027823586926228 -1.4460122345342292 85.88113342147055
0.28923985113438866 -0.5000001938740541 63.897393557428565
0.26412555859726367 -0.8287396386735648 72.0436311160379
0.27039465305462435 -1.4599090823815013 76.10401568302815
0.31723651851362206 -0.5000001472477412 62.47838187579706
0.2826978548313488 -0.8382198242880894 70.86426916434093
0.3455146731630843 -1.4890418201672353 69.29883152881986
0.36342214127413586 -0.5000011572687417 61.86279052933786
0.21406876048725185 -1.3361537864683335 83.2714934610072
0.31852455780579747 -0.7458476760347289 67.82862100155208
0.26320938589122195 -0.5925970555341284 69.24038332218585
0.14822669954600332 -1.5644968760999807 94.99999747384592
0.14520830313468436 -1.7052423561497885 94.99999783001715
0.3522770004778955 -0.500000066996212 60.190498080501584
0.2615277645725255 -1.2988944961453381 75.95570906330798
0.33125947053930493 -0.8194114566871018 67.85128438723494
0.15219923334500032 -1.5585750177876696 94.99999055762075
0.2281819033320322 -1.6484305434962392 78.60219327592357
0.35669322060028713 -0.5000027580808623 60.58491515674158
0.3400090363979653 -1.0924906983525557 66.82031907875837
0.3288176710046483 -1.2334411264129996 69.18908473156205
0.3595920129055268 -0.8496898150133059 64.64298205025423
0.28167429394807647 -1.1419569847292879 70.5265387257313
0.23300412009653482 -0.562066256806319 70.20444737949664
0.35288401434838435 -0.8022588614343891 65.56734187603057
0.30652429003471743 -0.7840796356887721 68.12281218475202
0.26466607200448333 -0.7639607047750465 71.0755234277062
0.31946012724388595 -0.5013000190585893 63.27809030266197
0.1682571084949702 -1.7317902901858209 94.9999893784005
0.2755512583589088 -1.3156303446115563 75.71955198212797
0.1522347706217591 -1.5876481766924293 94.99999926694973
0.3399867780932163 -0.9307949589010646 66.40111649736185
0.4717673381364135 -0.5000001965332859 55.83577230824683
0.2927077179965777 -0.6663864296026566 67.12146502518709
0.3492795287322808 -0.5145649491786605 61.83855112100098
0.3003012957632376 -0.9852176130836677 69.11517698112597
0.2821490583867578 -0.5000000207569852 65.04274733424025
0.3472570730393898 -0.5000034515600066 61.529031890679875
0.2854886627316937 -0.9646616005120676 72.76010156235992
0.3024011963590007 -0.7525596365368122 66.74332858235024
0.28863230909018456 -0.7613951291888721 69.50566810118742
0.16303550100585637 -1.7945595037643454 94.99999841961372
0.20222235294360869 -1.3333477984387718 84.7210941483656
0.19664552298043433 -1.1384299527683728 81.73936482828745
0.2982852564720382 -0.7311432193942744 68.97974730190242
0.31595150803672695 -0.841647664809913 68.40587340628142
0.29775910739331407 -1.0718579321979884 69.50125984234204
0.3361745018960493 -0.5534034556340708 62.77218933275157
0.2365247316081036 -1.3311295695314163 78.17187762934164
0.3776435791936782 -0.8349335280723075 62.349664655950804
0.15510306955165185 -1.8693167254970136 94.99999827996274
0.28406096812176723 -0.5000002118212489 65.81542034610929
0.31372125924440203 -0.7727905074841406 66.54029565467857
0.16536569208249435 -1.4704095521438154 94.9999931477425
0.35537107716044575 -0.7810328714523451 63.88870860744716
0.15199025243402176 -1.4099157454362798 94.9999996912353
0.18044112248231411 -1.559475848998606 91.58399858437777
0.2422137125087173 -1.0046021572182262 76.9257550103413
0.15870941930150714 -1.564229243104405 94.99999895758916
0.17006263611798472 -1.4805043623810454 90.44948386151637
0.4078255435583666 -0.5000485916786421 59.034473115902
0.22847884322721096 -1.0553528807785788 75.74719982526824
0.2535112720147977 -1.0548515803784937 75.94827025534113
0.23773211665524452 -0.9941764796949955 74.39136977413303
0.3784102233420567 -0.5000001619798652 60.97484114460105
0.14575394607559045 -1.5450346905679144 94.9999970040505
0.3949754313594176 -0.5000014036227799 59.30619075096297
0.1509905259686538 -1.5734766588075495 94.9999850540574
0.18398139411533576 -1.7358751824912537 89.8832155542645
0.2332151733858005 -1.452008312733781 80.06588581304926
0.16375145342658873 -1.8594942173934343 94.16842040191169
0.17543950280681178 -1.1195032517955483 87.46168951433629
0.33652422683399924 -0.560636736431444 62.33196073039021
0.2403823780947339 -1.1326678222367508 75.98182828086746
0.28779675825025 -0.9415544526406623 73.77378488442692
0.18776360952751928 -1.0010489812516514 84.95423679771187
0.32603170020427596 -0.5000002426974811 62.21875107523133
0.3941139210666335 -1.999999811026835 68.12260430440408
0.25037797839750114 -0.5000000026535925 67.71033462942768
0.16989417943863921 -1.9258319087021776 94.99999970583123
0.24164566073019295 -0.9941080827845974 75.23146019249397
0.28785653678218825 -0.8155444425088059 69.52649282162953
0.16551958406107264 -1.997729571681221 94.99998690333402
0.170791235244965 -1.7113474267265423 92.3378373453067
0.24840515773413255 -1.1105914225360527 74.85546805465599
0.2599796958637335 -0.9189035008198577 70.72105706637736
0.29831431671952674 -1.6085239361833186 72.39836819688959
0.15855369309401596 -1.668545844728867 94.9999986654411
0.14451170420362483 -1.6152577869711853 94.99986536861459
0.28192210960920594 -1.1767359111514648 73.54680544362164
0.24207272999117388 -0.9440126160101118 73.30473745032191
0.2363196884731102 -1.9981368049286081 82.94140300240674
0.27419763919953216 -0.9887940822395249 75.32169131587867
0.3406016635906148 -0.5000027978422232 61.01345564990154
0.3330049078125832 -1.407843599590379 68.67616888602589
0.18916587070907565 -1.999919681498766 89.3960973379179
0.26381426893244475 -0.7750533688792035 70.03904379051592
0.16818352979500853 -1.9771555788883126 94.99996868369419
0.32778242956775866 -1.4220500448371955 68.51438330189444
0.17159591151593356 -1.86145970106989 94.99999862174278
0.222189948534471 -1.3779989250660452 79.90842113484418
0.2508309816748542 -0.6623644481089915 71.00488243709276
0.2711699368767233 -0.500000370105581 66.96964756984154
0.3092005916422148 -0.8152306315824639 67.94299038647543
0.24488363279277336 -0.5000000128642315 67.01451161456396
0.2980525999999511 -0.8011274077705514 68.89826955028566
0.31164556269122473 -1.1780697790939556 72.84720502638595
0.15843843469034397 -1.806091912221217 94.52463873549229
0.24654390225335707 -1.3193751374089395 77.94332363224099
0.2558197204577565 -1.3945604967465208 76.93327000837421
0.2747076401079642 -1.3500048608159685 75.29268979764207
0.1634986700883338 -1.9599009880172922 94.99999953964095
0.3271337436053749 -0.5000030874443537 61.68237832654013
0.30814339152422243 -0.5000020624318595 63.65894372283948
0.23078249232711923 -1.2062410235489607 80.26951643644487
0.15136263432217792 -1.6223624868121571 92.1834655960679
0.3737085771738213 -0.5000022324425258 60.03802096816344
0.3809670917897367 -0.5943833728025752 60.7940888974458
0.38640217236365726 -0.9593066490581522 63.59812112404615
0.3045502636778668 -0.7758178834772275 67.78113373173507
0.16283605101516005 -1.7900743979407385 94.99999923842509
0.28905813459124047 -1.0035820291330702 72.01916830114462
0.31939328233690584 -0.5000005119055295 64.53490149713264
0.30859629316985754 -0.9284722759582845 71.65255254579473
0.23920868371695053 -1.0980805365467685 78.5214702852454
0.2582007965060606 -1.1592348489192623 76.41640231855466
0.15355486327584475 -1.4506497091232557 94.99998863148024
0.26474625495066656 -1.2557298542078328 74.33022291216612
0.2560780361696606 -0.5000000666572625 67.69408044455588
0.314698126056106 -0.5000007899271456 63.853386715529346
0.30943280796577793 -0.5321204840506291 63.67749091415452
0.17686147375790354 -1.5407315178579577 88.84871925247472
0.18931305371497234 -1.582632688731685 85.1259469788377
0.15232404534091057 -1.6383000113821726 94.99999771658534
0.20322119404948658 -1.9253816117815281 86.21239206826367
0.31390675077134544 -0.7840334134719779 68.38520224970682
0.2914240989229367 -1.452698708424323 75.91063762252887
0.2777914538756328 -1.0843338287615711 72.56777624569658
0.25827956187144274 -1.199255787721502 77.18312607376478
0.34384589144055167 -1.7739530911434382 70.5281895693321
0.2742405756015949 -1.3079783690171976 73.16529951236885
0.2333188982303611 -1.7046649154557374 83.48805491887283
0.41431095754998 -0.7876707040463314 63.58830630963978
0.2499363208939902 -1.0788733781921398 74.64627587495328
0.15299680395313514 -1.9978424239344004 94.99997157407496
0.26399121298538 -1.4908803191087612 75.91869340632172
0.16260450750286515 -1.7046463933150513 94.99304585039748
0.23172276773023723 -1.4780873919345578 78.77030741805017
0.3076750799664753 -1.2156546514681839 71.13921504108316
0.22590434911945326 -1.0620404857723456 77.06628245888722
0.3214391138479615 -1.4928460182153587 71.4759345981788
0.1989607290064392 -1.2450666338462582 82.82808827316317
0.3580259615851173 -0.5000003331741798 60.3676688095627
0.3006978502900439 -1.110778716992215 71.86329576511703
0.25541981292482463 -0.7549708305804841 71.66796630459245
0.2960916059939014 -1.5284543123405367 73.47121116545749
0.3785143299515282 -1.3212684464456168 65.70376914624687
0.17039911511800016 -1.9999920250055196 93.9270616956056
0.18250662251393532 -1.5839999202034778 90.92454953205981
0.3338808278686004 -0.7619194555865538 64.15088227205263
0.27036703874986073 -1.2519306927447515 73.18940943411492
0.2349784906770274 -1.9999998259492893 81.07517391855302
0.28153993152017426 -0.7166982190810821 69.5357487093876
0.28420981879039503 -0.8321779374521087 71.01730180220453
0.26412617592602144 -0.8207622024435302 70.9486526514414
0.3325231063720935 -1.0945350679303807 67.57342156044226
0.2725691786450365 -0.5391250800741664 66.5235944779716
0.3556463293695382 -0.616140216989886 63.54274809147447
0.2888958711354809 -0.5000000131655039 65.25387200362384
0.18253760620041162 -1.9999688258435178 89.8627013883082
0.16223327946613583 -1.6113719879204447 94.92091085926295
0.33826866069642475 -0.7777987363530219 66.5512375057121
0.29197236028257595 -0.7354458315382192 69.8520831874747
0.16310932325666427 -1.7525436168956252 94.99995705280554
0.22127104545032877 -1.9999997130425826 85.75535953764019
0.24944642360705058 -0.9300766412403303 75.46038243383295
0.29725108684122387 -1.4172441306534191 72.65466111175824
0.302950957259949 -0.8706720247069322 68.5510433866752
0.15585760540444565 -1.758067313915382 94.99999973051665
0.26529865995345825 -1.2060614351655874 73.85389518044325
0.1593305489225553 -1.7885335999906933 94.85563867163138
0.3024694903717154 -0.5000001209541911 63.07870850932485
0.24481764404848563 -1.1393657950676122 74.88662092757771
0.21360784054390272 -1.0997546076489346 78.55545936681632
0.32761354140571003 -0.8229144998044858 68.37931750397888
0.28673632665172955 -0.743866387023361 70.34380323081162
0.17807177533576332 -1.99999872144534 92.39265816101945
0.2578609793126207 -1.034545798026806 72.47613420565881
0.3416771649105201 -0.50000044925