# Omage w H0
0.3039004758311436 -0.5000017423980297 64.09204268491155
0.3042166660046307 -0.5000022882612892 65.16218574817147
0.1413491970474961 -1.487439526970545 94.99999001299894
0.24786699140341395 -1.0759930169246312 74.11409208051712
0.13891429772773708 -1.455359563694066 94.99999906180601
0.2516513188055388 -0.6452532110971506 71.41435619992679
0.18951155411709206 -1.9999830260372486 91.4966459301788
0.30538875291339423 -0.5000009118484222 61.50899800059031
0.24921827131678215 -0.50000000885847 65.85320615731762
0.25082506956014283 -0.5000019090702377 68.13486077399162
0.1544129895797345 -1.8354127205589024 94.99999391677692
0.22546498535959492 -0.5000027530472578 66.38701696147398
0.26780051123298865 -1.1386392879728813 71.09650596194213
0.22039829169902672 -0.5000005454039759 66.30735967854365
0.24089200969206767 -0.5000009861042467 64.69216821435478
0.15626143917235163 -1.8131762270403433 94.99999936140594
0.27297758196174104 -1.2559288058117353 73.05613542805546
0.15094790608478453 -1.8927152345912643 94.99300793409654
0.32073400032615834 -1.0858746920712965 68.88205120254887
0.22751992929083703 -0.5000000322238513 68.75967928919391
0.26741909466532127 -0.5000044766727566 64.1076777212105
0.3562393798809072 -1.3350256656449628 68.15941052549434
0.1540667846278457 -1.2567734853803638 91.44615011501801
0.25508872908014435 -0.5000100765712449 66.09780394549654
0.22309440381015427 -0.5000013309696077 67.29641545296847
0.17408185578867713 -1.9999983177110476 89.86503448904156
0.23306721611018058 -1.99999764924592 83.35865859006985
0.24677709038888135 -1.2358087183212922 77.20151298708268
0.28793801998923196 -0.5000002121726975 65.99246938003418
0.14898913149470877 -1.8290939261766264 94.99999826362573
0.23082188750319435 -1.9999950936960662 81.58120140430773
0.3514171998763534 -0.5000009740221542 59.14553020342377
0.15537523214323495 -1.9390949438547374 94.99997473303563
0.22455390298406222 -0.7613831983637271 72.19829011321768
0.250103039763088 -1.6317134514153557 74.69778690837465
0.25186977273616445 -1.9999960616662542 75.04638058086802
0.21104957298109603 -1.6363538367300179 83.73451015001218
0.20556736946251605 -1.0300008732498807 78.16125531795471
0.3084162441897435 -0.5000002440088449 61.64190173265036
0.15969840179011222 -1.9429806133324024 94.99998416962939
0.21136365919791797 -1.1895833040648873 81.16290114501544
0.1580573662250064 -1.8103790507068056 94.99976887977871
0.2074400946663127 -1.9999996248216276 85.0500499942546
0.2327114699020995 -1.249930365902971 79.75111954147862
0.1563441794119183 -1.683602948623742 94.9998552060547
0.14756829936367497 -1.4401594826743864 94.99999485591115
0.12928960821446658 -1.7399092614064322 94.99999974548295
0.37606155283442655 -0.5000000994357571 57.49489697567017
0.20940709814476866 -0.5000000161737139 72.37164282708696
0.14445183379539486 -1.6769229557386491 94.9999731894903
0.23544710817643225 -1.2880895016982448 80.13363943705708
0.23332071910423538 -1.8205788589918261 78.47582881455264
0.14473863151753186 -1.741360918289315 94.99999773107918
0.26625003013260756 -1.3914325346589658 72.36876586037133
0.24812981547764767 -0.5000002079386464 65.3390257935503
0.2597008093095137 -1.8078922350647835 76.53638463050139
0.3208766629703733 -0.5000005787140454 60.668628575573514
0.20546632506201276 -0.5000000402717504 68.80259629967489
0.24416698531114847 -0.500000658741142 69.45637733217063
0.323620606480806 -0.5000004722120615 61.48459807246688
0.1974835964708949 -0.500002377979399 69.56461772888846
0.14446546185698694 -1.672555717505421 94.9999892871289
0.33518917036706675 -0.5000009567915319 61.56954744254378
0.21207253018210542 -1.9999989339143527 85.14154680953843
0.25834705400266644 -0.5550860106807328 63.59568151755619
0.31303459615473367 -0.5000009373835731 61.077722601352754
0.25496735389538927 -0.7240632683498051 68.70166123165669
0.23008658695346737 -0.5000026295779723 67.87369891117248
0.25429560983739263 -0.5000010593178672 69.60274637310172
0.29802709088050044 -0.5000003107683612 63.94184195449212
0.14320146869468686 -1.6003834625637048 94.99999714900314
0.1547885321796762 -1.5526978853753521 94.99999872837232
0.14322113731076216 -1.688512524664408 94.9999798268982
nan nan nan
0.22582447372288722 -0.5000007368476669 70.58668400303456
0.26172624550561535 -0.5000042832910038 64.52313962069947
0.28602281982028976 -1.4307254351938905 72.62812764795771
0.29480045988018383 -0.5000016961842942 63.37666738381607
0.26896075361246735 -0.5000003185917559 66.86764550791521
0.27010383135979493 -0.500000161369667 64.14853500684093
0.2776526310638831 -0.5000009838586958 64.04402544781065
0.1336805716198471 -1.3574205490350688 94.99999977074775
0.3067980802416656 -0.6683176120532293 67.95428595487975
0.17449350607292127 -1.6014145453371582 88.7629528505336
0.23722945013980276 -0.5000013274501938 68.12832799369167
0.31138522488168474 -0.5000002608016839 65.07387197034097
0.3260691798572773 -0.5000001225326214 63.15047555337576
0.2819714628953752 -1.1241619728011478 69.66764535779251
0.3273014098603675 -0.5000000437980012 62.33289327888104
0.16588927449233207 -1.6761591697933824 88.8546389099208
0.18531485923270108 -1.7710706859838183 94.99994185567837
0.13661630740105102 -1.7922828334156387 94.99999917154602
0.20104588278717142 -0.5000000651815255 71.12374592353396
0.2643463523471195 -0.5000026162890757 66.2527631111011
0.3440918037274706 -0.8599428227784605 64.12683909603798
0.1578801128400502 -1.872366958604204 94.99999392409923
nan nan nan
0.31862679722583725 -0.5000004535751509 62.63270096294729
0.16364429310269651 -1.9999997502879376 93.80676760329156
0.4237038483416163 -0.5000029820714752 58.51320876031025
0.2909723502597469 -0.5000017698497188 61.959562659679136
0.2701587923538929 -0.500000489412187 65.6549708456576
0.22669258450177487 -0.5000014307104044 68.85344445540072
0.25083690500265865 -1.302746440182825 74.76675823658503
0.15133696406941363 -1.672616159904992 94.99999966347289
0.25356594016122164 -0.5000006160313987 67.79415808957859
0.15585983676643897 -1.860434223043867 94.99999910977806
0.2436436712868528 -0.5000001051881737 67.32033546493125
0.2147953369578964 -1.4625686137484872 78.01721874353892
0.2538041690662001 -0.5000006953560686 66.95007949468342
0.2749113687385792 -0.9667795985132278 70.87366725369127
0.24578264182479478 -0.7775551573508652 73.60212408730735
0.2345601785790158 -1.640045786635819 77.11243832751228
0.2644716551860887 -0.5000019126043987 66.74389976053413
0.1525482010255943 -1.7192043254354836 94.99999833544351
0.16409472155168212 -1.931155262095041 94.99999997194506
0.23426648854933504 -1.500005130333307 78.47262124075623
0.16536857366558466 -1.9999986266022896 93.67523387516485
0.30125723348989647 -0.5000017642524087 65.25748056818725
0.1337300878993266 -1.7378565429181405 94.99995685686578
0.2408563503592598 -1.2502178067676526 74.16454048577367
0.15987609610091114 -1.8251481571894441 94.99999740580446
0.35189713810332296 -1.4209797417583563 66.94654521450727
0.13773317216255684 -1.6586011789118598 94.99995929615496
0.1854752212314788 -1.8039423772880745 91.46978709399981
0.292909035435886 -1.2126376428211607 70.57794445981249
0.15837088384020423 -1.5291850089675458 94.99998645797609
0.26740324144428207 -0.5000009666367924 62.78410853304998
0.22014965774136527 -0.5000003506516311 71.26636483200049
0.1443981231174811 -1.878344210426936 94.99993798555636
0.2898766080159155 -0.5000000485187489 64.27266850512477
0.4270761830318484 -0.5000023304048072 57.0988849065762
0.16413094126852132 -1.999999739344058 94.94247557121261
0.37436028180354114 -0.5000002622248029 61.29906725762374
0.2362871298873333 -1.1086645991181934 76.99175187788533
0.25202416910335085 -0.5000000444504754 67.85156321035225
0.2810111879559812 -0.5000002850850813 65.05815447858524
0.2996252730572157 -0.8819050543725566 69.29391739238513
0.21253523575591246 -1.0335187052326902 79.26174235946172
0.29041517601025846 -1.168719958630236 71.7914404126355
0.14304945699171445 -1.6092812530362048 94.99999510325308
0.1868548852848485 -1.5307868438970897 86.79395833098722
0.3000923048366162 -0.500001258045055 63.234766123732896
0.27955690257566523 -0.5000000475740819 59.529662468913685
0.17056868971968636 -1.9999998457342825 90.43724301518986
0.24805096001536595 -1.0129972694931035 76.42682018257518
0.33601549560277366 -0.5000004390443634 61.3495242367954
0.17152247720515165 -1.9487474639370703 94.99999262771871
0.1573833918080059 -1.4469649135347153 94.99999287111815
0.27185277263530244 -0.5000002751507376 63.42544471650534
0.35414779779879496 -0.5000003223355816 59.638012652049945
0.339577633958081 -0.5000010063263272 61.38611152213074
0.3472202798826027 -0.5000000804750314 59.51248003463561
0.20644751312396237 -0.5000004731520888 71.48005825472654
0.2826352933932036 -0.5000002073041717 62.74414514352773
0.135355595589945 -1.364314511049457 94.99999781871755
0.15506472304824126 -1.843440615992583 94.99994539526568
0.27949181032222653 -1.4812695543714107 73.8837471735831
0.26451032176645145 -0.5000000005721503 63.79301701610341
0.2261549779543554 -0.5000002943501043 69.78284193840443
0.16599611531856123 -1.8887794540270557 91.4744354111274
0.21570045051186768 -0.5000005034980665 66.70774990252295
0.15753466981423597 -1.621410553029608 94.9999233076053
0.39759186410405806 -0.5000007611335946 60.189467219745
0.2587974854753472 -1.5464755184936934 75.59305065719103
0.2576124366655183 -0.5000008928102927 66.3048871266232
0.1755851569205649 -1.612316159334023 84.99324097462491
0.14860472114039938 -1.5086622609118139 94.99999012482982
0.263218222518648 -0.5000000549002992 66.7630202494582
0.15181824214935974 -1.9891996890364014 94.99999757930826
0.278696821113112 -1.0106458403550513 71.61022751437285
0.3104741171750003 -0.5000006102064339 60.64027672638804
0.15809792816039595 -1.6566009191160753 94.99999527732827
0.27083512807072885 -0.5000032969544518 65.27584890178362
0.2537654505240581 -0.5950380888466277 68.24293684440464
0.3509056100138213 -0.5000008477532443 60.82806837957948
0.14644047417839073 -1.8867541303918882 94.99999865275143
0.21712996787214436 -0.5000001527476355 70.67674473121582
0.34104158036457827 -0.5000018030667912 58.14027876590928
0.2255473107710903 -0.5000000194781224 69.8376627768168
0.2301623105661538 -0.5000002668344897 71.46691888877163
0.28666033599382573 -0.9258465642957688 68.6467695628391
nan nan nan
0.21934612583750596 -0.5000024877313757 68.4698294307396
0.23019839824800403 -0.5000001382483601 68.36405506491454
0.22256774965245413 -1.9999997992422127 78.65812695056346
0.2040858313868886 -0.5000003214985419 70.05263736079782
0.25687465656673564 -0.5000008625715487 65.73592340301455
0.22541077448722108 -0.5000000816140475 69.51324387570652
0.16196137801055946 -1.9324122107030013 90.08296302416433
0.2484579865867444 -0.500000728148464 65.74247905252106
0.26085777588455245 -0.5000004441803465 67.31854440413935
0.18912055276015965 -1.1385650174429673 87.13548388607242
0.3262155398845217 -0.5000020456940099 62.959577201605086
0.22984003192502406 -1.9999994870965006 81.57639314540309
0.19532352783374896 -0.5000015277665361 70.7654177386458
0.2484542372803583 -0.5000026333152788 66.49286048642013
0.21506685414828464 -0.5000013232022406 69.54864391778976
0.15612096425132713 -1.7006975521993335 94.99987871698706
0.3040254536031345 -0.5000006056990904 63.80690172143556
0.22357701491291945 -0.5000007791540957 67.46356166532703
0.1812609738803656 -1.9999845407757864 89.4773909901917
0.14736596951483663 -1.9374643257650155 94.99999806265278
0.19198690441166907 -1.9999976933993862 86.31591826341425
0.24362141996644 -0.5000000179165573 68.74834224670569
0.17440649950492854 -1.99999493215059 88.01241660491654
0.24192019956024935 -0.5000002288360191 69.23549022919318
0.22990760875943778 -0.5000002965213275 69.14741922847385
0.14423994204319762 -1.649817662643188 94.99999917709947
0.26283422261857337 -1.8307299512811837 75.13533574580094
0.14822108879699383 -1.9059780694051702 94.99999549133992
0.2691502578255785 -0.5000004308933964 64.56654389407483
0.23718676439645014 -0.5000003160644957 68.80607697525488
0.14338050536707037 -1.9237439375475136 94.99999800835602
0.2490456774089058 -0.5000003197633034 65.01347219330638
0.2775479542177926 -1.6519006152006652 74.11326490216666
