# Omage w H0
0.3258195178739652 -0.9907170284499373 68.80918207171658
0.3310306685686267 -0.9491498115988015 67.75246684567179
0.20411340242759696 -1.7295018075855797 86.75437679379054
0.25867968003787806 -1.0719956131392359 73.23363918486639
0.2267861316347918 -1.4519738049469717 83.36478525815578
0.2553181808732937 -1.1448783772699258 74.14322304852921
0.2585919272116897 -1.4251064573409395 78.34008677993343
0.2550583482513838 -1.462644122939347 77.48607072338874
0.26567737295917204 -1.2781654069505364 75.72035524193949
0.21476146711338653 -1.4815394951839091 84.22213718859
0.32078194788640235 -0.8367636580650097 69.65118553665751
0.29164937422555387 -1.1489505307372032 70.89355157294665
0.23329388547684968 -1.330841504473267 81.51167247586156
0.13809035931666844 -1.2756459186441131 94.99999805548872
0.332866722366515 -1.4059210438686696 70.2254307107184
0.3089117631490117 -1.2750164900370533 72.50203045464701
0.3001355824959266 -0.857039642035906 68.76314459303632
0.3323830722120901 -1.0667683854565648 69.58831537184976
0.2765838239053088 -0.9742801602397398 72.51594182886154
0.42687183602414225 -0.6365504180620236 59.65966975846862
0.33969301083840175 -1.3235422518690325 69.18837164314135
0.42155789672997923 -0.6417072036371515 60.314927048483696
0.21413641106283918 -1.2393638725201785 80.81808443821444
0.2683978930539687 -1.086735530362568 74.12236207794196
0.33188921990500775 -1.1234222672990724 69.89256713565155
0.31380405976445164 -0.9079429510276421 66.94665931520127
0.2893173813304046 -1.3838683854024585 73.57065197860597
0.3304720016730943 -0.8827600582320785 67.77680088847437
0.2901907793027525 -1.3910488516369472 73.75675104768965
0.15603534977651118 -1.5393874817837954 94.99999998563061
0.38569704139631994 -1.0873671532958866 65.69798343540715
0.33697119190625835 -1.1013258692468317 67.18770731234294
0.2088253200394805 -1.4694409477776458 82.97071494127087
0.3583861246980741 -0.8598366893809867 64.42774704865388
0.35231278515520703 -0.6137530583006461 62.44621601604081
0.4674374296464078 -0.500000799467999 57.972307290900375
0.31925463156808354 -0.778351052137463 67.75488048175096
0.25869653527249165 -1.2428175069390688 75.52086140871103
0.3162041948601984 -0.9486266363312836 68.20872744903491
0.338026119246437 -0.744700678661762 66.2746788075032
0.3008037577747082 -1.1895623378547524 70.02021390237965
0.16309765340425042 -1.5673205589446488 94.9999810961954
0.3662653476272546 -1.0776355005908933 65.62069039215211
0.20682806587304958 -1.6844176396913701 86.24825276724161
0.3259522121824479 -1.1997759668956758 69.93467461597186
0.28709062923353185 -1.2828485025999006 72.09638278473041
0.20818238064940361 -1.4259246908442134 84.54316475754543
0.31740320678352923 -1.1412107904486004 70.27351976705042
0.30894088786808876 -0.6241424223443797 65.70415268338886
0.313609504459942 -0.7649750232296302 67.1078337138405
0.22437962037720355 -1.2567492257917263 81.27451719208709
0.17427505122714762 -1.527772934465173 89.9490112936821
0.37459511219726943 -1.3505751925779423 66.98025821549695
0.15585115457364762 -1.609980191495245 94.99975528258037
0.3407658550247279 -0.9391608069824146 67.21616545677695
0.3300477894325371 -1.047760450775535 69.27352118315979
0.28206233011382037 -1.252581797431037 73.70984819640304
0.3116563456280206 -0.7835324644009592 66.02643053677261
0.5371767221671397 -0.7021651373278159 57.025848910303786
0.2059285422129164 -1.9999998069970673 86.93745047689825
0.3433216823798691 -0.5000000197833978 61.15353827909046
0.3755687012477301 -0.8007339036665116 63.30765574718921
0.3308524115730086 -1.0445981895882892 66.88339036475575
0.2646347913048564 -1.1166826331613684 74.5630681161355
0.19571712881291897 -1.99999753029236 90.89157879174266
0.18015993076151932 -1.9999860620128411 94.33416414794053
0.21379159401338374 -1.9999988998754892 87.01570230278566
0.17823011679254466 -1.9853624494366824 94.99999934128579
0.24769251037782514 -1.2732800142430336 77.78464295971006
0.25693728260743165 -1.2954529317444399 77.53416406030618
0.40149813705302384 -0.646747502483703 61.20314940286351
0.3270648570169135 -1.1906443852945445 68.60188665879346
0.36456703917306416 -0.5000048936858715 60.16901303440302
0.37494525326058403 -1.1803238972491177 66.8795560130345
0.2048280303705435 -1.9999907788388174 87.59243290592704
0.28164607025974003 -1.2221370104665712 74.48653588973579
0.34879944091268233 -0.6768616566721877 63.65664299942905
0.2962372855610675 -0.8373583195466792 69.1036096844331
0.3276958794655229 -1.075584393573508 69.42285702518946
0.40279547067724164 -0.7943790161164564 61.24171940221221
0.26446929518756424 -1.0369193033498267 74.38687765140195
0.24241046497379765 -1.1634191574025106 77.39006510007813
0.28049582531941486 -1.1878544672711828 73.91303062231052
0.29315258932004884 -1.0967162598219193 72.88009651038567
0.18487758039448388 -1.999961665735106 93.40309229230586
0.3432223883396898 -0.742810161005906 65.52179405070471
0.3363138198765281 -0.7460076366336541 66.67910594995624
0.2836506970604594 -1.5234206697564299 75.7224979882226
0.3024692418791985 -1.3980861321064044 71.65568831717513
0.21807842770787148 -1.4502324444381158 81.65349510106766
0.34987806558678086 -1.2768146099326838 69.39744835778917
0.2751567105293091 -1.2407726418724905 74.04300014785996
0.33635812613315186 -0.8226691707808353 68.12975040884031
0.2807185727923844 -1.33463635424874 74.29805259811933
0.32597952487693765 -1.2156945628849112 70.05301839086555
0.25988120670984344 -1.3696886467690952 76.20974418964514
0.27193534406761927 -1.0656603530867892 72.3954039628164
0.2097873689324762 -1.2966997459197929 83.54376255535347
0.26409358724144627 -1.2053157344244718 76.63547931097872
0.26199943732739855 -1.083687778261881 76.17066831682874
0.28149610725405927 -1.2138931738388608 73.5173933893763
0.2887904995669139 -0.8368082250856914 70.73338529960104
0.2820210085467234 -0.8095729225530329 70.17886414738253
0.3538236733442899 -0.6458453370457452 63.46307966012396
0.27957279893630566 -1.6232839724112864 75.81879149685638
0.336299589467281 -0.934824047936838 68.04098691445503
0.294145447678202 -1.105971256628011 72.44191632188159
0.31575994541061386 -0.8921232126222346 69.71326186411541
0.3069990462348492 -1.234539884330379 73.3142351313024
0.25500016659190317 -1.3125937873658902 77.57978505271748
0.2691587377280242 -1.306566445345485 75.58328024205532
0.32880726007403477 -0.8687669486274927 65.69869963753635
0.39131385390357765 -0.9858596457826667 64.03738640727079
0.28919334785250467 -0.9397893249110898 69.50421825140418
0.30634344004071695 -0.9689935917517047 70.8264396781232
0.2233523993720363 -1.6151654091470933 83.61527111280941
0.18072276952942487 -1.999990430534913 91.09416804402333
0.3357720524227439 -0.9055509578668228 66.49468272363306
0.3544147587959092 -0.7916546753877612 63.97873345227652
0.5055067736894043 -0.5000001304369696 54.76478810250414
0.24252542935709331 -1.412382448876343 79.3504345414218
0.2740244332612128 -1.6124226659984497 77.00145001107653
0.31500183355554745 -1.0997866544702757 68.54592312050295
0.38125704800422056 -0.6250580260956896 61.80140024511624
0.30706599796175615 -1.0567730301895195 70.2641053805904
0.30526835799865876 -0.872901789621094 69.63823764937759
0.23854076187697437 -1.2236440162835276 76.37133298576076
0.2236735317828274 -1.4099758188562077 82.36445840117177
0.27388423799822 -0.9416368772597693 72.46106858055208
0.32450843065796003 -1.202854189296562 70.65405479535889
0.18973777159867702 -1.8818947419436118 92.44616317111478
0.18268091287544894 -1.8999860080626683 93.08154994700236
0.3046576244025766 -1.2367606564073277 72.25130814355764
0.34385245070736564 -1.0025309146044519 67.66189382215812
0.26918982385343343 -1.0380881212822306 73.43647412536642
0.32832708893145046 -1.2137293516117647 69.74939693167808
0.36602357295775567 -0.8346206189503894 63.06376185984665
0.3515647996356782 -0.999087547098817 66.87325686195933
0.2867650795098955 -1.168520710863305 71.79217813556762
0.26311692725139463 -1.2632244369560865 75.98032983962341
0.16733242758425831 -1.6871720789315567 92.41194612171398
0.34813378390936706 -0.5000002720454324 62.274894083501195
0.31977561581820163 -1.1444649903131712 70.7877827587333
0.17402895551176514 -1.9999981777673093 93.81961077170817
0.38193544391267314 -0.5482908087645165 61.22535837277702
0.3244202845946367 -1.9999998451914858 73.07097771562022
0.18550738709683065 -1.4328894326018156 87.7277736936301
0.27589044477359526 -1.3946144748975837 75.2645594319867
0.2942827118303232 -0.8276086154091621 69.68243311633202
0.2840735332713292 -1.0902020229136278 72.61925394828958
0.3769752392616392 -0.8065461590017415 61.60861128811942
0.23466873849260708 -1.3524713213986337 78.66200572423385
0.30817184738234726 -0.9138672884190997 70.03323991703897
0.296261883388776 -0.9018992345447754 70.27658811480288
0.31948681884753255 -0.9158630351232819 68.2194901565173
0.2960432957884685 -0.8148607514943659 67.50904246687567
0.31610795345456827 -0.9374066472414467 68.70860448326586
0.3134739394017052 -0.9714653251608648 70.52832202259614
0.30653228725179044 -1.1990958324542484 69.80194937704543
0.22614625445766712 -1.3487138574616129 81.01177404095893
0.40214361290266637 -0.7865464317602813 61.90463709511306
0.3398290840656865 -1.3911373381432088 70.05551256001627
0.296077624967695 -0.9054165917996458 70.83651519118136
0.3336011255659441 -0.7129986682416416 67.30033505838706
0.2716485580568253 -1.3748742219191983 74.89741618660412
0.2934802531873477 -1.1973139259980807 71.87086868325781
0.22493319430676997 -1.9999876636747342 84.51182697631039
0.4167422129956818 -0.8539788834188455 62.498984403648706
0.23334612593499654 -1.3665005774362535 80.33077739826624
0.2921816581942388 -1.1331410613728412 72.4881604711524
0.31263554567405727 -1.3277766797363433 71.17235884460897
0.3315418608692787 -1.3089416849381283 69.85601999459107
0.24669750137756669 -1.1686658587684564 77.08732863398637
0.21481884581771213 -1.9169263885668524 86.77172349103118
0.39275837409016284 -0.6331118435697789 59.636726791840736
0.33242584763130373 -0.9594779320883673 68.22311492405193
0.2912758770926539 -1.1735810244302167 73.49964714435622
0.34391994914273694 -0.7672277532454659 65.35948842573055
0.3196385964545513 -1.5471977140250115 71.96655752140742
0.18771042825644554 -1.999966640700447 92.35846123058477
0.34057438801093476 -1.021727221238281 68.88815743981966
0.2946298297647899 -1.515621476193836 73.80555547934813
0.2881522301535337 -0.9599496502498608 70.68351547256736
0.20023021143171996 -1.6339554156935014 86.06915209484534
0.26550938107789407 -0.8927557826549234 70.3187729651711
0.37187046536498414 -0.9264377294814173 65.0103165754817
0.3588862106642756 -0.989017791729147 66.69252510971606
0.28683963227174647 -1.0392159595700832 71.22515306453737
0.2631784360382286 -1.1872321369972771 75.53795155390728
0.251248182022052 -1.161284697602176 77.18169174178875
0.18830702334379734 -1.4345141597673285 87.67189806655159
0.1554953520794668 -1.6480172946549545 93.90145385864108
0.2622835684357451 -1.0479207019731585 73.54285323477117
0.24706492277804312 -1.1195014517619986 75.62086073931302
0.28802406019195753 -1.0303173973833084 71.14764008483779
0.4186907314742619 -0.5000001175777069 59.213989185048675
0.39692371533000437 -0.7474168966077206 61.59649909378394
0.2743090584761994 -1.3472707785682994 75.19274163589681
0.39621739359927727 -0.7789750893600563 62.01016903453457
0.2561134933274073 -1.0666557299728816 74.43794448239858
0.3172723379679546 -0.615188594007298 64.59784479180706
0.3048380119704657 -1.0105606381015462 70.00355486887018
0.22275798266845784 -1.9999987825049637 86.01851383591104
0.37619993022197484 -0.9195980008636592 64.86246381407642
0.25820268264368373 -1.4244814844535365 77.80605006966914
0.3399753467973413 -0.9644858800355824 66.95284022035669
0.18000228305792063 -1.236402586155318 87.02007848246087
0.2827217115691837 -1.4223099064898095 73.72379483659361
0.36911403056850683 -0.7351701894949707 63.57723807645957
0.2908829598803744 -1.1626717649565925 71.0302768347506
0.2863519953721162 -1.04099901740334 71.73261294992813
0.3107075106654225 -0.9640145653565688 70.10281881128921
0.2953638458689036 -0.7987571049386065 69.56657693378563
0.3595716779779411 -0.5000015868519524 60.31353805361475
0.3755191232642185 -1.6817265089842213 67.93012773697001
0.3541636408685148 -1.1395001480104887 67.39857253855773
0.37545290905729234 -0.8529417467216263 63.78777321547352
0.38279298021877306 -0.6661567344124346 61.29894169919238
0.3739456054613778 -0.6972975326318129 63.57557222298816
0.23684915711773766 -1.0981620295859527 78.32696048407233
0.2228986475389344 -1.1015062104683373 80.61865866365777
0.30758353676662586 -0.8535968189907872 68.20297636881125
0.334795491421814 -0.862233222068864 65.77362258311263
0.43887234347310317 -0.5000016817292474 56.883948703550594
0.3097627511142118 -0.8134717384882256 67.01355269048545
0.39238563581859354 -1.0501015840543553 64.92612859042721
0.2905562971389741 -0.9940131496770442 70.00702036053814
0.34273730795372603 -1.1438147169777377 67.14824353655824
0.2848959928616802 -1.59419057206943 76.9432640341085
0.30022456810152076 -0.8687766507154068 68.66622516614876
0.2743258498802218 -0.9659157845986953 70.50143291793701
0.3056414644902123 -1.4249311285747255 72.47438572611387
0.41095460252901833 -0.5112718937215021 59.20829092960126
0.4410944595372327 -0.5668140864128927 58.31476235159584
0.2742293379364934 -0.9583552198895269 71.37665352624678
0.32106976437608487 -0.715272402894636 66.21476553994333
0.31196584936136634 -1.191013955041477 71.56435447932843
0.4050070064691716 -0.6786084247174958 60.06180683707991
0.28606418250256693 -0.8938105342387768 69.73323629880832
0.3204497965803113 -1.2510338526328504 71.63781652680888
0.24578805360157616 -1.0711406818910887 76.39145258895708
0.2779845783052392 -1.4881846545382669 76.48984655447758
0.3193804317572668 -1.1749875274177723 69.17064997031588
0.3762722746502377 -0.8490851491219228 63.850014019708965
0.23161064277008478 -0.913611784297485 77.40481547152665
0.21703868072303287 -1.1041471531183051 79.72432340949541
0.16776077152422442 -1.663049883234893 94.99998350004482
0.273656303414049 -0.9761371879724401 72.18320047677223
0.2780024431230961 -1.1907943090964268 74.49361519195783
0.37562511521824354 -0.6492292244550052 62.31270394146311
0.29656207687784236 -1.457142143849056 73.23155329214971
0.3109736131576986 -1.0643881400404591 70.52790635820499
0.3232561796100606 -0.7963733284635904 67.26150206793015
0.3857545611500145 -1.0010757917857152 65.12185848630429
0.20094305185670006 -1.6059253074933346 86.83190937947603
0.16129786443704835 -1.6365934472854022 94.99999232280618
0.3420111743106746 -0.7029012276864403 65.48798081071652
0.3266066668355327 -0.7466174373429402 64.86243758418382
0.3093456987989658 -0.9524358133183091 69.04453394634432
0.3437173436509551 -0.9107359197441751 67.3909773664959
0.357291103933369 -0.7878008773480492 64.82612209942225
0.24991602314897532 -1.999997377823207 81.66742856992266
0.28376911302527114 -1.089377614666104 72.48455327787562
0.21968567539633677 -1.9999982776897707 83.80167098855334
0.16905285779864967 -1.9194627061369753 94.99999393702437
0.5326306202348392 -0.5113694822965683 53.84370178612074
0.26307732468743306 -1.3722535045382822 75.33440071844981
0.30524933735047816 -1.2496141421858673 71.63231492493621
0.3540218281481017 -0.9544799027761985 67.89162816752523
0.2535089579047436 -1.2831291847969288 77.18224539060752
0.3065097551077561 -0.9533634759236087 69.242014770016
0.314707408091273 -1.4324739513463305 71.40018595641277
0.16731105312173672 -1.5962439468962122 92.43212234301173
0.27356967531558835 -1.9999912759698988 80.08257378448721
0.38590837637824194 -0.6469004258366468 62.5819270075729
0.21745719336205957 -1.9999904704791078 84.31730231162425
0.25796375861923915 -1.1927282702662756 75.54167345922373
0.28427618714651276 -1.1409964082678894 72.10416163591513
0.3190919156664007 -0.9223480121893258 69.28775789288773
0.27718758645749136 -0.9676183851628251 71.37662567339787
0.28275988098962485 -0.7835317856742352 68.19433936028835
0.19944612265542117 -1.4720213655098844 86.97902962963828
0.2976529998847233 -1.209358456708921 71.45761442582092
0.23280607880882506 -1.4267777858335162 81.47206497287733
0.32796544981317294 -1.2393517502833147 69.94995249421699
0.2928246684152587 -0.9122188694028508 70.92394378457853
0.31997637456577954 -1.0840519862989113 69.68996493099418
0.35995911724494506 -0.9117078341788871 65.61939861887257
0.3162764053580614 -0.9642366097799795 67.98313284130218
0.27615334121407176 -1.033957006963054 72.92131564699608
0.3274519879079875 -0.7990309460700836 68.2063870367128
0.38062570141450813 -0.5910779135671443 61.629474951538576
0.27246230053883125 -1.1148357581045694 73.59400604916354
0.2554536712436114 -1.6946357642319805 79.26807705311502
0.33258670236154997 -1.0075214731931579 67.20805458208784
0.2894601256764914 -1.0941968589600843 71.02880417432539
0.2629222053937379 -1.322627802127734 77.0960719619329
0.3098324003781404 -0.8780554125276602 69.21820548815866
0.33771542021896844 -1.3008670341867254 69.49884736655899
0.3028080564705806 -0.7185843823596766 67.40401313706215
0.2655487800273161 -0.8396987361210978 72.60929947912375
0.2903450810532385 -1.0397961933758977 71.49288432461952
0.2588619522436157 -0.750985622232279 71.64045656953355
0.3050006699762795 -0.7654454717869329 68.14422543796695
0.31207115799098883 -1.1192678329915549 69.4568625914416
0.34342750214627665 -0.9911245011725209 67.50429038841689
0.3317087822088415 -0.9914684651167599 68.09719317722238
0.36026077436412457 -0.8962170020355712 65.46886327851486
0.2946391218030186 -0.9156138017639864 69.56838411257814
0.3140819867427938 -1.0154649843939865 68.70711219362579
0.15929616632473872 -1.646021265731075 94.99997132563416
0.2784862846162653 -1.243935938739841 75.93391512412293
0.30972220667589795 -1.1596132553702745 70.7703387630848
0.2894891335629918 -1.0983080126385492 72.33037577765373
0.3550513351269881 -1.3946760076048024 68.99081605668057
0.30694547670565975 -1.2270422949765925 72.49739658831885
0.1848568428344244 -1.371053983998881 87.0445363552378
0.31461406145947235 -1.1806626345672613 70.5140603837554
0.2818701246162128 -0.8621562610408262 70.40234561550339
0.28456880724259637 -0.9799453306936748 71.10201545743227
0.31998106258138814 -0.7010609678137023 66.4576966064985
0.3591217725764858 -0.5000002332677249 61.61549251952371
0.33436564043207034 -1.1682258376052883 70.6263037792365
0.32612814905112697 -0.8074031853606233 67.0203993067753
0.24966978482567442 -1.011391850189203 74.54149945732043
0.39591887731359193 -0.9792025196038483 64.25963331020412
0.3058437645832258 -1.3817359358003858 71.0687288954897
0.32721158108154774 -0.6505830360638855 64.76938100918852
0.34302488485024757 -1.0796550454950224 67.44277039352427
0.30275152300671865 -0.8778919870651649 69.29877649067929
0.3296907194248282 -1.0156073820521017 68.39007977235265
0.29686471011727744 -1.2080127041494308 73.07006144420453
0.299781958186591 -0.943100703706771 70.66417087873641
0.3415612278434468 -1.0538693235221754 68.6279971849665
0.45325632264244137 -0.8096396091929136 60.16561974523973
0.29921130064435736 -1.2138444920125042 72.5550939379806
0.32528195035831 -0.6861859627678372 65.48130132090999
0.23723270061262205 -1.437795329624541 80.3015804167953
0.3482399645945078 -1.1427937103080277 67.3289612108339
0.17199838305213733 -1.7740802647502045 94.99999954798893
0.24733336419014415 -1.1947243949375475 77.57830499813136
0.22408977800708552 -1.8328720411271129 85.12739026504939
0.319451348471775 -0.5911991655058276 64.69897371585559
0.28156483970645396 -1.1072797303297155 73.0827613382992
0.3738275751860339 -1.067738341669707 64.9348682848203
0.23962979362905623 -1.0309516487639288 75.2428190858469
0.25897003086404957 -1.138219647184525 75.95825928878831
0.4371650553470006 -0.5238184167915473 58.59467453912507
0.2926855320102342 -1.1891461125676128 72.61917724614757
0.31194053378310277 -1.0255744539218572 68.115951042513
0.3244842300063924 -1.180408781098018 69.64007440817264
0.3047643186537968 -1.3568262594910578 72.23466249299081
0.34072987197796123 -1.4043291486773382 69.68802766300547
0.29975638923376774 -1.1379197729332262 71.7608334186733
0.3117377012228 -1.14045722056371 70.30647473962772
0.3590532420850148 -0.6295314266175273 62.85308485343044
0.3176144777296864 -0.996046714698242 70.22983241595777
0.3147195620484819 -0.971206213096978 69.80787759909921
0.3344467550576509 -1.451217883778898 68.79460517499791
0.541112974332918 -0.5000046373907071 55.17262224294497
0.22282396464685422 -1.3873250176039558 83.70290022918549
0.2777573021886918 -1.6543302882974322 74.36005731216868
0.17311416987428477 -1.798309687077421 94.99950673160419
0.1648811560020903 -1.9999880291271206 94.4275605227165
0.291091483286446 -1.7951452090431483 75.04810071017995
0.20139901107239327 -1.9999970354136067 88.77977381759108
0.24350697109860456 -1.4334096415535242 78.4160356446181
0.4572560115378203 -0.5000003622345347 57.61876109567944
0.2893282046362731 -1.1659831386121347 73.52364407380898
0.34403394404723336 -0.500000162441356 61.85860970948779
0.2951432609773316 -1.1066015351451635 70.22171787686423
0.3691058403123476 -0.9090017759143453 65.27997225498399
0.18378506978047102 -1.9999992387904941 91.08535757583404
0.34765159068506973 -0.9686869596068193 66.49533452550413
0.3100683548124037 -0.5000003151309623 62.84098944338641
0.33354926902505 -0.79720057870054 65.7789037089898
0.29936429755372174 -0.5000003643137965 64.20128095474072
0.43206126453475235 -0.5423252190323231 58.20174354567767
0.330465067899059 -0.9189663339407974 67.02847625595591
0.26967313430069123 -1.6222783178697462 77.34018232378546
0.3000876575862622 -1.183417871102733 71.21397786676215
0.31316658180392004 -0.8013945137152271 67.4592845910833
0.2667898196108839 -1.092834593732501 74.77087708765416
0.38591855813684844 -1.0154519272228684 64.85656391409772
0.3366947257822389 -0.5280916986411788 61.87041206480915
0.4317791830978771 -0.6935538389630943 58.78760160683097
0.3032671702397779 -0.8901719352470752 68.19505211844834
0.25966407475781067 -1.098499970458379 73.2046199936184
0.33423964442954673 -1.0337732039408096 68.91518171385218
0.15217311303031092 -1.5131919386868413 94.99994977350654
0.2936655365220148 -1.2013432269666378 72.75495793650848
0.36345746457059064 -0.5000002403831406 60.10233155699209
0.31313785461535254 -0.6995311495746636 64.98368915002416
0.295969815636936 -1.167228754414992 71.7080963886506
0.17784526109843857 -1.999999313876358 91.30163105547362
0.17005357676870866 -1.7509456799234344 92.48279935520698
0.3373814394589002 -0.9899368066920812 67.38998098795115
0.326391790498814 -0.7455118990659775 66.01789745348293
0.1817661667720782 -1.999999417967607 92.12683599816866
0.34170226838224427 -0.9786474118165486 66.62039492728425
0.34228738102724854 -0.6948533365863933 64.79044153934875
0.31116860521418316 -1.3150244856800208 70.54246788063428
0.21069441622110707 -1.9999955573501766 89.40368657427346
0.43822313846638133 -0.6215657914477566 58.56783687708786
0.2950434446622228 -1.1797693791746329 71.65898425038169
0.26001800038130585 -1.029202293017045 73.81562333515905
0.37072010989974935 -0.6132757592415576 61.703332135291966
0.306708846115906 -1.1223936683329354 70.04356794661904
0.3734032755468305 -0.6305922196897639 61.807119478111545
0.2947201028122051 -1.2026889141656412 71.34320165011671
0.16130884918191793 -1.5914147445384441 92.91374541473948
0.3209582300143035 -1.0317617818086 69.7302548578456
0.3012594089005955 -1.227226113664188 72.97466456415864
0.3636962308272496 -1.662194403285058 67.74166152290043
0.17295020149697413 -1.9999902715867068 92.65353090901709
0.31791036927465083 -0.964269043342278 68.69143362613653
0.26811268116515957 -0.9245369111869371 73.4635663339389
0.28531351394150795 -1.107224524117877 73.92174688911896
0.32053949443279756 -0.9529670244960485 67.87042335710338
0.3023245598659537 -1.3724260350259754 73.10531519147398
0.3062139532709985 -1.2393042304836968 71.07811056906962
0.3057469182789794 -0.7203754900402254 67.74525945851495
0.24928337054765368 -1.235239415586075 76.45462894906802
0.35049801553509574 -1.1116645374449619 67.70701269607963
0.16155300062231626 -1.743637399932145 94.99998355879384
0.2915715716238753 -1.115598542527104 72.68151452556113
0.297284907877021 -1.1290167214900673 70.65350120889632
0.29744581708594475 -0.682810699654267 67.08659691029004
0.35094863173546587 -0.7787245339050014 63.84142845435205
0.32419975891943453 -1.0219825919639893 69.40366593340852
0.34783538436716854 -0.6132286808378771 63.89674525106431
0.24822930904211107 -0.8717238807622331 73.27202522873242
0.23528229199365813 -1.4902268992700913 81.64850271093479
0.30473643621461516 -1.019358816236606 69.96947931905035
0.20132713336525523 -1.296315538734865 85.5936763628231
0.3656911423730051 -0.597018717272585 62.10144932697124
0.38577166974166743 -0.5571360207040782 60.196210796116
0.3720244283629999 -0.6035805473403079 60.19242568087783
0.4169642946325717 -0.588611255709144 59.43279181106479
0.3032586106369156 -1.3344082308883833 74.12032943857453
0.3048009140745614 -0.8799137626685047 67.61671454469281
0.26460574072943166 -1.105523251839372 75.19472040448615
0.30115689636346477 -1.3843363569332752 72.99208801870274
0.21577976195297208 -1.4752134909712324 83.01665051687498
0.40930359956698936 -0.6733083907829593 60.62439035489923
0.29512836340101284 -1.0803274965688157 72.0083501208512
0.3155041151131267 -1.1461585928189066 69.78730791788455
0.29783698186293056 -1.1867341633562025 71.9380690185518
0.16985383968007492 -1.8265599996737627 94.99999821211472
0.24909615547539135 -1.409383606386444 79.06080366787054
0.31288292612086394 -1.419258639430096 73.1377654104777
0.29479150427312323 -1.0178282584367195 71.29203636398573
0.3026528032635426 -0.997458628993389 70.77253496602077
0.337703279071891 -0.9940033965066958 68.46173005429547
0.3394823351025222 -1.0438986866550848 68.09319723751135
0.19920128091231556 -1.5777735851338874 86.24015219620638
0.31749088530432024 -1.1102034264861058 69.44768853021091
0.3436693864174093 -0.8317027815662652 65.92093815332845
0.2876652445013593 -1.0573894457617585 72.3294865559179
0.28683290039547416 -1.1966715327512725 71.62864226106839
0.17954718570320452 -1.447067566513429 87.6218296062866
0.3557163771490978 -1.2410779694702647 68.48667325158267
0.3188182301240139 -0.915606653416693 68.11814769948562
0.27127520593921306 -1.4053029745427883 74.82468756555626
0.3583025876194235 -1.116029458826384 66.99300016503948
0.30628615208798526 -1.0356652462627738 71.32861835850292
0.3309563349201106 -0.7794696051664147 65.81044092046069
0.3100777035043933 -1.4682650490391682 72.7803684589678
0.35331299474382166 -1.0012582122483424 66.80557774148234
0.33880629527026884 -0.9006426052322762 67.29314267759665
0.293132444884787 -1.4935006573689902 73.55071954134176
0.28456920881450365 -1.0561130688221343 72.3046930553065
0.3006529092048712 -1.0906415142131183 72.35492384337044
0.3724286520636307 -1.0662188831592556 66.69041304023216
0.21412155374213765 -1.23844214020747 82.46969214176512
0.28671185626838636 -0.9786726861765664 71.90003801642959
0.28543884597366526 -1.2295225172467075 72.81659695563722
0.33529702168554054 -0.9798570313284221 67.20314172657764
0.2693973571886301 -1.0974713737891508 73.6337876109782
0.3211119562445549 -0.9281480847033602 68.01449240928292
0.39392841737332507 -0.517161268910667 59.19680213282301
0.2466968193545087 -1.3795592041868656 77.41567299437149
0.30573098253838726 -1.1803763630817674 72.47234993927778
0.1976416444923082 -1.6433936034632224 88.00104377247962
0.3356541371410489 -1.1246153937397303 68.3024637562356
0.29515152959687085 -1.1221320873566076 72.0991206113056
0.36851981077855667 -0.5000000437198792 60.893909527374156
0.3158124033422076 -0.9340152200299383 68.27980997878961
0.2716778994237507 -1.1018673494080942 74.54574605497875
0.19221395139186537 -1.999999516427446 91.20383260473822
0.2970797086473962 -1.1272173927636813 71.7556918723872
0.22587101149210656 -1.2447327522600684 79.00083269625051
0.37658261417986244 -0.7223184966620039 62.591144290426534
0.23963659209717225 -1.1638909264760426 78.795889312516
0.28727161471917684 -1.223060648032265 72.57448954594
0.20075150199740827 -1.2758062678737618 82.40873704353127
0.19840424219442945 -1.6964641133555367 88.79565523431442
0.23037537984889234 -1.3639891978420169 81.00734195989963
0.25797260412037115 -1.0288249009359813 75.44558317393482
0.2845412053818172 -1.4405854844099686 76.03342970684531
0.3504978759183764 -0.8105623785279622 63.97460119171198