# Omage w H0
0.26082879975573653 -1.0650888143296693 74.94500066572749
0.2218588566138637 -1.007078657229035 75.71323449110419
0.3019267316818353 -1.4369782426648614 71.66447821172883
0.29380711769424267 -1.0157566612037945 72.03702236734348
0.3513119516827281 -0.793156762810774 64.75826212421225
0.17012244519709843 -1.6695504785808817 94.9999975015003
0.2913720813318565 -1.0477213028950798 70.5412856096892
0.27604128054391763 -1.1236620360133494 73.6473919925235
0.33630993831598527 -0.6422647235091101 64.00251285560573
0.37222254818058303 -1.0227394738669946 65.01937927826923
0.256998636117343 -0.9908872532846891 72.3845407314142
0.1595701316914251 -1.7910162128845144 94.9999733225792
0.181977190190709 -1.9999994989941312 92.81710886130699
0.3748998408589228 -0.5752963821338498 59.13332135464991
0.2455973813933289 -0.9042622119124116 73.75583467734636
0.2590128154504866 -1.5113214309244882 77.2465096504396
0.30531272846166413 -1.3350745147064724 71.18107782537942
0.3480069859575308 -1.0571332345824864 66.79997077466282
0.2714481686763079 -0.8432561629335673 69.70482216213311
0.17661783544005372 -1.9999971613297134 93.53927994280602
0.31194771714141367 -0.7862471965288779 67.76678486889756
0.32208293840535335 -0.9528269738424076 66.99617271020702
0.15866894638884038 -1.796812932046852 94.99998966081357
0.41548587663482195 -0.5512197054960271 59.86281906200974
0.1811154371347537 -1.9999981902920794 90.52715155294909
0.2829453887977796 -1.2529773456233395 75.18256472023958
0.283214342792499 -0.500001711189401 63.87183960387784
0.24455350781681565 -1.503136358331423 78.64791592311408
0.31225430009123056 -1.1981953970034307 69.0854764289186
0.22749504384598107 -1.5177828024620772 81.20167293585882
0.16665110713566275 -1.89916168466188 94.99999826480621
0.3137453102168321 -1.2202312188290865 69.84431986984522
0.14893500716492117 -1.6783671062147905 94.99999997614465
0.15865772569135067 -1.7227415955531062 94.9999997296406
0.28721901166085234 -0.8794207427305115 70.33627710518856
0.3432121702206056 -0.5000012105919698 61.61308744624344
0.3045631119182517 -0.6077830594159591 67.05690343985297
0.16708795973336704 -1.8068106449810104 94.99999977521387
0.3178498489859305 -0.9594921830534643 67.98478562037371
0.3046283588120593 -1.3992058711137252 71.84442239896386
0.3242668358860447 -0.5296081255903493 63.15178636241831
0.16023334100166517 -1.9628475767020397 94.99999874381326
0.398202710738934 -0.7049507843276085 62.48847735670525
0.35766204025842624 -0.8176876621403772 65.16572933331467
0.27528660774108665 -1.0768061460509621 73.98590895162198
0.26876695112847176 -1.138185187993835 75.20842531000577
0.15945045196737356 -1.7556324244659862 94.99999956712816
0.16274950192464574 -1.7720622295561088 94.9999552772052
0.38260901024365207 -0.5000000976230103 59.917841030079025
0.18061035040124487 -1.7329980136190588 89.22854830574268
0.2897736755874292 -1.2926553920157027 74.00837163617346
0.27866372019766417 -0.9638721254361567 73.62414260232332
0.26942359724437426 -1.006777261887385 72.21886661984325
0.2691792718354559 -0.6739690844847254 68.41729158880855
0.30038950286299265 -1.179046630842959 72.50654188271517
0.1735710712308155 -1.99999996097168 92.7052772443785
0.30781272118613007 -0.5001480355266948 64.13859139459854
0.28413419943705504 -1.1885531291695746 72.00189603788947
0.2694175034951037 -0.9895963380825261 71.79718415395651
0.37627040854040544 -0.8924617219362972 63.722416149846424
0.22773787384680352 -1.0896134930165835 78.58211113665214
0.26282419086812114 -1.251339388695037 75.19452922790519
0.30774877715187815 -0.5000007164624657 62.6817651878806
0.29680247061558895 -0.827235541165064 66.6826957699932
0.33775249201361246 -1.8142279179626108 70.99384389005509
0.3044021528334761 -0.5136517311006906 63.64495249700498
0.323456566606916 -1.1646731276154343 70.16533730042558
0.3773200738121692 -0.5000000539431669 61.00081437522116
0.17880564104661226 -1.901472426210821 93.15319573179032
0.2600300514628621 -1.1800655245851175 74.84899866407754
0.30508148706681065 -1.0005381291344364 68.51428024859348
0.1764241565675694 -1.8226617194204855 94.99986061664646
0.3199198235503762 -0.9116896327264081 68.74569487762298
0.27074207204398726 -1.0797846665155864 73.0133068765737
0.17741028571217143 -1.999997088388915 94.13936870522933
0.18946842563486538 -1.9999997329654382 91.62704280531426
0.24510667252361948 -1.0210431951711023 75.67893801501396
0.18835446661213037 -1.2527610090123686 85.14426479257835
0.3285472666775479 -1.0596359742142611 67.63253626324331
0.30437982735055136 -0.990915841413585 70.28328177302289
0.15923754403397855 -1.516932000896837 94.99999902837857
0.28759705967117283 -0.8773674166414506 72.31385941778579
0.2733558264896219 -1.0005434894326488 72.44965969049834
0.3417118287658564 -1.0866616271686613 68.58726068326251
0.327403023736428 -1.0264364735159341 68.10921927735261
0.29822958629536805 -1.0374381786927829 70.5587140350671
0.3488998712162135 -0.9336832515375384 65.67267575402843
0.3655435405468251 -1.3911565134927535 67.1805916716664
0.27670215396376274 -0.8837134790819655 71.05373686386986
0.3492514642986167 -1.1097845465182656 67.32598775302654
0.2697310751773937 -1.4331437568415073 75.01413088195284
0.2874049964873141 -1.013164027539768 72.51565615150777
0.323916341576597 -0.9348123306450252 67.9750369316347
0.2560863796181132 -1.6557603733420883 74.81805976126586
0.21269138028332382 -1.3020081859369437 83.00892442757367
0.18078037440485942 -1.9999990374423915 90.59128614517577
0.2704755811312027 -1.6157968593673924 76.41493114925309
0.1575272798047334 -1.3306675989613324 91.29713535226658
0.28470961893068 -1.2485739619463565 73.34751421955396
0.28329883093501157 -1.3179116629470218 74.39597407783907
0.35238874103509826 -0.7183493952539559 65.18637319958022
0.36564202693589865 -0.5000033194207016 58.65266715563864
0.29142063136891483 -1.1751701150829101 71.76862452220965
0.15895681152277225 -1.4183220311764417 90.18786422257863
0.30477152431655 -1.3901324837453297 73.07695572219106
0.34179206914801424 -0.7476057388186691 63.64173517276256
0.25183782975408364 -1.1872252320395627 75.88677004113747
0.30539073641185027 -0.960790875516725 68.32482074807068
0.2647062769570156 -1.0105836281374685 72.83066894754768
0.3295818720008859 -0.5000010379661851 61.99604720530672
0.19056999371761488 -1.9999876688136426 90.8027300460561
0.1712432702571088 -1.194544749051694 88.3934993269261
0.2645189030676192 -1.4647792050476567 75.3685121480214
0.25875898497217964 -1.2771524655565536 76.2342432779628
0.15654521962084167 -1.7167854430335006 94.99999256137323
0.3296770613029735 -0.7946016634150856 65.72711826929044
0.2845051454885127 -0.7858152363834904 68.77413382494608
0.3295616206287055 -0.8528840176235309 67.8821388189306
0.3343885379340409 -0.9512888397411009 67.45458010139407
0.28518604237074424 -1.085400796601493 70.47405306604155
0.15532184108511235 -1.725311364908153 94.99973910726582
0.31715081076510904 -0.8610407534040366 67.90546173940163
0.16214254739466863 -1.740485804140146 94.99985891084083
0.35821012402896707 -0.7730712147320753 65.59810767472996
0.33043969501554893 -0.5000000880124574 62.379778362542645
0.3426179066380014 -0.5709784755008093 63.52913155370622
0.23913190080573207 -1.0131854739158037 77.45528494872633
0.2555986743311527 -1.0095127175956076 74.38559088646414
0.2886067323420973 -0.5647529460868765 65.2648153917618
0.18522609392584483 -1.449438469234064 87.08300155908488
0.25562510827423135 -1.0775366836229685 75.12481192309126
0.2913228649700586 -1.0912727068685484 72.44551638520481
0.2597003306565279 -1.0015670395067242 73.97413333663567
0.17952321270166732 -1.8662488333365248 91.28582711493975
0.2548509475993711 -1.3794647947438639 75.62427204850077
0.21267077461993814 -1.6161839956246438 84.0688963080469
0.32098672809271606 -1.1523773120747165 69.6025026824761
0.33675123815780544 -1.1909100320277055 67.78922214688524
0.33467880715580434 -0.748198018531622 66.11544466732015
0.32296711318063337 -1.4828285237599261 70.02583742273254
0.2684457452652529 -1.0178142244243873 73.0047687930953
0.33804639849674567 -0.858456610253177 66.11949162756491
0.16272171832116927 -1.8323641844858654 94.99998581617974
0.3935953215688716 -0.5000006863251094 60.129306570271645
0.21282873145324424 -1.360786816523287 81.88344043734358
0.15031892242211883 -1.3500607116804908 94.9999977913271
0.18359230678577948 -1.5501701579676301 88.13573422408973
0.34912828866175605 -1.3008838211060947 68.37609088043976
0.203190106205768 -1.436930010784168 84.47129960220198
0.39471095471296425 -0.5000015705307548 57.290422721574096
0.30729655849683934 -1.1317599517352435 69.99227271033705
0.3406473972537927 -0.7240381975009097 66.99124196884975
0.18299110093103801 -1.3235331681935096 86.0292924214188
0.3252916848011817 -0.7996364021656389 64.53815001863356
0.35685542571593337 -0.5000013878542248 62.11783731538846
0.27578676540302005 -1.0744868707654343 74.55857376493023
0.3393391115724198 -0.5000003772936501 63.36793194504259
0.251787020595952 -1.0481084709457695 73.92890698810167
0.37091178491156185 -1.0747192905951086 65.39106233360218
0.3417553367339488 -0.8413259587004771 65.22420479618815
0.330207989742472 -0.8903619744671569 66.38721948086776
0.15529917601467993 -1.6312635421819754 94.99999987046444
0.26780672359507546 -0.7124695869126014 70.95154781101421
0.3242528669620566 -0.9754046443299208 67.30749773732175
0.15117160841449223 -1.600548067099339 94.99998344672122
0.2323958379828506 -1.1921283283635677 77.99331909865427
0.3049358326018237 -1.0053099422740732 70.1049821887879
0.2923568727770967 -1.0043649235192509 69.89499384848517
0.30035243085685054 -0.9749529366578655 69.36677942874591
0.3553620738852047 -0.5325660993528486 62.72258384412871
0.33473068208847645 -1.13740220948769 68.26752200798018
0.1726607626787191 -1.750812924418676 91.0305976911623
0.20412696577149853 -1.9141129316976615 88.5024150876184
0.23520996161785995 -1.1942930349750587 78.00844774144032
0.24015317791507984 -1.5527075882913652 80.0286823992054
0.2947190521908813 -0.8710471927337988 70.05053472272968
0.38386258343638635 -0.5000014200524839 60.12019573383443
0.216235180304862 -1.0699937262975519 80.0113377172011
0.347273540819114 -0.5000002020489825 59.954198876415845
0.21548976104482326 -1.3688348693630221 82.19151297410097
0.2909958646970541 -1.1272784234040827 71.85313723626454
0.17514349302530782 -1.999997589311769 94.4753796608628
0.31390389961118287 -0.7405336980750336 68.75406892331199
0.27299843060664425 -1.3844891097189056 74.9070332117657
0.20369009267421134 -1.9999880849069562 87.61725285554631
0.2951517555512895 -1.2609616890043789 72.33114297257505
0.2602538645915097 -1.9449654074039335 79.83761237296619
0.33869563325391355 -0.5000000220192244 60.738876025897085
0.18851495413705674 -1.751863461120155 88.32941019914134
0.25062431721352435 -0.9782744574804423 75.71469112580392
0.15575661132039784 -1.9185279300908824 94.99999416027151
0.29858618636759804 -0.6728242479495159 65.66217772649698
0.27868909565855493 -1.0210240138471078 74.70359288407938
0.3129093320039144 -1.3096170876902784 71.1160736585658
0.2691143612046553 -0.9933229564900035 73.40224123835709
0.20929202852436934 -1.159245281094399 79.29361505757926
0.3356776841593475 -0.786409918299303 64.3917051423063
0.2261950847824259 -1.0446999261668262 78.63312170462073
0.16404397157877537 -1.8660713337589139 94.99997069514637
0.29991083164951704 -0.7868417516277788 69.24531594036968
0.27403691491943777 -0.8007476697874072 70.91258453380024
0.15625323182728187 -1.6556525225067111 94.99864957246739
0.25492391364279665 -1.3961901686971874 78.28869569430998
0.30309709766067505 -1.0129451744227524 70.14674321570176
0.3094220368023439 -0.9058549688554604 67.77563944231397
0.16806375806289742 -1.6997866583446195 94.99999193492224
0.14775903814194413 -1.6378426203784324 94.99999212844435
0.3726971564006849 -0.5000007112643724 61.60667271165158
0.17110005361562644 -1.9437312729723277 94.99999923306984
0.30607840487451554 -1.152273600866869 70.62435339043155
0.25916499892656725 -1.2177120086353332 77.24267772749447
0.16068868391540944 -1.6367327155841946 94.99991291436193
0.32651130553055824 -1.040391138155293 67.97899023888314
0.3302335294470773 -1.1597533852217188 68.59911554742808
0.23493047882656132 -1.41723865726487 79.24326046962662
0.1581268300761875 -1.5181698488242412 94.99999910426406
0.2909784460732967 -0.7715084522580868 68.87667506182461
0.28855954170997383 -0.8530193405777466 70.04225300230168
0.35963603427967306 -1.2411435676823994 66.64541057616128
0.22023242587899183 -1.2632615645067953 80.11044502951317
0.22197226454887042 -1.999998566337828 84.91462268845443
0.24384335211750696 -1.1546383886511327 78.0370753074825
0.3126206019749477 -0.9074516675004399 69.07627432559268
0.1626170915893417 -1.7277386560987211 94.99998803948914
0.3205205377550694 -0.983960056771557 69.34770078654577
0.2223753290573512 -1.3823733290581313 81.17780877452762
0.3112631698767901 -0.5000129603651584 63.692939032566215
0.21238048255857414 -1.2696245303893778 81.57917504994609
0.2674031351222032 -1.0963121844801167 73.418676059692
0.1664098939619685 -1.8987183446521192 94.99999383661294
0.36849053476907045 -0.9680518787346538 65.9604176356329
0.2893062518037585 -0.5000000090956689 65.46924513951784
0.22453503470518332 -1.7693151709809316 80.65582862901165
0.35273366869187284 -0.5000013706399629 61.42490173606574
0.26967441337833326 -1.3229039406494187 76.10908622384568
0.36751333634115635 -0.5000005211324827 61.13339538818942
0.2579528565928798 -0.958624710394896 73.30872899368636
0.2091938303358165 -1.7069335914901012 87.31245768825077
0.30553216770471225 -0.7260199355832027 68.82001596143428
0.32771945576659733 -0.7839970899703573 66.92958849805572
0.2640539690331221 -0.9932945661811439 73.42747049104788
0.2852020393491917 -1.0439765495427862 71.8784436344284
0.3324652404522492 -0.8996571342200294 67.62177819273892
0.22026443117555247 -0.9840556113627414 79.37567677566967
0.1685840363534435 -1.944200186643385 94.11844001121412
0.16723673987364324 -1.3943052780565894 87.14952318276178
0.30692764120872396 -0.8636408648977906 68.64410070309188
0.31589568661130285 -0.5000014702194656 63.42896099423241
0.3417058819244258 -1.0058797275718008 67.9446745829325
0.2165914927754825 -1.3706458095630647 80.11262809491821
0.31656337458938943 -1.043705015848515 68.95994041397115
0.37625855802094393 -0.7625367943253998 63.1398044543485
0.31646569105781525 -0.9288629432851453 69.91994369647696
0.20713395563081757 -1.9999990585904202 85.33270670960809
0.39820571819235756 -0.6320905051017938 60.99792183227138
0.2046009986694643 -1.369543198929244 84.61411332607261
0.15839625634488344 -1.7520495333026174 94.99999893704447
0.30857776340669785 -0.6191841174577644 66.14412215148243
0.15887612681893762 -1.6732669799275801 94.99994872922446
0.18157948328542367 -1.1588946117093275 85.98662338165198
0.27464790550977775 -1.0427443145230733 75.44155790160457
0.2301545400274123 -1.7753322019507012 82.71038458902164
0.294302718504607 -1.3701577271412553 73.56462296578786
0.15170163062250414 -1.462128288522061 94.99999995429971
0.1666962700923148 -1.735060303134193 94.99953623810131
0.3268910813140409 -1.0147381747920112 69.26398455090148
0.2516513085228751 -1.4728027052290567 77.33743152331859
0.33176535217610337 -0.8303511265635884 67.19204616074123
0.21011482221666972 -1.5465681820624444 82.70960194975348
0.28296876145161654 -0.908275538217979 69.52416057838927
0.3131779450190725 -1.139550399291994 70.89734597698174
0.19774737376716076 -1.2435619449242923 85.46129936212358
0.16180139484395867 -1.5085923084401833 94.99992222831366
0.30798905013680056 -1.0641888828568247 71.4736594690207
0.1608188899444367 -1.9955501394240718 94.99994913207377
0.32436832305982244 -1.1685643640166976 69.90960383543863
0.3405969783611673 -0.9110676026604267 66.83833978801624
0.22200916366141565 -1.1197644931400872 80.09050771849607
0.42273406294737564 -0.87756082435379 61.97766256926688
0.16388897530176844 -1.85587405298796 94.64684249306805
0.2747664699336181 -1.1896068953943388 76.45621970660603
0.29061774974713855 -0.9752266431990246 70.47513008762493
0.31253855642740336 -0.7846433579239198 66.86569466514541
0.3194900671364576 -0.653687089365899 67.57269133039482
0.3378568684181318 -1.1197788993875994 68.13545591189829
0.2790616729192484 -1.0640593570410504 72.03641789108067
0.21852038143882752 -1.2446410037760667 80.90328711548808
0.2623781967418227 -1.1241543729865748 74.70087459995864
0.3401046583866915 -0.5000020643248027 59.63271894296615
0.30004630158995577 -1.0994359656873982 69.17474084216482
0.21769104784112997 -1.3669837758953975 82.14704806171707
0.24412526927287576 -1.036155367448335 77.3770095266349
0.20386222209975355 -1.0908481334433966 82.63424637761528
0.25789292711269063 -0.5000006837183146 65.56234907861642
0.17307540167336796 -1.7761264632424698 92.08385113826303
0.2790391143697709 -0.5000007209195302 65.38657329818223
0.3517072978070603 -0.839147679951784 65.44344625210269
0.1638405405158971 -1.9409491284528402 94.00488038981138
0.3538709976072356 -1.1872040749692272 67.70988358247938
0.17828322642485997 -1.4958614058294235 87.93863017195609
0.22897856866516947 -1.999983669239527 82.23712307272955
0.24245347863726618 -1.162277391358939 77.58818469151372
0.29285589550823166 -1.0186782189761878 72.18673187568128
0.15326390218461056 -1.4966817195492303 94.99998401107386
0.4013268461683516 -1.11670034764096 64.15217985588882
0.21598452119464764 -1.5797937251079857 83.47129778828726
0.3428362819936223 -0.9322879348811083 67.23349241873086
0.28948700859475973 -1.0036615264462232 72.84810366207587
0.2693750263982853 -0.8762979382636326 71.19274606660719
0.3526632714257495 -1.184602001399476 66.43988311409804
0.341876664787822 -1.0427584329023591 68.85311781509643
0.291446506800271 -0.7782790304311652 70.10651983037677
0.2966521822983242 -1.1563893717977023 70.44175239524779
0.2688217789375566 -1.5486701866448054 76.5026224080928
0.29519017128742664 -1.304499678860744 71.40668819370285
0.2956986405772635 -1.498162613590562 73.45894203520476
0.24909489287819922 -0.8830700398144921 74.57677313477558
0.4935297860065294 -0.5000075057341352 55.24715435927487
0.19842297907266698 -1.315642757222988 82.8331327363157
0.16198045807883224 -1.8051326898478177 94.99999607743253
0.3632057104655074 -0.5000007235985942 60.08435421535081
0.21289521349635457 -1.2910740924886945 81.13250516655657
0.3274159318810994 -1.1992830437894824 68.48177184374514
0.25115031765080664 -1.575824203275825 77.23318384864207
0.2943231234606538 -0.9228716067611126 72.80970245821663
0.2586965421190815 -1.0366710366382224 75.10328220538456
0.24506329941589328 -1.5975807175620138 77.0366375473845
0.44516735699027243 -0.9008014686120114 59.02326962227337
0.1957834340589111 -1.189086006497553 79.86307240400258
0.3884276126996534 -0.5000009234118193 59.704131619710076
0.37683272660531414 -0.6020061979468507 61.79688428076086
0.29123073961736234 -1.3389035681650676 71.85820414827036
0.1742418920475476 -1.6420166111240895 91.29248658392983
0.37175219130982 -0.500000116366592 61.16468226871173
0.16501809881510404 -1.4636152565011726 90.5704308634467
0.3434669740555028 -1.0048635385030762 67.33042566773823
0.4125701926961701 -1.3492940534083202 62.786501293984095
0.27339721408616197 -1.3014540672964483 73.78667920618747
0.14960420846734607 -1.5480554970724867 94.9999995531955
0.2322850425642644 -1.084123621418175 77.24153773360281
0.3306423050639282 -1.2423015842243204 69.6789504093521
0.2351081960224685 -1.875805151520612 82.47903759423382
0.26891641907716424 -0.9850092853481826 70.32006915356777
0.29061101632533826 -0.9629683992465508 70.99897995793587
0.2642255430445714 -1.0854072152607024 72.5928108378422
0.3265700506674312 -0.5000031249573165 61.664554072823606
0.3835914837502362 -0.5000021655963005 58.583074268361216
0.15180473810401568 -1.712696986623766 94.99999609840656
0.2521465895036672 -1.9661572113004242 80.0090082651595
0.26673778909397305 -0.5000000498474407 64.94811565703519
0.27385084223235845 -0.5000003248363243 63.58724414537492
0.3171909429324834 -1.4690226908495498 71.51960422004149
0.19166469018619886 -1.1393169799047789 82.81701021918107
0.2843974462869349 -0.7391639684466739 67.94491461088853
0.24780557534829864 -1.2512606669751651 75.50827343494582
0.15928254895415914 -1.706605445588148 94.96372299318558
0.2819447685695515 -1.1051887663395445 72.36259010323602
0.3687399430465145 -0.6997510116601203 62.420377263722195
0.2748467161963964 -1.2369218116082783 73.87770321207591
0.2881444276404151 -0.926993481337157 69.97272343581952
0.39487775643762896 -0.701821746570071 61.76447544258145
0.16656971347569505 -1.9999989539730423 94.8004598511572
0.2068018193945905 -1.2809343749072142 83.9270368607914
0.3546492360358371 -0.8065293968328887 65.45362490059898
0.3238007438519311 -0.5000001672461365 62.80684460377966
0.25371794267131237 -0.9320348658793295 71.93866727927828
0.3053538554237554 -0.9840798191951031 69.30247437805096
0.2399872901104695 -1.4358603405427135 78.02689772536549
0.1537393750759076 -1.731285628765519 94.99999102789654
0.16546958452918806 -1.847257219975592 94.99984740156258
0.36199232172977924 -0.5615138008724186 60.392126000747325
0.16621332478998646 -1.6984667317204385 94.99999759958001
0.2860108523444821 -0.8035151752228914 70.86159964767256
0.2791365118312256 -1.0189083764049653 71.20624104205525
0.36033754740296897 -0.9518071261432796 63.611076171590106
0.16696207721228137 -1.9911715791562512 94.99999262058037
0.37052611430740884 -0.5000000602089052 59.84501952613659
0.24165770396261557 -0.9314109571142705 73.35421197073974
0.24974891337168684 -1.050436624193631 73.93576353509314
0.25540665357510695 -1.130228092630145 74.59687628159979
0.34790127056833176 -0.8450690783700335 65.39518819046921
0.20346411791130606 -1.2595135943286004 81.85477881420263
0.2733887321465383 -0.9978011619961077 72.86430365403724
0.23880184673086488 -1.3288509082985345 79.39988546651021
0.2721248392072062 -1.2634152175149729 74.63635121141434
0.2921899280111269 -0.9032969375323634 69.28016493083692
0.3169563710712824 -0.9813783388838908 67.8512452729531
0.28336031969291675 -1.1453882014326058 71.8625378326471
0.27179671434131975 -1.530764811192519 74.90887080464123
0.2147899085994852 -1.5953548069078707 84.21901682070144
0.27480537191561427 -1.6137864836803317 76.40269656439767
0.15904773618880103 -1.8285139601388773 94.999998667359
0.3323252723792908 -1.2157764511378168 70.75246853079094
0.22719529788954324 -1.2783781140012307 81.52740902163202
0.403075098683916 -0.5000011377710201 59.93377212340177
0.295139636077546 -1.055553316470274 71.00323180103378
0.22706475618496721 -1.391472682964289 80.8667948148923
0.3041498543352089 -0.5611702284337862 65.71187011035263
0.3017861404814107 -0.966507426300567 69.46580418676587
0.3058852929711344 -0.9951173228930945 68.33736898119005
0.16200879475036697 -1.6990766964230557 94.99988208599673
0.22357560667010587 -1.3716059324628906 79.98498837151384
0.2497374237267008 -1.2325193600580502 76.41662921458389
0.35084111491293907 -1.1985164565970121 68.12439978487245
0.26792831689613283 -1.347624600334676 74.45074144366833
0.1684550267573768 -1.9221319554896983 94.9991973141231
0.18576157552221884 -1.9999998260181544 89.19824320785455
0.1731525502114832 -1.8049929608401696 94.99999488862811
0.26891439278457246 -1.1562846661505184 75.65837315551323
0.3635692151686826 -0.7437569093419487 64.28919812176176
0.2634367178005704 -0.9153912678728913 73.59850327451896
0.2067751254469504 -1.2711138062811007 81.80518023124212
0.21155489147214665 -1.061467396930253 77.53648609220988
0.2757150684090209 -1.2077398425597494 77.13262663672148
0.26332182816485933 -0.964055601825454 73.72296702341517
0.3477710337629117 -0.6754329985301295 64.24624717232012
0.23168987424467574 -1.4517080210767335 78.55130089441018
0.28440463629665313 -1.0032145087975204 72.18038406295976
0.3069264693342469 -0.8029012964632603 68.04065272477156
0.30445925229587717 -0.843020439058884 70.28139744048569
0.22559059539764878 -1.1613496555811476 77.90786254537417
0.32271058685984827 -0.9130081053950131 67.87477324659065
0.4430929387624569 -0.5000001712234572 58.31795827802667
0.15678530267576923 -1.9998461251118682 94.46169279982263
0.295507837159539 -0.7473061038295714 68.51014463811464
0.32962452932270475 -0.7804665129741606 67.45023125347385
0.26997965038335486 -1.0837382593071412 73.48549461222035
0.32284338538528573 -1.1521201909727312 69.7684173797053
0.29746877888168155 -1.206470093238795 73.61728429553477
0.29615782311196664 -1.110599676925639 72.67812924037894
0.16951965039599529 -1.931569300496262 94.96712893935042
0.35275409919827533 -0.7845258449371587 65.70541793983489
0.24385957433403038 -1.281261588713338 78.07511836131236
0.27217625268047857 -1.2415422100588973 73.7671082837892
0.2968239189793831 -1.3885473364838326 72.42588335515481
0.44151254185518574 -0.5272454289358829 56.396518472088644
0.31480856025074944 -0.9106507187243329 69.55678139210059
0.2495741151200856 -0.8364257559133099 71.7154401680324
0.1884500744395009 -1.604513844376924 89.30520092397815
0.17726991699555433 -1.9999104433072417 93.18199126640242
0.2682982398909874 -0.8598450830472221 70.39671870201971
0.25480766276109884 -1.0320083091504928 74.93723501636828
0.3016724701763813 -0.7692511902887833 68.61590453291925
0.32666961336424555 -0.5939099647771652 62.883782008028604
0.19734988691558836 -1.4435533806018235 87.26935633348732
0.23012202381301183 -0.9895643970743756 76.24423371747095
0.2543063861936597 -1.081343828554875 72.69398231682878
0.17678961155623338 -1.559241721214206 91.08479299558668
0.3002964928599214 -0.7082372620158465 65.70638775442026
0.20907440567627397 -1.7782281772566488 87.57062930249792
0.25441275100799854 -0.5173013717291889 67.84760453092414
0.21586104892499733 -1.0347136660876899 77.7450807123848
0.24733738722218326 -1.4390266334420423 77.40756726170845
0.23990732004250917 -1.1945291150291146 77.24585126944005
0.2319993189578097 -1.410823807588784 80.64006275340697
0.31724415948635115 -1.4170721556038304 71.72580260004376
0.21766029241257503 -1.595956256988799 82.41743430139603
0.41307881019530696 -0.5000011564466107 59.20419118796557
0.35917648900631055 -0.5384676481564994 61.664665417653964
0.2547219445081748 -1.3947532884615637 75.7391954297332
0.35847867777872083 -0.7394748487630401 63.63680902809554
0.3386934120353899 -1.0755021000809393 67.98965553112656
0.34802864625990204 -0.9428063224675762 66.75019013041268
0.15157979190130588 -1.6360724518185183 94.9999978303736
0.3375575255491956 -0.7310374425989279 65.39868535340027
0.27374609288834867 -0.7320078435271263 68.09816407495639
0.34930629235437616 -0.9536789525307128 66.05124521610426
0.3161403905413576 -0.6487401095354366 65.43860882060767
0.14742176787877162 -1.394733963984364 94.99998989432004
0.3254198450513066 -0.9206084208853956 67.83310133683055
0.3326099279252282 -1.296865770269507 69.32782816968971
0.31201609775230305 -0.7648237298519053 70.06781662707874
0.1876561976694714 -1.5278399853352693 87.4196986694464
0.2860006153870486 -1.5551358719980812 74.42825022854652
0.29192246041794057 -1.3290478039535456 72.22099145051553
0.2057637173224059 -1.3160813943460843 81.7244523914904
0.3583506945192079 -0.5000037670880817 60.716177182633245
0.3148931240282503 -0.5000003564723686 64.5088300281155
0.2582292552396545 -0.9876108554099321 75.99944143263203
0.3663398226130391 -1.1241535677489782 67.48508926900031
0.28679627865287843 -0.917382533324344 71.19167250496075
0.345089389609958 -0.8497550162635712 64.99034738042467
0.32420812019191037 -1.404724732687408 71.14200551011815
0.2779720719254384 -1.5917976144224872 75.97041353923366
0.34063341568459277 -0.7693585070827421 66.534839667027
0.2419630543980176 -0.7981168167246054 71.56202415351349
0.2999578585643586 -1.0750530567510717 71.049479339192
0.3621862649865444 -0.8026942455652418 65.87603814708775
0.2835503285014226 -1.0421939134274867 73.27772277854922
0.22816401904513026 -1.3126259979104469 80.71674886290643
0.2648645403251867 -1.1204227463228786 73.7281800503285
0.2780808861390766 -1.2818761688273586 74.93566178579279
0.27521697528824357 -0.990265317639894 71.61927001076423
0.3268004259459287 -0.8202863945732877 64.98313686372892
0.2695149654055615 -1.0724912136692502 74.57003848006887
0.2754879759591138 -1.109957746440068 71.58339551538594
0.30151562306789675 -0.8738492494655268 69.72399928483156
0.15675149259958251 -1.5802196746818467 94.99999860208116
0.2910788498672879 -0.7983246516415926 67.94561860650957
0.34571146207273423 -0.7651312918940414 64.27506135956922
0.17890400957551422 -1.7365127192949297 90.8047489269639
0.2669792155500031 -1.063256072372712 75.17586373900932
0.3300714099545746 -0.5000002090317965 61.476375577278986
0.14140416428038774 -1.5310190975850708 94.99997025024454
0.22034101779195575 -1.5833437578062806 80.27549874606801
0.3151433258228598 -1.0685964478613035 70.1888886356453
0.18908287230353413 -1.378036425229433 85.72004037127024
0.30013763217929024 -0.7181799602693651 67.17109077027081
0.16666757283188643 -1.9999991449399113 94.9588240874197
0.26046109902922177 -1.6317054898398458 79.38046708760706
0.19025597095912697 -1.9464026960419771 90.70927230806817
0.27209642355258923 -0.7866906687660019 69.47539528002257
0.26101666019379427 -1.2270556706211448 76.9142854024337
0.232173429630907 -1.6568131779853283 79.45126547354974
0.32374695591177693 -1.0172170918671086 69.98515974492265
0.2658929370613761 -0.9412580063957982 71.84181049710085
0.3182117896772838 -0.7528125883484373 66.26391137026735
0.2131468557317903 -1.4903334970791469 84.21204806624198
0.17809729704838842 -1.363737257339153 90.78330212382659
0.1629095995507923 -1.3465584927279384 91.4214536804526
0.3307174743093064 -0.857091862761047 66.7131658715553
0.3677193339997557 -1.162857913511389 67.38089463316567
0.33149000461595973 -1.3999677833900928 70.07908872835759
0.5104422479843774 -0.5038471533850799 54.68787151631489
0.32522794650909254 -0.6709644452380362 63.28625522399516
0.25166461776498494 -1.299776573265533 76.94899451410727
0.175643492537192 -1.9999800872964935 94.13291413118841
0.3746242255554927 -0.5248470111653449 60.39218715418909
0.41241189196171385 -0.500000091914274 57.794662639168145
0.22908745191620736 -1.0004070327106638 76.4596014109779
0.2030919555727561 -1.2099978874001955 83.71499543283119
0.30355364916233335 -0.7881368012887946 66.62327399809527
0.25287275660901404 -1.2321675425226049 79.09468016458032
0.2731699256217426 -1.5137069023879055 75.30723081239199
0.23276449328112533 -0.8720615234874881 75.53301223917826
0.2921524338253698 -1.185001987342701 73.2595552439651
0.2631006575285702 -1.16853762618156 76.4219744832984
0.27091648331324497 -1.0651731529299855 74.54942179883139
0.3228709384603547 -0.950601929496107 67.28604682641354
0.39102806071615226 -0.8203092440158938 63.183176148721294
0.2435047678028894 -1.0090232908110799 75.30154126159852
0.279049811506999 -1.231413066576647 72.54512898726433
0.32781169556750744 -0.7928310245741563 66.74299230995815
0.35110734998500426 -0.8211300823329383 65.78948103461332
0.2517039621893839 -1.478859455672189 77.89884781307273
0.1599623654030618 -1.602989835578188 94.9999968522473
0.2180224239363884 -1.2109173734355192 81.33729068477919
0.26364886575473645 -0.821410304080723 71.13053858979305
0.30764590093581845 -0.9776067493749362 69.66415951168013
0.24956203761304913 -1.1004935585114655 75.94830692342966
0.15102312666345047 -1.378577602970765 94.99999676393409
0.3341675921965634 -0.7703045347536736 65.8111006505645
0.23979541407680413 -1.5681994692236432 81.0262590649706
0.2105841402891357 -1.7366903868567714 84.94580651452145
0.17135543591085256 -1.9744788444618573 94.99999655520554
0.1652448103137072 -1.9869159974364592 94.99993551153356
0.29282760956733567 -0.9644597563690159 69.2894794322035
0.3073686033782706 -1.8493965711761011 73.294970920141
0.33969200284811774 -0.9117429760114206 66.02278817963052
0.3021594656493411 -0.9233174686631295 69.71150522166009
0.32737836547998983 -0.9742107614495471 68.60070082263402
0.17587751241798955 -1.9999981073029454 93.35857147178484
0.3284255660069256 -1.5346460550740761 71.32461178885096
0.27797288248709295 -1.2399232643199847 75.33105704015688
0.16838426250549235 -1.6709364153250847 94.99992467859731
0.2851189917665086 -1.2410309364176637 72.46692539045961
0.26104312022468557 -1.3065579246911379 76.2728359266031
0.30358632640353617 -1.003312859387841 69.7764353509597
0.27985085692317974 -1.0362840770026114 73.57263984191859
0.3690663643781705 -0.7286630067771966 63.768319223940054
0.2813373753017097 -0.7503688134347176 71.24282288854283
0.4180139538942586 -0.7569554367720386 62.31389033231718
0.19331064437413595 -1.2520994484777046 84.97313849743107
0.3464914090001883 -0.5000013690022966 61.49767943114778
0.19142996151376654 -1.4671086363086456 88.29786643168798
0.14386277437996425 -1.418063053050721 94.99999966712295
0.35561178679923283 -0.909527664070249 66.4497121166752
0.2523007972880795 -1.248223877586305 76.88619593769104
0.3125023144645383 -0.8606377761459287 67.59336707970745
0.27940367616098266 -1.0052235341415072 71.69054480984177
0.14768065841845135 -1.7147110069327924 94.99999842866323
0.2975466957335387 -1.0158649708988268 71.1218600666447
0.2851390465649388 -0.9719199660536832 71.19240576871265
0.3928230509402145 -0.5000000084585452 59.981072316337574
0.27563637079138276 -1.0648124072076945 74.3958052345143
0.29672044052985 -0.5000003796195651 64.59033301050817
0.3854805436281554 -0.5000002979450024 59.4076453351545
0.3389028854490961 -1.0815791792137264 67.03231452031277
0.33250064923396727 -0.5000000833047197 62.02407619348743
0.2815698833060411 -0.7831208211626495 70.8890617530954
0.2847217250279588 -0.9345773069158662 71.14415747137129
0.21265387495408647 -1.9999971359650497 86.43927890220162
0.28536910369976914 -0.9525813058982269 70.39835953242672
0.34466814003774043 -0.538888145094348 63.58804022143671
0.3215342881348038 -0.8338818016339549 67.88115995960132
0.3666882574509365 -0.604093866529577 61.44604415610508
0.16817788178243623 -1.8426373339886786 94.18278423049777
0.2142741908032846 -1.0642524005251164 79.16934587675802
0.1888902038164656 -1.9999981449967614 91.3955806309913
0.2740523371933238 -1.0193343951953917 72.43583193496596
0.31443237666537865 -1.521203998682823 69.94438659531853
0.3558385254802793 -0.9399453548231802 64.29628352037336
0.24096858376542846 -1.7363513761430367 81.33632867549193
0.45697031882773326 -0.789935691927342 60.84840730668858
0.23091065240995864 -1.2157801359357243 78.91110697860604
0.15127095746809496 -1.7798632660531728 94.99581028299765
0.21011746213096055 -1.4284000520104683 83.14638610731231
0.16765901980397468 -1.9561468509353195 94.99999826577358
0.2822022688707151 -0.5000025336656017 64.7726627724286
0.2628810241749708 -0.9757624934475414 72.95245514437815
0.2827316545449731 -0.7551277913216944 70.14479350348462
0.3389917910351959 -1.0755164501579275 68.70089441389557
0.3291417405780367 -0.8816916613229303 65.82730340911334
0.28175925069641394 -1.3613178036699334 75.28612017018331
0.23772370853942504 -1.6950641885510351 81.80927798239848
0.297218559858727 -0.500000678345188 65.02909616398688
0.3768153623128174 -0.8123552841876711 63.73584335661298
0.17584417317667625 -1.9999969905222612 93.86815025921702
0.1902299082656153 -1.6299402318730314 88.58795306969213
0.18371363925391657 -1.660079497074203 89.38889897072801
0.3352820620572732 -1.0922916657028283 69.8293532077011
0.3647949025928497 -0.9120931747696441 65.40010355641148
0.1572700534594014 -1.8513219259914226 94.99999905009273
0.22531433075101337 -1.2713475205300324 81.67555138092595
0.3691012753977467 -0.9557742927228278 64.2184133374378
0.3467382143685851 -0.5000004526567483 62.059234750570084
0.1465683737518481 -1.5811541747893918 94.99997667279999
0.2455232296074449 -1.053838418957874 74.4051777489626
0.30691210977818983 -0.7679147036588967 67.89643732262739
0.19704212594571002 -1.5328674826971378 86.07188288865049
0.31701729167518755 -0.8967521487124539 69.4981642188464
0.40114502481948033 -0.5000014938590609 58.43338225797232
0.31700848205989113 -1.7721522178004943 70.93426457131639
0.19579306255012466 -1.9999588541324862 91.01626870930768
0.16687316626388143 -1.6321462786185856 94.99996686526406
0.2897849297678673 -1.1613596980637746 72.27542492895992
0.2882224651923581 -0.8625669747909233 70.79745730264398
0.2851347744427762 -0.918954755258459 70.34663230870258
0.3201959753093584 -0.5000004561164972 63.45035308513224
0.35952130355420625 -0.7423714055439078 63.64886598253269
0.3276996414726639 -1.4807963810126465 68.92852433749113
0.16713241369122872 -1.8312929605056687 94.999980313376
0.2394763938154716 -1.2743937004067467 76.98744641726084
0.20030207062889346 -0.8193510872536914 77.48360542429613
0.2070451684780301 -1.3131885180817933 82.46045121295339
0.4470052550902653 -0.5000052584368205 57.71437947492957
0.2607200330259354 -1.6136710758420503 77.58846192044197
0.24350837239325268 -1.0184591965737984 73.72298859506358
0.23323915214133573 -1.199657192497813 81.12873375352709
0.2726938598831301 -1.363208591150418 73.47319390485433
0.36336149585173394 -0.7902313593080696 63.327463092957096
0.33103222417490863 -0.8754598731305827 66.81022278779558
0.17874991348614316 -1.3040054657302198 90.86283941158423
0.3474019735458224 -0.8383785957868987 65.72594823204591
0.3189800556641399 -0.8287526984898402 67.12321161206438
0.326583569069364 -0.5000022314104698 61.08944834516194
0.27386633407688044 -1.0485325893498585 73.22839345802585
0.16805895497482223 -1.8038994174557972 94.99999959319247
0.14953250332595586 -1.914693562517359 94.99998114873425
0.17651001508643846 -1.7372725085810483 90.91903933743748
0.33921343720042507 -0.9058543525569094 65.93462604806663
0.1843126493464439 -1.8804413093013672 92.87910958324741
0.2738358545206736 -1.109412812493188 72.87432921882258
0.2589096113108374 -1.0296484607530085 73.83831031821896
0.3528877049264131 -0.7943707123134752 65.08982577577184
0.2943682984617859 -0.9337553628819938 70.63309095560184
0.28220248444827584 -1.441680388049158 75.37935052807592
0.29770747790631824 -0.9170987056709736 66.79725426554529
0.2776834858005142 -1.0765551112073246 74.69713307203413
0.15897202932293258 -1.936332636478586 94.9999982733006
0.2706008293617606 -0.6446116988236148 68.02896162496475
0.3516008823544347 -0.7405578134903702 64.19631258328593
0.3428251436149804 -1.1232343307824877 67.70781641061343
0.3955745010063748 -0.5692246621700311 60.60577490510132
0.296336779740245 -1.0777300434642159 70.7825395969046
0.26485046353208214 -1.2643598593442036 74.99521522894686
0.35151933633053484 -0.5962725597522421 63.30633006644387
0.3145928982038988 -0.567225511686338 63.63749968172265
0.37342712453934046 -0.65179473618151 63.41382030288948
0.30724271669836123 -1.204793001741968 71.67397171165244
0.31343574447077377 -0.7202345970215096 67.24625658532915
0.21107298241566835 -1.5794443584330262 84.78491648853016
0.31226586032668835 -0.500000450380167 62.448691997078036
0.3640149716548488 -0.5000000347565702 60.26274279423315
0.2897148687091739 -0.874229655896699 69.8276804025266
0.3639882029097456 -0.59199692137091 62.54085342772423
0.3667065024930867 -0.8705844674442952 64.59509311806592
0.26619703952270735 -1.125545733163769 73.07902793202595
0.2904643821610358 -0.8829674565220623 69.7053685453983
0.19834294955203446 -1.2160899831326988 85.34114892162575
0.2424200095645894 -0.9897919489638123 76.47691909489792
0.30752956552166255 -0.8840634923926545 68.95679295632502
0.2786411862205804 -1.2250109833334024 72.48702831981232
0.26997418563207154 -1.3860080814961422 76.15079652253387
0.24503454599425223 -1.185420186028442 77.28584203620022
0.33637172963673456 -1.0975873528086078 68.1364760530466
0.3268127380068452 -0.500001999239084 61.468716573728436
0.15354597601671668 -1.486320579414409 94.99992126500378
0.29528468849054823 -0.6034358583265824 67.51022567424151
0.2278360195125283 -1.1315116240044842 80.1085892859102
0.1979724109694198 -1.4185286618800976 86.40835722090664
0.3429261354275546 -0.500002061149693 61.45918903694123
0.33369977293867314 -0.9393692655201045 66.54220245931134
0.28050887013467113 -0.8759966480575663 69.36831955750063
0.30092823792494006 -0.8894224919393793 70.21166142440468
0.158121652906684 -1.7327373656071137 94.99999994673107
0.3755978934168104 -0.5483745634602788 61.70760249138697
0.309774749707448 -1.100664890976109 71.8864292561093
0.36682165039602443 -1.2913904399445797 66.59112601527953
0.34904484903500416 -1.0943617431382997 68.77932408700525
0.4204914170853762 -0.5000064630178542 57.804737994186105
0.18544146618692758 -1.7656440317333386 91.40473613712666
0.2518695278853736 -1.264579765477882 76.6843548450398
0.16458826652670397 -1.864419444213306 94.99995676194534
0.264936798575657 -0.8892058652138478 71.46807805773079
0.3544249101718836 -0.866756126103732 64.8744961671097
0.1762100501985857 -1.9