# Omage w H0
0.2500294808210559 -1.3047115027958387 77.13262251781174
0.15892522231873715 -1.610077201949938 94.99777650740772
0.24252309235063188 -1.0790049617563227 77.42367423442835
0.3405816028138236 -1.0100108362091405 66.91047533358281
0.257501986805894 -1.3892821590785134 76.00752445435975
0.33568855995924934 -0.8004898657477045 65.79952468262782
0.3971616568480619 -0.5000008566290496 59.87277930635509
0.184085004094694 -1.7460565076989065 87.34830883732008
0.26797718808193505 -0.6674558048307068 70.62947834325675
0.1512922851748805 -1.6900623822297456 94.999991078366
0.26742448587506107 -1.4367560463084663 74.88538592938691
0.2963369725308172 -1.1917775794381773 72.63019399444073
0.3511267731620518 -0.7202028396671646 64.11088499260721
0.39417701316381876 -0.5048027410939355 58.61998194725928
0.2983413153030725 -0.7986396467255995 66.73540125263004
0.29768482301155696 -0.6472659871023457 65.9527105204871
0.21077765446768537 -1.4642439834448138 83.35014444272645
0.32882619065889107 -0.5829349374436362 63.01149876763167
0.21564000015445686 -1.1577692975493106 80.32373668113128
0.23131124476954498 -1.7916561704447207 83.8210507900868
0.29746141274800214 -0.7195479518737203 67.20361376853178
0.2921844291026864 -1.5917947168539341 74.00286442464056
0.2919004806162583 -0.8311941467303648 70.0681931237664
0.28590773571225125 -0.9205688926578539 71.01338911302031
0.31880047381597293 -0.6239583704772554 66.22988930038642
0.3002652470364122 -1.2092281011207078 71.32018357476733
0.30004739411269676 -1.3154676422164815 72.34794024412687
0.26488785687511457 -1.2128827344990352 75.79361344607001
0.3708293326193076 -1.0142875405751377 67.2541028770754
0.28532041442762085 -0.8758851429886316 71.616210266024
0.2535495727639925 -0.8189760269295455 74.91130443366916
0.15665482745240802 -1.5294722175528292 94.71845105903368
0.33260613110051873 -0.7555670153743465 64.48966226987696
0.28204350078672147 -0.8698926529613098 70.6446720558467
0.24936529984491282 -1.0289595187094869 74.4332711736688
0.23752405078062178 -1.4061357580369918 80.67908932166272
0.29842754086176704 -0.9507090332562118 70.2122836684529
0.3380168025485408 -1.0418855614679632 66.21539592512946
0.1636006123576028 -1.830588848302735 94.99992424173736
0.23730350307683165 -1.2094788735666742 77.0844687072566
0.30697202523074946 -0.7368739106345638 68.02792824195231
0.3832912980785563 -0.5589972398658487 61.75644010954437
0.22443642126511812 -1.3987004201163125 79.75775028280209
0.2736128063661905 -0.7145010021557101 71.12803248246605
0.2663516193533984 -1.6037914449565727 78.62786117278023
0.2424084299782781 -0.9281254469435909 74.685194944564
0.2575187058138907 -1.1903520659998241 77.09643910939863
0.32906378399282266 -0.7876841422134329 66.00891445739698
0.33915473346535535 -0.5000004293220345 62.493803066887835
0.2996823351486469 -0.5000001833538537 61.91385503557486
0.17069137738404144 -1.2737574283972035 88.38526413838495
0.30216523504775705 -1.0090912939200403 70.90921501979574
0.16158611862127398 -1.5408667898216448 93.17290854364245
0.1767392381985467 -1.5476399962804754 91.22517146778584
0.3530558886852047 -0.6229928248104113 64.14192726357166
0.22121439571627693 -1.092658973579254 78.51381668921712
0.2617391221437519 -0.8101714023267154 70.81298449631491
0.3065093325739351 -0.6470423640591301 65.13098611423602
0.3760322172707447 -0.8712351752742976 63.9426603565106
0.17555369673180704 -1.9999972635879513 91.28809765943159
0.15781007987470697 -1.8879002936655513 94.99999572076479
0.28892218608961384 -0.7101302594496127 67.45558457648443
0.25239264779476855 -0.8843187765965312 72.12918401076415
0.32794825269200156 -1.1169992608207635 66.9816885656903
0.22481904430291763 -1.5757406887847987 83.2897195959523
0.28071857953840584 -1.1722377949755067 71.66003099243912
0.2971455553071398 -1.1205708779212087 71.48011392052123
0.280870622530169 -1.0146305988088116 70.77269650258499
0.3209365699618315 -0.5765708091178142 63.447453204414295
0.2909328191631399 -0.5000005358246075 66.54750869653057
0.36452298799234056 -0.5000014218623414 60.66543762394232
0.3399323765394947 -0.5000014665618935 60.065043962836285
0.29937601097540256 -0.9756572619584116 70.36120277789063
0.16358680352349328 -1.8403296952347128 94.99999797810923
0.3176250118984111 -0.9333123362898418 68.15406709758868
0.3272069593779955 -0.943576391885582 67.19960539885403
0.3406986899072316 -0.7637858994125839 63.213718000840124
0.19191185138449385 -1.281299529413971 84.21488697566802
0.161417876333962 -1.4614557807447772 92.59813546870565
0.2919823910111229 -1.1813480038138942 71.3076677452917
0.299445294184281 -0.8891318511323953 67.81641665800063
0.31529342493266793 -0.7248532012145478 67.86631599940411
0.31071835803925874 -1.438384949246003 71.40811732020575
0.2823146250986823 -1.521233969374759 74.65133556146215
0.2239677048985018 -1.1702946268306107 79.06330307555409
0.23100236535063404 -1.2313427527403733 78.87826780699154
0.3476184303227378 -0.6409843138671836 62.19820324311277
0.3990055348719701 -0.7520366809441117 61.892774455274896
0.34346942843847134 -0.9885138978153365 65.82963255146026
0.4598055054603426 -0.5000008090811598 55.26766305107897
0.28682799864944397 -1.2221575523616093 72.1681891677965
0.29049112617045875 -0.8943185731905356 68.9003124424344
0.35496787360486404 -1.1523238873715893 66.28038522428876
0.3092894899025988 -0.8110668878322874 67.66294461428213
0.23018074574139427 -1.4078457662662676 80.44070017414583
0.32498659621134296 -1.0507998586321492 66.67458894850644
0.17510590606615403 -1.9650895831415482 91.75320871669562
0.1735396446683165 -1.9564348803582825 94.9999981669404
0.2758487662933164 -1.0189717874566506 72.37297624920167
0.4648413122481047 -0.8121602952936325 58.384552935339215
0.1560932597668314 -1.5852667696907554 94.9999766504503
0.4280119145276097 -0.5000023708603752 57.977791931245086
0.3145088983293147 -1.135888515556975 69.81071201592442
0.1833129563058564 -1.9999893191100653 89.8649349067697
0.2390280250899807 -0.9384735895199782 77.58113846068701
0.39377263735421275 -0.5000007857410689 60.586269700148485
0.18288609560377456 -1.9999998991623205 92.6606054407438
0.2984063863468508 -0.7918158426528091 68.31686461872853
0.309007097775217 -0.8932455882850796 69.20768373744366
0.3447498417055551 -0.919871155728162 65.11939285953275
0.28961981053926994 -1.1805572869533607 74.11602080639067
0.35049210724242197 -0.7602436640430361 64.02802475774138
0.3157827845705461 -0.5000000652019156 62.653701818754506
0.19275211165783354 -1.4603124353997592 85.88085886197041
0.32808000707013496 -0.7716544410925652 67.05040010437642
0.29561051178710424 -0.8621856854651273 68.10125145774069
0.3865094482581794 -1.2948739743725035 64.74341255173974
0.34747775729967495 -0.5000006721997141 61.26272484051357
0.2876969913824149 -0.8152170449899361 70.9883241912579
0.34046993946163184 -1.0596886299993695 66.69856849382771
0.37837433136446935 -0.500000256596742 61.131845350746055
0.29867578814121104 -0.866840463520186 68.87387382131159
0.31562230425882887 -1.2362502983466805 70.28960991606951
0.2787175812368086 -0.8917860134149667 71.74084340807988
0.20817071356027914 -1.4530780036804576 82.49976428657415
0.26678908156305403 -1.2796933314995842 73.02147027005677
0.317365568713962 -0.8557164751804311 66.6702310118024
0.2746453080727859 -1.2242357651858073 73.89557427327455
0.33184465192102613 -0.5000003638741922 61.337542089813866
0.3829478877377813 -0.7163512768857314 63.66313615429638
0.23960816034114196 -1.9687269512259127 82.39128788298585
0.30831917266251097 -1.6475364707396138 71.50903630878736
0.2592664554137564 -0.744633116321982 70.18702981717169
0.3180288436707026 -0.5772883341528247 63.85492778593523
0.16206638652950692 -1.6605360350917064 94.99982510958212
0.29418312665581076 -0.5000000966367498 63.361302133564564
0.33789745981549907 -1.0206590152877952 65.6650001840795
0.2404022208160841 -1.1972461254001416 76.79176249592187
0.2195645150651469 -1.288902911132225 79.64345566844558
0.1586895372304563 -1.4810754658690977 94.99999468746877
0.27021554794146774 -1.0901024833609123 73.64762269378065
0.34551571715821233 -0.6994273960791719 64.59962428991162
0.16695927708883684 -1.821017134265866 94.99875506521379
0.3339836060188441 -0.5000008127926748 63.228489741659004
0.2385282739825329 -0.8588716608860935 74.65663986677943
0.29046173499203526 -0.9194254750835255 69.99749604078885
0.3344188999599906 -0.9212510232887191 66.99644375768636
0.2734277838591097 -1.2466487148293524 73.22228611324617
0.268930756479413 -1.3255838684323262 75.50608450604666
0.3079232440303857 -0.7539711852757726 68.24768525652698
0.2806487154828993 -1.257129189715056 75.00108096292685
0.40004232593632016 -0.5663990955910769 59.23525257169291
0.16801560644549204 -1.8923054476153265 94.99999964386363
0.24947062897644295 -1.2746260282549007 77.48894891209522
0.37936258579627247 -0.7206414453964605 60.82602830246594
0.3173210137515561 -1.3097844912969179 72.43584616078233
0.3047263384710206 -0.9648972122083136 69.43459168226047
0.23628973383690544 -1.2101600600447313 79.69170932114434
0.387556901848454 -0.7106400758492543 63.03237479090246
0.3240682870025714 -1.1853165652703526 69.44427718464208
0.27352742716460904 -1.0892840867740026 74.25434808756675
0.28353489986851993 -0.7470162028373414 69.36937492035597
0.3286576369168204 -1.4955333892087985 69.76837332053309
0.18159100088983846 -1.722490865329758 88.25275380508339
0.2649278642912117 -0.8070489676441384 71.05909634030779
0.31653565332603756 -0.6691481389666278 66.22662033763355
0.36385828840846157 -0.5000006618615506 57.82312699716175
0.3084778615184557 -0.7484128038327273 68.37803030961037
0.3596694937271298 -0.5708643316945149 62.8280107431093
0.27944325025394495 -0.9121564760997489 70.98214915320527
0.4672025811610295 -0.5000007925865132 57.35365807068629
0.24521808792083383 -1.999994339853845 79.48762806030419
0.3456691841472436 -0.500000672690724 61.47377076330038
0.394752319540583 -0.7030088295374877 63.72257717278762
0.23530754110019006 -1.3564891895321736 78.651166866356
0.3405050994953528 -1.5790471310442677 69.71433220227807
0.1602022037070819 -1.6663951551045457 94.99995688470182
0.26195977044673335 -1.3113721690782016 76.03028919025913
0.36730381117203825 -0.5917789719431736 60.37585709217736
0.28486532040180007 -0.500000148759175 64.63232610010394
0.29713381847915404 -0.8996354697852716 68.3239943494103
0.34745000423483563 -0.5000003446173251 61.64474297790073
0.30777006984838595 -0.656105408358385 67.76783551428301
0.3344587184576442 -0.5000006006158477 62.20299408199803
0.27103943963271 -1.447800410126412 75.39618317700543
0.2712563849858917 -0.976385658666995 71.98949953142328
0.30561607889439985 -0.9439303138980634 70.01020167967552
0.343840540172381 -0.9425182688363156 65.91521110220293
0.2559946509770824 -1.1492512247443185 75.63926796557908
0.2555301506316564 -0.9359311951825808 72.93938537281946
0.3487269641719624 -0.5000003744160855 61.38295281957611
0.15194444149592992 -1.7034540705830006 94.99999921807078
0.3060321378301624 -0.7369071811793564 67.76231557400189
0.25566689700559586 -1.020432743344132 74.91474171973388
0.2915965761158621 -1.36065478052704 71.60401252453501
0.3010413907802763 -1.1302125464306991 71.46794193041808
0.23236492234023098 -1.0852323658905125 77.87671023111885
0.19032557041327378 -1.548123424386295 87.08804728063492
0.30857125220943127 -0.6934383526741161 65.9122651236052
0.304802071460238 -0.9056880286950629 66.9126851345081
0.3562876579395438 -0.5000008269138976 59.33823910480096
0.3585090103061065 -0.8066617994152179 64.18880490714818
0.34101364668079154 -0.5081195346649181 62.094560601808354
0.2531223471506173 -0.5000018964311228 66.81018382436118
0.2520449206075537 -1.3730794348496325 76.96173955979503
0.24396537299219642 -1.2942594193284491 77.43416526584615
0.2881329408942109 -0.7016735068713508 68.17299732012569
0.2650494944197529 -1.009266369222635 75.67242669168752
0.21483524829252987 -1.3101066097279543 80.89185514577538
0.3247727098673063 -0.835929883896472 66.71742330561584
0.24782822052226194 -1.45804069371352 77.68822856739939
0.24223643811514065 -1.036627469601785 75.58236832976078
0.18470019049047795 -1.9029373063961703 94.99998571281044
0.27734136976152574 -1.2001553462610732 73.05633255978391
0.2329859002470965 -1.23436193491075 78.93667458688954
0.3172401804604854 -1.7311565943032987 72.50351540038068
0.2874506347083694 -0.9057524843923614 70.81218112892994
0.28383446553229136 -1.125619255138493 72.74730083397543
0.30191787293312766 -0.6081328964471066 65.15350741743553
0.33745347396728953 -0.9633333727222987 67.2915815086336
0.3385462837938231 -0.500000166518911 62.32290154381282
0.32026952900864103 -0.9704128120807934 68.00111918279049
0.36783443713684993 -0.5872657209228545 60.98079973942858
0.3126914117207664 -0.6389822886202948 66.46222582206642
0.25570055456948354 -0.8532168047807392 72.71411751501796
0.3152486119461397 -0.8967896435337627 67.62682686962037
0.2572048180700501 -0.9680757104760432 75.22971057466539
0.41314771935873174 -0.5000005338735046 58.880241826635164
0.30699048870283147 -0.8484429914027234 67.81546863916856
0.2743363239913356 -0.9682656752155867 71.59548568119456
0.25765446458615404 -1.1382349468048065 76.75517372995516
0.19215498957248522 -1.8027962270933067 88.62256244755677
0.1559467740709586 -1.6543594221306617 94.99999832461089
0.22766190053905624 -1.2352183024567642 80.00461981942762
0.27983438225874524 -1.1048803082240801 72.86306754359269
0.20988369217967456 -1.2631840882607654 82.64193355925755
0.4119232583549637 -0.500000910057788 57.64341416424609
0.3198690708604296 -0.6053968367505346 63.16366588890608
0.289989049787238 -0.8972858274973952 69.63403803921979
0.3341395022563924 -0.8691076374239725 65.36878212771084
0.29785476034622405 -0.7362885926224622 69.73522996920833
0.15865734835721124 -1.67619227223486 94.99996685541845
0.34980455877510924 -0.8179993695875026 64.50093175606052
0.19794947353951287 -1.1805825931223193 81.43972094518571
0.21937536450364126 -0.9203843921994845 79.07586046990748
0.29607392828161005 -0.8511199451989292 69.93948119034572
0.379487201264732 -0.9961256120135482 64.78052701931881
0.2989184535942737 -1.029059583724774 70.23918213641097
0.29837703868580573 -0.92181443487962 69.67609732066396
0.1683793858956719 -1.832171668126439 94.99999788083832
0.21014625961673797 -1.2384490992409183 82.68905873414387
0.35924761852500864 -0.8059081071610137 65.74872975519425
0.16781343466732151 -1.7675117386420531 92.72859586073344
0.29189472805471617 -1.5709312277723597 74.88850607587548
0.3075880354725001 -0.9004667804706797 69.12295810739656
0.2456822828068035 -0.9279358786891518 75.56158778037674
0.2564345536284506 -1.253433583465319 76.48990854373181
0.23232104389083652 -1.7206457073082801 81.1245854389077
0.26417611669470636 -0.9439040120670602 73.98349114559717
0.3717040457528083 -1.3548680246439722 67.27638890886602
0.2562814162319872 -1.0803351495211257 75.35156344629002
0.14931265163111446 -1.7333347969357324 94.99999811177562
0.34727255451235967 -0.5000002505496368 60.6018729670901
0.29214167700247223 -0.9965122539877295 71.3366534691532
0.1673220616377079 -1.7758372791613442 94.99955088939673
0.23973587592221826 -1.5441880906641556 81.79092276048935
0.3343357629585176 -0.93720177726883 66.93798909699277
0.25897638791765626 -1.3072699910334753 76.62047009489659
0.3262337221003959 -0.5000007668406681 61.54861071687485
0.16958451268272057 -1.864845983117995 94.67630073417992
0.31133496981906117 -0.7433663558966139 67.14511466956259
0.19121317147305333 -1.6655490590854314 89.29104446209244
0.2632400718156733 -1.5843495739742846 75.44244596635782
0.3091937152952818 -1.1569671895031246 70.11575111577103
0.30958448045903647 -0.9363354351222323 69.65854438129746
0.24025940140695784 -1.2928186690475014 77.79156076952926
0.23044659954313584 -1.9999947507048657 84.15933350666882
0.2990061270577305 -1.35449695638765 73.13943313315777
0.15262391298771794 -1.7249305118830052 94.9999999714427
0.2662628415715815 -0.8443256426754787 72.63774989698759
0.19599580462218702 -1.697110558200094 86.59523124107243
0.25879418853755876 -0.5000001426496982 66.11737894966292
0.2603318836127654 -0.9287555906234318 73.4614859914372
0.38916295636283477 -0.5938310558662412 60.086553435476816
0.21929145846055442 -1.347351275536516 80.69359162884203
0.24435215069150504 -0.9335151046835646 73.36751721736353
0.3337494647814869 -0.8185323783735823 65.75803151025833
0.25995248907542995 -1.999993281875571 78.34298210454669
0.2761328387139394 -1.149317181480218 73.09385550668945
0.15258467846265183 -1.6997177602169864 94.99998715701929
0.2674414943044872 -1.825174124023592 76.23473714381606
0.1676232064066584 -1.9318242645527963 94.99996562568708
0.3312482862036933 -0.6995621119866614 65.6176505512033
0.32769180245616153 -1.0457119466022884 67.39594945319503
0.33532655718632204 -0.692128183984 65.33899362520536
0.30083488056820473 -0.9987317717341998 71.16670430875159
0.28463336703643577 -1.333790321452345 72.99045052747582
0.23297444173042603 -1.0616707245441506 77.3302560977714
0.32989211380143774 -0.8247419745025278 66.1561725480346
0.18762231007568167 -1.8001324288251739 88.03867076456223
0.29108770209366236 -1.4671215629742684 75.97231181819669
0.29148766881605326 -1.0679573964045745 72.22382980974275
0.32233889966783064 -0.7160021215957566 65.09675526521254
0.2697814485682861 -0.9927691235825165 74.75653709712113
0.27817495351711746 -0.9971155457391658 73.38789128298633
0.3504759387529141 -0.756224890603188 63.869818437670226
0.3458499626995097 -0.5574581431048052 61.21963479417409
0.34964861769775557 -0.9555697801407103 65.82726978448542
0.26993754029423705 -0.8795810487000576 71.18838190810963
0.30088426038589605 -0.9935077337456479 69.13335162309936
0.16199356822538816 -1.5719900690584971 94.99999999354456
0.35250951522366397 -0.5000017838603157 61.90780734516703
0.3000654469195476 -0.9507032150447896 71.96442280641386
0.34865670337066834 -1.0656509004837795 68.00011698222319
0.33708182380464935 -0.691103723000116 64.5754785938659
0.33182947448981504 -1.3006229536852465 68.75748432320249
0.15834147369673154 -1.8176671928957149 94.35981625609321
0.21914999148071157 -1.580280181028506 81.8468220497215
0.2642420469392905 -0.7814992005033718 70.43024870227083
0.35121133417817757 -1.1677287885897432 65.84521785970361
0.21807128294128805 -0.9732640307721625 77.62960819288311
0.2810620561457552 -0.5000000138338241 64.4533895069779
0.31167035275988453 -0.5000015071852674 64.96342781388519
0.24662340285282403 -1.2431843908028815 75.19291589265436
0.3562909669447139 -0.7067368904795928 64.29049176648057
0.27560267218274753 -0.8681841320820816 72.11094448090198
0.19894909334666727 -1.7194692870607846 87.24319858527087
0.23642023093102335 -0.9194311182834526 76.21953553504399
0.2602943083405451 -1.0816989498149936 73.33955279200832
0.2555122791218462 -1.364742713867173 78.06485653866184
0.32212923985624586 -0.5969122256085913 65.92902939594376
0.22489694005905417 -1.0664437790935637 77.35844084289113
0.3598704263424932 -0.6105811852248201 62.908527747168215
0.2998102961141412 -1.153191265730255 70.76710567007177
0.34508281701521415 -0.7924808409392373 63.195088862416796
0.24308736444749057 -1.2947737525786742 77.49290219480119
0.2654453370342926 -1.2134762400142842 76.00274372034754
0.35934126457358573 -0.9460514504327885 65.85144231149117
0.19229459824745143 -1.9073299039474814 89.4262297198869
0.31888278577721735 -1.273170456317556 72.80311863657333
0.2886823040149019 -1.0940730714053248 71.67705301195724
0.2615238831754303 -1.1333078742860672 74.64992551267316
0.1947734124137057 -1.6085049080676086 86.65618363998091
0.3230429376066115 -1.204720658370645 68.68606475231289
0.3458757888420224 -0.5000000849664188 62.72385013900884
0.17469388650229237 -1.9999945875910556 93.3144743483496
0.268223779405803 -0.9371498490365977 74.18060364102523
0.2768294247436702 -1.292626514344339 75.79913925647395
0.2775641680300778 -1.3165635376369071 72.32971430534066
0.32376140360868355 -0.9849716224941779 68.81576604343721
0.2731429052284813 -0.5000002502519775 64.70635101224052
0.28928011215459465 -1.1446385541708475 73.38706560152853
0.3693851451022332 -0.8398268187748914 64.45027136467361
0.16457457429051095 -1.6891316515390562 94.99999998400199
0.21135197274322398 -1.457997629506404 81.15333692058087
0.2763926308943909 -1.082316535320738 72.09413921303417
0.14518592934048447 -1.291610493495906 94.99999830096023
0.3224981169232719 -0.863304531266056 67.53110459916122
0.33045050894033323 -0.8928171442962554 68.7141262187388
0.2820844683615358 -1.1818628283444763 74.3463117816467
0.3800761335685006 -0.6373224480113331 62.08039002885446
0.3649455908315111 -0.5236699564712738 61.70479578445721
0.2549352978499304 -1.1258773022555109 76.30486215096802
0.2796660016675761 -1.246614523999291 72.47852555889783
0.15890072234192804 -1.6982368987432772 94.99999985608736
0.2501688476704427 -1.0814114774560006 77.26572688463932
0.15823054029482594 -1.5932243859711719 94.99999973497708
0.21757045241679776 -1.4618920189300095 82.78849765629272
0.22237984724743096 -1.2588529083412445 78.70019755003507
0.28080583381239066 -0.9525310765850099 72.68848009983185
0.18053327044287576 -1.9999995655431269 90.80778084206749
0.2514034153880011 -1.497641499242817 77.54003798175371
0.24358095809054517 -1.3433554565901833 78.49858738493656
0.16543154715938324 -1.7034795916734211 94.99996455684334
0.28894804820939785 -1.4468870993080503 74.58925899856574
0.3137347478565469 -0.896249218974472 68.75610916678329
0.15461966037189376 -1.662169929849286 94.99999979158306
0.21532268359716775 -1.4385983628733552 82.3859094756185
0.27626237077448745 -1.1575351657472872 73.98852305546747
0.3004508345175535 -0.7185554931529603 66.9628827572079
0.3338958348162669 -0.9565328243502242 69.14327452621082
0.26764484207651795 -0.9197571236128561 71.97742970279974
0.2782857792218697 -1.314570290795812 73.60811333632226
0.3803112052830865 -0.6411197908423097 61.071315284751826
0.2908590864265047 -1.2851740276240247 72.81712648678366
0.1790927759435144 -1.4480251973523175 87.9703863047677
0.3209130028059421 -0.732945826165337 66.25259687319027
0.29574307011387324 -0.500000071250845 64.63118279812262
0.33253685373368236 -0.5000037020019202 61.3059721268078
0.3250141174708416 -0.7134839658537763 63.92870081499853
0.21737731455105383 -1.541566387455468 82.40171738278654
0.154716492645822 -1.3127322935646921 94.9999988494827
0.1750838486477489 -1.9999975829905692 94.43554060581539
0.2057112078436065 -1.999999516072959 88.11459400362654
0.16766593777818792 -1.7934722049333425 94.99995924836429
0.20738832925379563 -1.3606296481044597 82.80391343732178
0.38323374243451586 -0.5000049543344494 59.375058335521345
0.29442382355128804 -0.8670559983203749 69.83416574741507
0.28647228797918645 -1.1087976426975645 72.11874565580929
0.25281401409544085 -0.867467336283688 73.54969457264122
0.3952213617432157 -0.5203407272663535 58.58669879217582
0.21421588392960886 -1.5511797907115126 82.71512845209588
0.2868973945870338 -0.6937999559823395 68.84932827995027
0.3170287105312557 -0.5000000833461553 63.14147743180174
0.3419402724283421 -0.933143413445008 66.97711708341085
0.27395333483714424 -0.9705165571276037 70.06139749217479
0.15070778076081642 -1.7336270967822647 94.21698816391148
0.23960921526698897 -0.9645984339653728 76.06966745026426
0.26804784133014964 -0.6725272758310089 68.99891102337857
0.3144288514165476 -1.1781034768716292 69.97675023069992
0.25731517356973777 -1.431266389427767 76.15471363287523
0.33318877209943754 -0.6169847819099631 63.7380694043526
0.3559322388014278 -0.5000001386405832 59.90853893114227
0.34101745960208696 -1.328691968640695 68.92746261858623
0.2092555478442555 -1.999999874765031 86.66105403228421
0.16261276961831683 -1.9539187525895445 94.99952377106132
0.2528297961226987 -1.6143083330449484 81.55393225614681
0.25678010904152637 -0.9039970607693422 75.18437288880689
0.3066397877225789 -0.5000003229070463 64.14212457234004
0.3552537081887892 -0.5000008537795471 62.1702172064828
0.28217775163177233 -1.3595657630537419 74.23357324841086
0.2647115944767987 -1.36442254802022 74.92431264415144
0.15323042683141613 -1.4813725884244178 94.99999992859948
0.3002021460260331 -0.7011169448258616 67.27661115295778
0.3547340826460247 -0.5000000155696165 60.60755439407681
0.2939660071213793 -0.6033602846692873 66.4803661307698
0.30958629402189597 -1.8189979647653254 73.81091519275769
0.32915767797588946 -0.9479509813900576 68.55487001371061
0.36645678179222396 -1.0205334424344086 64.97660858678829
0.32769163321993017 -0.6791286597670444 64.33714827022081
0.22397458802914338 -1.0714346005775734 76.51928375203563
0.3034522554504095 -1.028436411958352 69.26567051142052
0.321357067121491 -1.0791248932035615 67.662852639612
0.28116046219654695 -1.2566588093888322 72.1264041248104
0.27812818160836805 -0.8869558184480327 71.55861239646104
0.35020249292659583 -0.500003610167891 60.63482846060098
0.353361424378923 -0.7574444000579913 63.760638632052846
0.36798412414299925 -0.92783877078591 64.47806915337752
0.29836690824990575 -0.8458772081709818 68.81332053108231
0.20740193253488026 -1.6412412496956372 85.03808900805423
0.247399932520662 -1.170868472501214 75.61679972050986
0.24956009349775007 -0.8873232328652457 74.91579283472488
0.3160948893033013 -0.8693039860154732 68.21238204396063
0.26960959104682264 -1.265399202202273 74.43694623618815
0.15815840022075947 -1.7273978707827462 94.99999839793955
0.34272060969406365 -0.7583784974513086 64.06822566300318
0.37529725783117257 -0.8897333345380716 63.903328924572925
0.2550287769435728 -1.8145622325488282 80.80506654854315
0.3291330206235291 -0.5000015752652365 62.3512847559127
0.2650989458566753 -1.3954265053169879 76.78975562744728
0.15663728850262768 -1.699064255361771 94.99994883378386
0.3502738332321124 -0.6365361785321854 63.05995200307085
0.28123216538512164 -1.3164888779243487 74.36989261580597
0.2535151764915166 -1.1415597679432121 75.7300586335414
0.34956711427821235 -0.85339666731879 66.57237783182516
0.3740134042571287 -0.5000005475133633 59.08927534608588
0.23356952308512643 -1.2329493462178063 79.26724251136223
0.26979408213187284 -1.2214820618578268 74.10592457496139
0.3589210639193648 -0.8064354318158966 64.94134387171975
0.21211532771782401 -1.9999654473766881 86.16030392268863
0.3439816239929347 -0.9073684672676634 66.1519258362415
0.2181203641848681 -1.5932325295771481 85.44670794457942
0.20405327867041215 -1.6078901079331307 86.23093753948693
0.277555173592128 -0.8324191098262408 71.88567837605393
0.14613849290745357 -1.4127337040293653 94.9999976160759
0.3071475176428225 -1.2434632300560455 70.85236648269573
0.32912616835052294 -1.1297340392714657 69.12147745219568
0.21682237902457308 -1.7307515533149993 84.80811975986506
0.17308325113919204 -1.9999977180285602 92.88097779562138
0.1995657019963635 -1.4825363304197932 86.435489450542
0.2513070219179256 -1.3144061144712258 77.7703963634859
0.32395316689249637 -1.1772821098959507 69.27431085860098
0.17116186156563876 -1.999999850255986 94.01352609883506
0.31907873630191375 -1.0963824648423752 70.11622253445094
0.33538567572951306 -0.5000000717818552 61.48603279409252
0.31766390508868153 -0.8821263971986236 66.62626017470251
0.34642164351750526 -0.6924674429884259 63.17372378804282
0.3415434438164978 -0.9310633785093775 66.17908974828441
0.40769002118079506 -0.5017358071370791 58.49769826079307
0.1894797548187535 -1.6690144163654446 89.94836837619226
0.17301398986601887 -1.9910949424182895 94.99999910019132
0.4364585400323734 -0.700870348011575 59.55840686266863
0.30661789189689614 -0.9425944754410345 69.83520744650046
0.3140057757352599 -0.6442235782252005 66.58653477014613
0.16193709402664544 -1.8180739979239189 94.99999903923063
0.22539675347509794 -1.9999998271683046 85.08814704849675
0.27644133435862683 -1.3739069564173885 77.15434247116863
0.2781919096322365 -0.7637026737313745 69.53409567247158
0.2743039914902711 -1.4433734724534941 74.73557153600562
0.1630835172915637 -1.824131971085655 94.99909007831599
0.3842183718399787 -0.5000002935612388 61.24761084045594
0.36682437621453307 -0.7143423569122554 62.538815242022054
0.29510275801319236 -1.253014700479697 73.49341981925897
0.4249873913639749 -0.5720023950132457 59.00562118491331
0.32813561986923967 -1.2056905866568008 69.10607238735977
0.2609478979145199 -1.4404556594606672 75.89103487411603
0.27332561742914746 -0.8342992265455924 68.48101852612601
0.2993809290462243 -0.5696153321561127 64.68378026250724
0.2055925664648436 -1.553676078900916 86.65474680135796
0.2751172425913933 -1.1557701793683903 73.18174670251207
0.1898929803334041 -1.2199938389729508 84.67454616793268
0.3265419066963325 -1.355800089046531 70.73322732919262
0.2221678752344312 -1.9999996092333219 83.61458266358433
