#ID, (mag using flux with frame) Gmag, Rmag, Imag, Zmag, Ymag  
10004 20.131 18.917 18.251 18.109 18.125 
10026 19.323 18.512 18.109 17.921 17.700 
10030 20.569 19.741 19.604 19.387 18.702 
10032 18.899 18.360 18.094 18.026 17.923 
10033 17.463 16.837 16.483 16.289 16.096 
10034 19.895 -99 18.807 18.510 -99 
10047 19.915 18.749 18.191 17.836 17.327 
10054 20.192 18.959 18.400 18.099 17.969 
10057 21.026 19.733 19.279 19.062 18.960 
10058 18.400 17.419 16.944 16.661 16.420 
10073 18.281 17.632 17.242 17.058 16.853 
10087 20.617 19.766 19.294 19.025 18.671 
10088 17.814 16.997 16.656 16.501 16.223 
10113 17.763 16.965 16.607 16.355 16.201 
10116 21.089 20.173 19.628 19.305 19.167 
10117 19.878 19.001 18.626 18.407 18.238 
10137 19.099 18.246 17.794 17.516 17.446 
10141 20.944 20.039 19.852 19.293 18.997 
10144 18.496 17.665 17.276 16.953 16.961 
10146 19.190 18.371 18.164 17.836 17.597 
10147 17.992 17.228 16.842 16.531 16.344 
10150 17.353 -99 16.230 15.943 -99 
10151 -99 -99 18.360 18.123 -99 
10155 19.071 17.911 17.367 17.104 16.854 
10156 17.068 16.466 16.474 16.175 16.109 
10158 19.482 -99 -99 -99 -99 
10164 -99 -99 17.644 17.336 17.233 
10168 19.983 19.106 18.665 18.460 18.261 
10170 19.882 18.925 18.640 18.259 18.260 
10173 19.216 18.119 17.628 17.465 17.383 
10176 17.503 16.939 16.610 16.422 16.260 
10177 18.414 17.772 17.424 17.186 17.027 
10180 19.841 18.933 18.471 18.167 17.994 
10184 18.483 17.574 17.109 16.910 16.713 
10192 18.351 17.575 17.152 16.895 16.736 
10198 16.434 15.744 15.341 15.113 14.875 
10202 19.923 18.732 18.283 18.004 17.861 
10204 20.131 19.276 18.874 18.634 18.469 
10207 18.477 17.833 17.569 17.324 17.255 
10208 19.341 18.518 18.100 17.832 17.698 
10216 17.945 17.172 16.790 16.586 16.419 
10229 18.591 17.907 17.521 17.317 17.144 
10237 21.168 19.468 18.666 18.267 18.128 
10241 17.980 17.207 16.813 16.571 16.383 
10243 36.842 34.899 20.926 18.877 16.835 
10244 19.520 -99 17.201 17.677 -99 
10246 18.102 17.329 16.839 16.600 16.391 
10248 18.473 -99 17.208 16.942 -99 
10250 19.692 18.838 18.019 18.269 18.021 
10253 18.979 18.242 17.926 17.709 17.570 
10254 20.553 19.555 18.822 18.786 18.597 
10262 17.814 -99 16.555 16.100 -99 
10269 17.844 16.823 16.324 16.124 15.886 
10271 18.671 18.008 17.656 17.459 17.346 
10273 22.034 20.553 19.891 19.653 19.463 
10275 15.585 14.851 14.493 14.239 14.019 
10280 20.721 19.338 18.783 18.545 18.455 
10281 19.453 18.772 18.289 18.033 17.896 
10283 17.182 16.285 15.878 15.690 15.509 
10289 18.322 -99 17.098 16.980 -99 
10303 20.210 19.270 18.648 18.351 18.005 
10305 18.450 17.054 17.026 17.167 17.011 
10313 18.900 17.904 17.411 16.954 16.916 
10315 19.699 18.830 18.431 17.754 17.567 
10324 18.627 17.697 17.152 16.910 16.794 
10334 20.486 19.213 18.831 18.598 18.470 
10337 15.476 -99 13.873 13.788 -99 
10340 21.023 19.930 19.820 19.581 19.552 
10343 20.831 19.607 19.023 18.774 18.657 
10363 17.671 16.932 16.426 16.347 16.250 
10374 19.962 19.336 18.995 18.809 18.789 
10384 19.561 18.473 17.644 17.398 17.316 
10392 19.451 18.632 18.303 18.022 17.845 
10398 20.887 19.893 19.281 18.942 18.977 
104 19.491 18.375 17.947 17.657 17.454 
10423 19.614 18.824 18.544 18.321 18.090 
10431 20.030 21.112 20.846 20.563 19.953 
10436 19.352 18.419 17.860 17.717 17.691 
10438 18.275 17.524 17.146 16.926 16.772 
10440 20.467 19.343 18.829 18.545 18.309 
10444 22.157 20.965 20.457 20.140 20.092 
10447 18.379 17.439 17.062 16.787 16.613 
10452 18.067 16.857 16.391 16.231 16.054 
10455 25.724 20.386 19.567 19.221 19.872 
10458 18.759 18.053 17.820 17.467 17.289 
10459 19.561 -99 17.680 17.341 -99 
10460 18.330 16.904 17.455 16.976 17.016 
10461 19.445 18.486 18.047 17.787 17.691 
10463 22.049 20.866 20.242 19.934 19.839 
10464 20.346 19.277 18.803 18.504 18.308 
10481 20.260 18.945 18.493 18.163 17.881 
10482 16.861 16.228 15.908 15.756 15.566 
10489 17.180 16.326 15.855 15.603 15.442 
10506 18.903 17.583 17.754 17.521 17.761 
10507 -99 -99 19.706 -99 -99 
10508 19.607 18.935 18.556 18.369 18.282 
10512 17.880 17.151 16.796 16.443 16.199 
10514 18.321 17.583 17.166 16.938 16.833 
10516 20.812 19.216 18.575 18.380 18.056 
10518 18.319 17.578 17.056 16.854 16.741 
10523 17.511 16.845 16.296 16.064 15.840 
10524 19.778 18.905 18.586 18.365 18.228 
10525 20.576 19.647 19.241 18.903 18.927 
10530 -99 -99 18.351 -99 -99 
10535 18.502 17.581 17.125 16.809 16.574 
10540 21.063 19.767 19.165 18.501 18.235 
10546 19.918 18.827 18.337 18.010 17.845 
10547 -99 -99 -99 -99 -99 
10559 21.653 20.891 21.431 21.200 21.185 
10560 18.297 17.660 17.328 17.091 16.959 
10561 19.906 18.918 18.476 18.221 18.082 
10568 18.469 17.628 17.149 16.924 16.689 
10571 17.902 16.769 16.400 16.392 16.273 
10577 20.801 19.710 18.992 18.757 18.490 
10584 18.093 -99 16.912 16.683 16.518 
10588 20.107 19.227 18.060 18.520 18.324 
10591 17.457 16.753 16.337 16.107 15.961 
10594 18.403 17.697 17.269 17.016 16.844 
10598 19.126 18.248 18.143 18.062 18.163 
10610 18.807 17.929 17.500 17.228 17.051 
10613 18.814 18.028 17.627 17.345 17.163 
10618 20.221 19.137 18.415 18.143 17.892 
10620 17.741 17.023 16.641 16.384 16.219 
10624 21.573 20.506 20.250 19.686 19.979 
10641 20.280 19.755 19.165 18.889 18.558 
10643 -99 -99 16.971 -99 -99 
10655 20.794 19.444 18.943 18.762 18.081 
10656 18.370 17.564 17.140 16.853 16.713 
10663 17.992 17.086 16.443 16.346 -99 
10668 18.665 17.914 17.489 17.239 17.068 
10676 -99 -99 17.412 17.298 -99 
10679 20.012 18.953 18.423 18.147 18.000 
10682 16.934 16.127 15.928 15.514 15.281 
10690 17.856 17.278 16.954 16.787 16.638 
10691 17.745 16.856 16.363 16.023 15.815 
10693 18.558 17.643 17.221 17.026 16.875 
10696 18.210 17.477 17.071 16.794 16.511 
107 19.938 19.222 18.850 18.633 18.543 
10700 18.268 -99 17.226 -99 -99 
10707 19.869 18.971 18.276 18.188 17.976 
10712 17.909 17.010 16.487 16.295 16.096 
10713 19.941 18.940 18.249 18.032 17.909 
10718 15.691 15.018 14.584 14.370 13.981 
10720 18.163 17.562 17.214 17.067 16.915 
10725 21.519 20.343 19.747 19.461 19.227 
10733 20.008 18.448 18.354 17.951 17.709 
10736 20.453 17.269 18.114 17.254 17.402 
10738 17.625 -99 16.443 16.246 -99 
10741 18.500 17.625 17.416 16.684 16.524 
10744 20.667 19.441 18.976 18.642 18.590 
10750 20.657 19.354 18.764 18.517 18.294 
10751 19.141 -99 17.915 17.624 17.454 
10756 21.873 -99 19.429 -99 -99 
10758 18.536 17.746 17.375 17.157 16.980 
10760 19.369 18.191 17.269 17.131 17.506 
10767 20.121 19.103 18.617 18.358 18.138 
10768 19.939 18.772 18.321 17.958 17.742 
10769 18.163 17.370 16.955 16.690 16.498 
10777 20.133 19.134 18.589 18.276 18.058 
10780 18.511 17.657 16.814 16.787 17.708 
10781 19.619 18.578 18.108 17.813 17.624 
10785 16.758 16.133 15.759 15.550 15.284 
10791 20.047 19.616 20.267 19.867 19.561 
10792 -99 -99 19.916 19.732 19.463 
10794 18.789 17.910 17.277 17.353 17.092 
10807 20.274 -99 19.035 18.959 18.674 
10808 17.054 -99 15.879 15.545 15.400 
10818 19.060 18.403 18.651 18.768 18.296 
10828 17.801 16.989 16.608 16.316 16.172 
10843 19.620 18.707 18.229 18.004 17.849 
10846 19.680 18.557 18.927 18.914 18.828 
10872 19.627 19.121 18.259 17.966 18.286 
10876 17.746 17.411 17.200 17.054 16.926 
10894 17.010 16.347 15.925 15.302 15.261 
10904 -99 -99 16.677 16.459 16.283 
10909 18.377 17.638 17.270 17.056 16.909 
10910 20.612 18.884 18.153 18.646 18.120 
10912 19.411 18.240 17.626 17.369 17.075 
10924 19.350 18.317 17.754 17.457 17.219 
10928 -99 -99 16.187 16.416 16.024 
10931 19.173 18.460 18.321 17.964 17.438 
10936 18.905 17.525 16.953 17.057 16.847 
10940 19.850 19.113 18.731 18.524 18.420 
10942 20.477 19.313 18.701 18.414 18.108 
10945 20.374 19.374 19.044 18.656 18.503 
10956 18.688 17.882 17.506 17.255 17.127 
10957 22.022 21.185 20.601 20.321 19.784 
10960 20.271 18.921 18.452 18.172 17.896 
10963 19.617 18.743 18.310 18.051 17.881 
10964 19.620 19.026 18.625 18.641 18.390 
10970 21.360 18.968 18.015 18.160 19.300 
10983 17.956 17.400 17.065 16.867 16.755 
10984 18.323 17.477 17.044 16.772 16.588 
10987 17.888 17.225 16.831 16.594 16.406 
11000 18.247 17.534 17.140 16.966 16.897 
11011 20.337 19.478 19.056 18.756 18.378 
11019 19.661 19.158 17.799 17.615 17.605 
11032 20.076 18.875 18.406 18.083 17.887 
11035 21.576 20.554 20.119 19.758 20.055 
11037 19.885 19.205 18.874 18.655 18.526 
11042 16.966 16.131 15.555 15.419 15.185 
11047 20.844 19.940 19.425 19.213 19.072 
11048 20.640 19.409 19.353 18.872 19.356 
11052 -99 -99 16.412 16.233 16.063 
11054 20.919 19.638 19.907 19.458 19.256 
11057 20.410 19.303 18.672 18.514 18.172 
11060 20.318 18.756 18.270 17.792 17.731 
11064 -99 -99 15.998 15.821 15.581 
11071 19.586 19.101 18.891 18.392 18.568 
11072 16.231 15.401 14.977 14.722 14.511 
11079 19.315 18.369 17.901 17.638 17.523 
11087 21.247 19.363 18.932 18.550 18.550 
11100 17.901 17.198 17.092 16.652 16.554 
11101 20.963 19.995 19.261 19.067 18.885 
11103 18.921 18.008 17.741 17.327 17.297 
11106 17.802 17.229 16.558 16.628 16.446 
11113 19.148 18.144 17.719 17.580 17.512 
11118 20.370 19.189 18.644 18.420 18.287 
11119 18.355 17.515 17.080 16.845 16.753 
11123 18.469 17.296 16.778 16.508 16.270 
11132 17.983 17.301 16.809 16.611 16.411 
11133 18.810 18.052 17.611 17.428 17.248 
11134 18.376 17.612 17.168 16.926 16.763 
11148 18.508 17.571 17.140 16.925 16.742 
11154 17.801 17.063 16.659 16.407 16.230 
11155 18.486 17.719 17.327 17.069 16.899 
11160 17.238 16.342 15.799 15.468 15.226 
11167 -99 -99 16.836 16.610 16.413 
11176 19.168 18.285 17.890 17.444 17.364 
11191 18.409 17.478 17.086 16.510 16.594 
11196 19.606 18.480 17.655 17.448 17.122 
11224 17.560 17.325 16.626 16.441 16.212 
11238 16.049 15.242 15.001 14.540 14.312 
11242 20.591 18.994 18.506 18.113 18.043 
11252 20.172 19.205 18.644 18.372 18.236 
11255 -99 -99 17.655 16.764 16.859 
11257 17.028 16.203 16.066 15.519 15.414 
11279 20.154 19.200 18.382 18.458 18.473 
11286 18.347 17.755 16.992 17.408 17.518 
11287 18.925 18.417 19.695 17.751 19.257 
11288 18.691 17.845 17.443 17.170 17.012 
11293 19.814 19.190 18.846 18.693 18.765 
11300 17.120 16.463 15.979 15.738 15.550 
11311 18.975 18.179 17.788 17.567 17.382 
11318 18.961 19.303 17.869 16.467 16.229 
11331 -99 -99 16.163 15.959 15.764 
11333 21.833 21.699 21.412 21.675 20.034 
11335 20.357 19.350 19.053 18.712 18.628 
11336 19.541 18.388 17.725 17.498 17.304 
11343 18.781 17.995 17.654 17.467 17.381 
11347 20.595 19.602 19.050 18.759 18.525 
11358 18.826 18.025 17.693 17.377 17.266 
11364 18.902 17.837 17.421 17.157 17.001 
11373 -99 -99 18.193 18.061 17.761 
11383 20.294 18.997 18.518 18.120 17.854 
11385 19.309 18.610 18.252 18.045 17.917 
11392 18.643 17.795 17.355 17.098 16.955 
11393 -99 -99 17.199 17.059 17.541 
11396 18.545 17.787 17.361 17.133 16.961 
11397 19.172 18.201 17.505 17.267 17.067 
11399 17.857 17.142 16.553 16.418 16.280 
114 17.577 16.774 16.326 16.017 15.808 
11407 19.440 18.215 17.676 17.409 17.197 
11420 19.639 18.639 18.242 18.125 17.959 
11425 18.124 17.416 17.025 16.817 16.693 
11427 18.526 17.526 17.047 16.782 16.558 
11436 17.631 16.980 16.591 16.363 16.265 
11456 17.171 16.506 16.222 15.971 15.810 
11463 20.175 19.125 18.600 18.348 18.164 
11464 17.879 17.124 16.665 16.457 16.264 
11470 18.581 18.212 17.374 17.270 17.015 
11474 19.071 18.014 17.488 17.268 16.898 
11481 18.097 17.236 16.839 16.616 16.525 
11482 -99 -99 17.400 17.179 17.013 
11488 18.412 18.177 18.223 16.588 17.056 
11497 18.089 17.253 16.786 16.564 16.375 
11498 16.718 16.078 15.461 15.299 15.057 
11499 21.689 20.493 19.770 -99 -99 
115 19.780 18.880 18.443 18.169 18.001 
11501 -99 19.526 18.305 -99 -99 
11504 20.960 21.420 -99 -99 -99 
11506 19.149 18.407 17.457 -99 -99 
11511 -99 -99 17.395 -99 -99 
11515 -99 -99 16.358 15.875 16.082 
11524 18.741 17.830 17.327 17.132 16.911 
11540 -99 -99 27.634 20.625 21.072 
11574 20.604 19.505 19.077 18.751 18.399 
116 17.827 17.224 16.708 16.689 16.473 
11609 17.172 16.536 16.068 15.831 15.837 
11616 18.505 17.631 17.489 17.293 17.089 
11644 18.977 17.950 17.668 17.509 17.211 
11672 18.500 17.510 17.384 17.192 16.972 
11726 18.963 17.905 17.637 17.445 17.188 
11732 17.482 16.774 16.319 16.235 16.021 
11735 20.008 18.998 18.298 17.991 17.805 
11773 19.599 18.533 18.090 17.905 17.630 
11802 17.944 17.286 16.929 16.753 16.509 
11810 21.325 20.572 20.216 19.844 19.630 
11814 18.048 16.950 16.783 16.614 16.091 
11843 21.214 19.782 19.924 20.150 19.973 
11846 20.121 19.093 18.613 18.290 18.101 
11946 -99 -99 16.530 16.315 16.077 
11954 19.008 18.290 -99 -99 -99 
12017 17.812 16.971 16.546 16.499 16.279 
12025 20.748 20.071 -99 -99 -99 
12042 18.573 17.807 17.372 17.064 16.904 
12044 19.268 18.183 18.089 18.294 18.133 
12076 18.341 17.347 16.973 16.722 16.566 
12077 17.484 16.591 16.083 15.778 15.572 
12086 18.947 17.810 17.282 16.954 16.736 
121 19.263 18.641 18.390 18.211 18.080 
12122 20.330 19.097 18.757 18.496 18.284 
12125 19.841 18.836 17.988 17.840 17.450 
12156 19.932 18.868 18.257 18.134 17.839 
12187 18.847 17.919 17.431 17.198 17.033 
122 18.423 17.366 16.876 16.522 16.320 
12219 17.110 16.417 16.184 16.018 15.800 
12236 16.576 15.951 15.628 15.435 15.252 
12241 20.034 19.434 19.126 18.937 18.989 
12263 17.289 17.073 16.862 16.771 16.621 
12296 17.848 17.127 16.526 16.226 16.254 
123 18.218 17.505 17.122 16.894 16.781 
12316 20.079 19.081 18.470 18.173 18.047 
12325 19.812 19.634 18.867 18.633 18.293 
12358 19.050 18.494 17.928 17.839 17.608 
12388 19.606 18.899 18.383 18.146 17.970 
12392 19.031 18.643 17.671 18.061 17.899 
12398 18.020 17.352 16.962 16.722 16.549 
12432 17.581 16.988 16.804 16.472 16.310 
12433 19.982 18.710 18.148 17.942 17.725 
12445 20.110 19.462 18.866 18.809 18.615 
12474 20.145 19.464 19.043 18.800 18.640 
12511 19.710 18.193 18.538 17.114 16.767 
12546 -99 -99 17.342 17.075 16.972 
126 18.630 17.947 17.595 17.357 17.236 
12642 20.783 19.981 19.515 19.223 19.370 
127 19.200 18.501 18.124 17.890 17.805 
12705 17.914 16.633 16.809 16.682 16.518 
12711 19.733 18.479 18.328 18.526 18.435 
12752 20.119 19.153 18.660 18.386 18.189 
12776 18.167 17.354 17.196 17.093 17.064 
12779 18.676 18.022 17.392 17.454 17.350 
12793 20.015 19.283 19.014 18.866 18.738 
128 19.122 18.270 17.857 17.746 17.311 
12803 19.632 18.859 18.431 18.103 18.001 
12813 16.299 15.602 15.050 14.724 14.342 
12816 -99 -99 14.862 14.969 15.071 
12831 19.168 18.137 17.724 17.534 17.366 
12851 15.762 15.068 14.854 14.277 13.832 
12871 19.395 18.530 17.941 17.470 17.015 
12887 20.346 19.316 18.805 18.526 18.372 
12898 16.582 15.974 15.599 15.370 15.198 
12943 19.418 18.783 18.420 18.272 18.156 
12971 18.791 17.912 17.489 17.220 17.053 
12982 18.691 17.919 17.438 17.259 17.092 
13015 18.531 17.457 17.185 16.933 16.888 
13078 20.334 19.351 18.883 18.588 18.536 
13099 18.242 17.571 17.270 17.054 17.016 
131 20.345 19.137 18.509 18.147 17.933 
13103 19.830 18.871 18.496 18.141 17.971 
13110 18.602 17.708 17.932 16.680 16.413 
13120 -99 -99 -99 -99 -99 
13188 20.562 20.235 18.976 19.288 19.043 
13191 20.276 19.563 19.543 18.938 18.882 
13192 19.150 18.677 18.454 18.002 18.011 
132 16.997 16.240 16.026 15.807 15.566 
13215 22.158 21.995 29.221 20.290 19.282 
13239 19.990 19.050 18.649 18.321 18.179 
13242 18.594 17.799 17.269 17.207 17.090 
13257 19.822 18.805 18.233 17.843 17.832 
13263 21.242 20.046 19.513 19.297 19.207 
13279 19.032 18.270 18.029 17.775 17.558 
13292 20.455 20.002 19.572 19.993 19.862 
13297 -99 -99 18.913 18.651 18.474 
13298 17.229 16.696 16.067 16.126 15.880 
13334 19.892 19.047 18.607 18.421 18.108 
13338 -99 -99 -99 -99 -99 
13363 21.405 20.303 20.070 20.133 19.388 
13370 -99 -99 16.205 15.805 15.829 
13392 20.695 19.677 19.217 18.978 18.689 
134 17.569 16.894 16.502 16.299 16.123 
13414 17.512 16.758 16.306 16.021 15.936 
13416 19.407 18.584 17.777 17.890 17.608 
13419 16.544 15.859 15.600 15.312 15.050 
13445 17.901 17.092 16.712 16.486 16.295 
13453 -99 -99 18.286 18.229 17.617 
13470 16.209 15.497 15.474 15.062 14.782 
13493 20.560 19.329 18.682 18.376 18.315 
138 20.610 19.509 19.128 18.860 18.727 
14147 -99 -99 16.813 16.398 15.619 
14148 -99 -99 17.326 17.068 16.908 
14150 19.414 18.664 17.311 18.012 17.839 
14152 -99 -99 16.470 -99 16.104 
14156 21.824 20.744 20.070 19.795 19.707 
14157 18.083 17.613 16.562 17.371 17.372 
14160 19.381 18.352 17.756 17.400 17.219 
14163 18.140 17.321 15.985 16.499 16.350 
14165 17.566 16.762 16.268 16.064 15.806 
14169 17.185 16.270 15.336 14.823 14.837 
14171 20.290 19.313 18.928 18.677 18.435 
14175 20.747 20.289 19.720 19.955 19.410 
14184 21.483 20.530 20.093 19.725 17.973 
14186 20.638 19.572 19.198 18.929 18.196 
14189 17.240 16.550 16.128 15.869 15.713 
14197 17.079 16.400 15.940 15.647 15.127 
14198 17.484 16.611 16.205 15.774 15.401 
142 21.710 21.124 20.187 20.465 20.376 
14203 19.782 18.798 18.352 17.974 17.801 
14207 22.699 20.687 20.643 20.448 20.211 
14209 17.557 17.808 17.179 16.578 16.754 
14213 19.195 18.181 17.679 17.324 17.120 
14214 19.320 18.456 18.044 17.853 17.632 
14215 20.044 18.702 -99 -99 -99 
14216 17.360 16.540 16.103 15.833 15.607 
14220 18.904 17.778 17.400 17.183 16.759 
14221 19.142 17.523 17.217 16.907 16.978 
14222 20.191 20.632 20.124 19.814 19.473 
14224 20.094 19.005 18.546 18.220 18.030 
14225 20.964 18.732 18.622 18.328 18.095 
14227 20.105 18.310 17.678 16.845 17.261 
14228 18.164 17.166 16.810 16.546 16.304 
14229 17.226 16.420 16.128 15.290 15.104 
14231 18.110 17.217 16.751 16.415 16.232 
14233 18.473 17.716 17.306 17.055 16.895 
14236 18.551 17.679 17.562 16.842 16.292 
14241 19.102 18.249 17.750 17.541 17.313 
14242 20.627 19.886 19.538 19.146 19.140 
14246 15.950 15.234 14.890 14.533 14.195 
14247 17.115 16.356 16.018 15.610 15.246 
14248 18.506 17.799 16.988 16.996 16.869 
14253 19.193 18.275 17.741 17.465 17.256 
14259 20.024 18.663 18.183 17.825 17.645 
14261 19.769 18.723 18.218 17.840 17.623 
14270 19.922 18.944 18.518 18.193 18.088 
14272 20.971 20.014 19.303 18.919 18.750 
14273 18.616 17.153 16.751 16.511 16.312 
14278 18.067 -99 16.689 16.366 16.139 
14279 19.769 19.045 18.605 18.313 18.148 
14281 20.597 19.390 18.898 18.538 18.364 
14282 18.497 16.813 16.851 16.451 16.813 
14286 21.454 20.418 19.895 19.734 19.858 
14287 17.118 16.366 16.080 15.895 15.742 
14289 18.645 17.750 17.264 17.022 16.887 
14295 19.821 19.171 18.870 18.635 18.419 
14297 18.631 17.702 17.009 16.755 16.613 
14301 21.099 20.316 20.042 19.691 19.522 
14304 16.951 16.229 15.789 15.519 15.289 
14308 19.749 18.656 17.979 17.655 17.297 
14318 19.393 18.524 18.064 17.781 17.606 
14322 18.031 17.176 16.556 16.373 16.179 
14326 17.297 17.689 17.456 16.299 16.692 
14327 20.337 18.523 18.636 17.721 17.958 
14331 20.257 19.245 18.558 18.392 18.144 
14340 20.721 19.742 19.202 18.951 18.688 
14341 17.669 16.874 16.350 16.101 15.836 
14344 18.671 17.346 16.747 16.441 16.424 
14346 20.578 19.448 18.908 18.609 18.316 
14351 20.509 19.606 19.112 18.681 18.535 
14353 20.564 19.536 19.058 18.804 18.577 
14364 20.364 19.393 18.821 18.593 18.315 
14365 20.341 19.490 18.976 18.775 18.613 
14366 20.428 19.090 18.776 18.542 18.226 
14367 20.191 19.695 19.303 19.143 18.845 
14368 18.660 17.764 17.090 17.069 16.997 
14384 19.289 17.968 17.435 17.209 16.960 
14386 18.556 17.920 17.430 17.228 16.983 
14387 17.458 16.721 16.310 16.061 15.864 
14390 18.467 17.991 17.722 16.980 16.130 
14391 18.371 17.590 17.134 16.873 16.775 
14392 19.417 18.706 18.184 18.026 17.718 
14398 21.898 20.622 20.039 19.679 19.597 
14399 17.977 17.373 16.647 16.526 16.688 
144 21.002 19.331 17.656 17.080 18.449 
14402 14.408 13.960 13.921 13.412 13.187 
14405 19.828 18.613 18.352 18.062 17.574 
14408 17.844 17.015 16.516 16.261 16.031 
14412 20.063 19.147 18.779 18.566 18.290 
14413 19.632 18.862 18.191 18.272 18.029 
14414 20.557 19.139 19.204 18.913 18.251 
14418 22.170 20.787 19.976 19.431 19.296 
14419 19.603 19.737 19.400 18.902 19.372 
14421 19.645 18.382 17.872 17.566 17.200 
14424 19.100 18.277 17.734 17.446 17.611 
14425 19.109 18.658 18.376 18.239 17.908 
14427 20.274 17.752 19.075 19.067 17.920 
14429 15.303 14.397 14.301 14.048 13.783 
14430 18.457 17.692 17.687 17.500 17.285 
14431 18.868 18.116 17.890 17.665 17.494 
14435 16.326 16.204 15.310 15.144 14.899 
14436 13.927 13.809 13.797 12.846 13.200 
14438 19.472 18.455 18.012 17.723 17.462 
14439 19.527 18.745 18.391 18.159 18.001 
14440 19.887 19.079 18.554 18.250 18.065 
14441 17.546 16.831 16.580 16.456 16.242 
14442 21.040 19.761 19.240 19.050 18.778 
14444 16.547 15.665 15.629 15.494 15.232 
14446 19.680 19.053 18.618 18.442 18.288 
14447 19.740 18.890 18.477 18.035 17.954 
14448 19.052 18.276 17.842 17.572 17.395 
14450 20.859 19.632 18.900 18.800 18.493 
14452 21.186 20.123 19.767 19.328 19.480 
14456 21.941 20.701 19.892 19.564 19.337 
14459 19.111 18.426 18.082 17.820 17.657 
14464 19.020 18.100 17.778 17.518 17.365 
14468 20.327 19.508 18.910 18.519 18.432 
14469 18.590 18.039 17.252 17.338 17.012 
14478 21.209 19.848 19.275 18.944 18.726 
14479 17.350 16.546 16.074 15.778 15.575 
14481 19.699 19.028 18.629 18.467 18.281 
14484 20.213 19.277 18.833 18.600 18.360 
14485 21.437 20.042 19.422 19.316 19.064 
14486 21.278 21.031 21.148 20.617 20.658 
14492 21.302 20.032 19.590 19.164 18.983 
14493 18.221 17.413 16.959 16.624 16.518 
14495 16.822 16.211 15.841 15.663 15.465 
14497 19.009 18.300 17.944 17.555 17.634 
14499 21.970 20.832 20.395 20.028 19.857 
145 18.080 17.322 16.850 16.584 16.377 
14502 18.289 17.159 16.666 16.402 16.104 
14503 -99 -99 -99 -99 -99 
14510 19.915 18.930 18.391 18.081 17.916 
14511 21.189 18.775 18.421 18.440 18.314 
14512 17.810 17.086 16.642 16.363 16.159 
14513 20.683 19.479 18.943 18.640 18.077 
14515 21.750 20.625 19.597 19.688 19.821 
14516 22.602 21.566 20.689 20.409 20.296 
14518 18.189 17.322 16.819 16.674 16.510 
14520 19.258 18.246 17.731 17.402 17.261 
14532 19.219 18.499 18.106 17.793 17.575 
14542 20.184 18.878 18.542 18.098 18.061 
14543 19.297 17.287 17.497 17.739 17.541 
14551 18.134 17.395 17.043 16.779 16.613 
14552 19.669 18.759 18.316 18.043 17.858 
14554 17.257 16.524 16.040 15.021 15.474 
14557 20.917 19.630 19.158 18.824 18.804 
14558 18.477 19.000 19.228 18.280 18.123 
14559 19.366 18.303 17.656 17.549 17.524 
14562 18.127 17.365 16.917 16.698 16.554 
14563 19.580 18.957 18.291 18.047 18.310 
14564 18.193 17.355 16.913 16.580 16.363 
14565 18.763 17.830 16.799 17.094 16.938 
14569 18.134 18.041 17.836 17.532 17.524 
14571 30.733 28.181 29.347 49.977 13.688 
14575 17.853 17.264 16.758 16.656 16.455 
14579 17.461 16.914 16.561 16.392 16.209 
14581 20.080 19.022 18.532 18.317 18.079 
146 17.389 16.520 15.637 15.503 14.990 
149 17.340 16.530 16.090 15.835 15.621 
15 18.469 17.578 17.022 16.821 16.582 
153 20.358 18.889 18.325 17.950 17.891 
156 17.246 16.358 15.932 15.809 15.629 
158 19.973 19.295 19.051 18.714 18.344 
16 19.680 18.666 18.319 17.982 17.940 
161 19.413 18.511 18.083 17.790 17.656 
163 17.969 17.261 16.882 16.656 16.492 
164 18.229 17.342 16.865 16.578 16.409 
17 19.857 19.530 18.842 18.838 18.695 
170 22.349 20.677 20.536 20.029 20.132 
172 17.272 16.573 16.179 15.943 15.674 
174 18.100 17.553 17.251 17.085 16.985 
1752 19.463 19.035 18.456 18.068 18.040 
180 17.859 17.293 16.975 16.804 16.634 
1826 17.898 16.368 16.865 16.641 16.547 
183 18.412 17.132 16.734 16.460 16.308 
184 17.937 17.175 16.651 16.556 16.498 
1842 20.440 19.454 18.830 18.566 18.515 
185 19.831 18.889 18.382 18.126 17.916 
1852 17.335 16.418 15.940 15.635 15.452 
1862 -99 -99 16.779 16.502 16.321 
1892 17.790 17.221 16.879 16.687 16.541 
1902 19.019 18.315 17.878 17.689 17.597 
1927 17.427 16.865 16.465 16.322 16.159 
193 21.004 20.029 20.036 19.482 19.518 
194 18.960 17.927 17.103 16.934 16.750 
1940 20.575 19.336 18.972 18.632 18.627 
1945 18.220 17.523 17.281 17.081 16.925 
195 21.224 19.989 19.585 19.113 19.235 
1950 19.940 18.662 18.255 17.951 17.738 
1951 15.790 14.787 14.455 14.248 13.865 
1952 16.195 15.338 14.937 14.738 14.430 
1956 -99 -99 -99 -99 -99 
198 19.381 18.870 18.558 18.431 18.326 
1985 17.625 17.041 16.729 16.515 16.292 
1998 19.219 18.613 18.190 17.800 17.719 
200 18.835 17.971 17.534 17.229 17.070 
2004 19.759 18.819 18.316 18.066 17.874 
2011 19.694 18.860 18.293 17.859 17.894 
202 18.269 17.512 17.139 16.902 16.716 
2028 17.902 16.823 16.351 16.046 15.802 
2032 19.599 18.511 17.942 17.620 17.377 
2033 20.022 18.598 18.200 17.856 17.634 
2039 19.806 18.917 18.511 18.263 18.074 
2046 17.114 16.471 16.345 15.837 15.664 
2049 20.528 19.222 18.721 18.401 18.199 
205 18.649 17.636 17.415 17.214 16.854 
2051 19.965 18.594 18.264 18.330 19.014 
2067 17.639 16.954 16.432 16.263 15.899 
2082 19.495 19.177 18.752 18.284 18.568 
2083 19.799 18.959 17.346 17.782 17.478 
2097 19.957 18.991 18.491 18.210 18.023 
21 17.450 16.887 16.486 16.237 16.104 
210 16.775 15.827 15.532 15.057 14.710 
2113 18.509 17.911 17.443 17.191 16.953 
2116 20.026 18.697 17.940 17.686 17.395 
2122 18.655 17.635 17.137 16.810 16.653 
214 20.350 19.708 19.224 18.962 18.928 
2161 17.466 16.687 16.194 15.944 15.698 
2172 20.129 19.309 18.796 18.621 18.136 
2179 20.474 19.711 19.398 19.067 18.874 
2180 -99 -99 16.659 16.782 16.421 
2183 18.971 18.473 17.991 17.889 17.657 
2189 18.756 17.035 17.502 16.797 18.484 
219 20.532 18.933 18.668 18.562 18.249 
2199 20.562 19.406 18.962 18.696 18.503 
22 18.640 17.858 17.360 17.220 17.033 
220 23.237 20.219 20.068 19.852 19.631 
2205 19.695 18.906 18.516 18.308 18.168 
2207 17.957 17.287 16.844 16.658 16.446 
2220 20.107 19.101 18.519 18.308 18.130 
2225 19.491 18.132 17.502 17.447 17.163 
2228 20.556 19.926 19.563 19.363 18.894 
223 17.405 17.362 17.622 16.247 17.449 
224 20.628 19.323 18.906 18.659 18.378 
2240 19.586 18.418 18.052 17.835 17.466 
225 20.073 19.270 18.873 18.693 18.570 
2253 17.305 16.503 16.422 15.944 15.701 
2254 16.118 16.289 15.683 15.506 15.301 
226 21.467 20.095 19.667 19.351 19.097 
2264 21.066 20.030 19.942 19.412 18.688 
2267 16.298 15.401 14.734 14.374 14.096 
227 20.564 19.736 19.361 19.064 18.995 
228 19.401 18.423 18.000 17.683 17.614 
229 17.494 16.833 16.429 16.181 15.976 
2296 -99 -99 16.907 16.619 16.524 
23 19.309 18.284 17.798 17.594 17.349 
230 19.374 18.394 17.964 17.703 17.479 
2309 16.620 -99 15.296 15.140 14.897 
231 19.649 18.792 18.401 18.046 17.863 
2314 17.689 16.911 16.429 16.236 16.085 
232 19.768 18.989 18.625 18.239 18.239 
2322 16.795 16.005 15.460 15.087 14.937 
2329 18.430 17.584 17.156 16.870 15.095 
2335 18.411 17.521 17.090 16.780 16.634 
2337 20.686 20.202 18.444 19.780 19.175 
2339 19.344 18.948 17.695 18.228 17.549 
234 18.105 17.529 17.122 16.872 16.814 
2344 19.250 18.557 18.207 18.058 17.872 
2363 20.529 19.288 18.793 18.488 18.156 
237 19.364 18.250 17.786 17.363 17.378 
238 19.034 18.355 17.912 17.743 17.706 
2383 18.195 17.481 17.128 16.912 16.723 
2387 19.236 18.186 17.806 17.559 17.257 
239 20.375 19.341 18.863 18.498 18.365 
2397 19.832 18.600 18.163 17.792 17.617 
2412 18.481 17.713 17.285 17.168 17.064 
2418 18.876 18.027 17.853 17.611 17.536 
242 17.511 16.759 16.282 16.101 15.865 
2423 19.696 18.696 18.372 18.128 17.883 
2424 22.658 21.270 20.320 20.175 19.961 
243 19.671 18.915 18.501 18.131 18.083 
2434 20.709 19.430 18.943 18.696 18.625 
2436 17.772 17.395 16.942 16.665 16.473 
2442 18.165 17.407 17.029 16.836 16.619 
2475 17.778 17.035 16.465 16.230 16.044 
2479 19.896 18.827 18.404 18.123 17.890 
2480 19.754 18.613 18.156 17.865 17.629 
2483 21.216 18.625 18.448 18.502 18.360 
2484 20.097 18.771 18.636 18.224 17.968 
249 16.005 15.412 15.113 14.915 14.719 
2495 18.089 17.193 16.689 16.529 16.307 
25 19.115 18.375 17.937 17.716 17.546 
2506 20.025 18.932 18.505 18.213 18.028 
2508 18.834 17.566 16.883 16.665 16.452 
2512 17.486 16.505 16.264 16.140 15.775 
2519 19.868 18.691 18.314 18.002 17.732 
2523 17.392 16.763 16.831 16.829 16.292 
2528 18.364 17.786 17.994 16.977 18.103 
2538 17.987 17.191 16.484 16.244 16.123 
254 20.377 19.163 18.614 18.297 18.089 
2542 18.938 18.006 17.525 17.184 17.053 
2543 17.589 16.687 15.992 15.035 15.535 
2549 32.484 21.200 19.901 20.095 21.890 
2554 17.923 16.622 16.169 16.170 15.832 
2556 18.470 17.600 -99 16.617 16.468 
256 20.764 18.188 17.992 18.411 18.175 
2569 19.303 18.272 17.856 17.572 17.355 
2574 19.999 19.512 18.141 18.368 18.084 
258 18.530 17.422 16.986 16.743 16.485 
2580 18.170 17.439 16.233 16.418 16.335 
2587 19.558 18.622 18.088 17.786 17.633 
259 19.910 19.691 19.175 18.915 18.531 
2593 19.436 18.593 18.080 17.847 17.598 
260 14.268 13.442 12.864 12.506 11.856 
2607 17.316 16.585 16.064 15.897 15.840 
2615 18.591 17.589 17.092 16.787 16.614 
2623 18.260 17.525 17.096 16.879 16.743 
2635 18.252 17.496 16.923 16.740 16.624 
2644 17.024 16.334 16.929 16.764 16.523 
265 16.047 15.315 15.006 14.700 14.447 
2665 20.064 19.534 19.505 19.055 18.559 
267 19.167 18.383 17.926 17.833 17.603 
2671 19.271 18.201 17.828 17.734 17.457 
2684 17.485 16.836 16.508 16.262 16.137 
2688 20.983 19.349 19.231 19.046 18.828 
2690 18.339 18.981 18.452 17.857 17.595 
2692 19.005 18.634 18.913 18.553 18.178 
2703 18.553 17.482 17.007 16.684 16.489 
2709 18.465 17.415 17.171 16.903 16.705 
2714 18.283 17.242 16.428 16.495 16.313 
2715 18.253 17.356 16.852 16.582 16.412 
2716 18.003 17.250 16.578 16.560 16.378 
2719 20.821 19.768 -99 -99 -99 
272 19.373 18.150 17.658 17.371 17.178 
2720 19.254 18.059 17.560 17.278 17.128 
2724 20.674 19.884 19.759 19.514 19.256 
2726 20.659 19.735 19.298 19.274 19.081 
2735 19.967 18.985 18.692 18.292 18.264 
2738 17.965 16.969 16.774 16.446 16.103 
2739 20.784 20.111 19.712 19.557 19.387 
275 18.267 17.563 17.099 16.790 16.574 
2750 21.178 19.096 18.371 18.359 18.971 
2752 20.216 19.239 18.808 18.451 18.341 
2753 19.976 19.098 18.950 18.593 18.349 
276 19.043 18.506 17.828 17.573 17.691 
2762 21.652 20.440 20.094 19.796 19.672 
2766 20.580 19.501 19.171 19.036 18.668 
2770 18.310 17.498 16.982 16.816 16.634 
2776 16.820 19.665 17.752 16.633 18.099 
279 18.764 17.648 17.140 16.938 16.729 
2796 -99 -99 18.844 18.402 18.153 
28 19.373 18.174 17.785 17.476 17.380 
2805 18.230 17.450 17.147 16.465 16.606 
2811 19.570 18.669 18.138 17.930 17.767 
2812 19.837 18.926 18.496 18.213 18.089 
2815 19.813 18.755 18.197 17.954 17.719 
282 20.638 19.380 18.822 18.545 18.418 
2828 19.745 18.650 17.657 17.320 17.081 
283 19.959 19.341 18.903 18.644 18.575 
2831 -99 -99 -99 -99 -99 
2845 21.298 20.002 19.434 19.353 19.144 
2846 20.163 18.541 17.626 18.381 18.276 
285 21.878 20.218 19.482 19.155 19.194 
2861 20.698 19.492 18.838 18.538 18.349 
288 15.305 14.876 14.548 14.177 13.866 
2882 18.862 17.966 17.567 17.399 17.244 
2883 12.525 18.142 17.994 18.283 18.544 
2884 18.077 17.372 16.825 16.642 16.583 
2886 17.295 16.564 16.113 15.915 15.639 
2889 18.279 17.417 16.922 16.689 16.451 
289 19.928 19.253 18.603 18.318 18.166 
2891 15.848 14.617 14.613 14.502 14.150 
29 18.642 17.561 17.181 16.808 16.645 
290 19.604 18.699 18.298 17.941 17.991 
2900 15.223 14.700 14.825 14.401 14.221 
291 18.377 17.612 17.173 16.921 16.772 
2914 18.773 17.666 17.077 16.806 16.596 
2915 20.281 19.050 18.532 18.238 18.012 
2936 18.851 18.115 17.667 17.453 17.310 
294 20.010 19.099 18.699 18.452 18.299 
2941 20.173 19.779 17.883 18.233 17.818 
2944 17.494 16.719 16.303 16.053 15.843 
2946 16.918 15.984 15.515 15.309 15.174 
295 20.154 18.813 18.306 18.463 18.025 
2958 19.975 18.406 18.546 17.123 18.203 
2960 20.679 19.588 19.006 18.580 18.430 
2962 18.157 17.117 16.744 16.435 16.304 
2969 17.721 16.753 16.423 16.165 15.980 
2985 19.257 17.863 17.271 17.011 16.764 
2988 21.039 20.048 18.606 18.613 19.693 
2991 20.131 19.373 19.088 18.849 18.720 
2992 17.985 17.812 17.542 17.335 17.246 
30 18.287 17.450 16.978 16.592 16.496 
3007 17.264 16.329 15.869 15.764 15.685 
3008 20.312 19.580 19.080 18.876 18.708 
3013 18.847 18.168 17.846 17.759 17.718 
3014 19.999 18.933 18.340 18.067 17.876 
3015 18.751 17.913 17.537 17.308 17.143 
3019 18.295 17.683 17.127 17.015 16.737 
3022 19.214 17.741 17.415 17.027 16.958 
3025 17.649 16.870 16.464 16.162 15.957 
3038 16.595 15.528 14.241 14.917 14.896 
304 18.956 18.122 17.859 17.443 17.488 
305 18.265 18.032 17.426 16.810 16.923 
3055 19.284 19.204 18.462 18.183 17.935 
3056 18.356 17.546 17.150 17.016 17.003 
3073 20.305 18.957 18.868 18.481 18.487 
3076 19.932 18.954 18.398 18.211 17.914 
3082 18.831 17.643 17.077 16.883 16.588 
3085 18.189 17.533 17.068 16.828 16.671 
3087 18.543 17.956 17.577 17.429 17.113 
3092 19.540 18.573 18.182 17.921 17.725 
3107 16.305 15.598 14.946 14.859 14.737 
3118 20.158 18.633 18.450 18.376 18.309 
3119 19.820 18.633 18.491 17.909 18.153 
312 17.807 17.225 16.833 16.634 16.461 
3123 18.818 17.421 17.530 17.678 17.465 
3125 17.293 16.492 15.981 15.685 15.479 
3126 20.186 19.468 19.133 18.957 18.865 
3127 16.487 15.861 15.417 15.261 14.902 
3135 20.365 19.027 18.526 18.235 18.061 
3138 18.637 17.966 17.773 17.516 17.403 
3139 18.235 17.445 17.166 16.932 16.747 
314 17.640 16.875 16.401 16.294 15.967 
3142 20.224 19.102 18.586 18.242 18.082 
3143 20.397 19.053 18.521 18.239 18.012 
3150 16.878 15.871 15.225 14.957 14.665 
3154 20.931 19.565 19.024 18.729 18.557 
3155 16.329 15.666 15.261 15.086 14.849 
3158 20.387 19.004 18.357 18.092 17.927 
316 20.116 19.057 18.614 18.323 18.211 
3167 18.095 17.077 16.617 16.320 16.123 
3175 18.327 17.579 17.184 16.934 16.763 
318 20.532 19.554 19.019 18.756 18.709 
319 21.560 20.565 19.842 19.468 19.184 
3199 19.509 18.626 17.829 17.238 17.228 
32 17.886 17.100 16.017 16.432 16.234 
3201 18.209 17.435 16.925 16.842 16.560 
3213 17.990 17.095 16.633 16.424 16.221 
3226 20.675 20.197 37.410 25.353 22.706 
323 21.758 20.793 20.416 20.222 19.963 
3235 19.199 18.597 18.184 17.973 17.778 
3237 18.793 17.852 17.057 16.921 16.755 
3239 19.611 18.519 17.878 17.670 17.334 
324 18.468 17.561 17.175 16.888 16.762 
3255 17.948 17.250 16.824 16.508 16.439 
3258 16.271 15.444 15.545 15.284 14.527 
326 18.005 17.096 16.592 16.286 16.087 
3265 20.967 19.107 18.865 18.639 18.454 
3268 -99 -99 19.965 19.346 19.234 
3289 18.948 18.097 17.667 17.214 17.257 
329 19.237 18.379 18.062 17.853 17.797 
3292 17.526 16.953 16.560 16.329 16.195 
3294 19.143 18.449 18.067 17.834 17.689 
330 17.427 16.641 16.243 15.982 15.758 
3302 19.149 18.106 17.045 16.624 16.700 
3304 19.665 18.778 18.025 17.861 17.773 
331 18.425 17.715 17.375 17.138 16.965 
3318 19.936 19.365 18.985 18.762 18.370 
3319 18.354 17.668 17.286 17.050 16.876 
332 22.239 20.205 19.755 20.111 19.352 
3325 18.497 17.612 16.796 16.712 16.202 
3327 19.073 18.154 17.728 17.445 17.251 
3332 20.981 20.096 20.154 20.002 20.076 
3335 19.325 18.284 17.800 17.565 17.328 
3336 18.553 17.732 17.308 17.093 16.871 
3338 20.470 19.437 19.176 18.945 18.951 
334 19.798 17.986 18.571 17.875 18.115 
3340 18.977 18.067 17.828 17.960 17.895 
3341 21.535 20.729 20.278 20.013 19.851 
3342 19.264 18.366 17.909 17.644 17.442 
3344 17.097 16.395 15.955 15.797 15.534 
335 18.456 17.174 16.736 16.470 16.336 
3363 18.734 20.010 21.340 19.920 21.072 
3365 18.327 17.506 17.090 16.919 16.674 
3367 20.553 19.635 19.369 19.029 19.075 
3375 18.010 17.373 16.891 16.488 16.266 
3386 18.006 17.125 16.821 16.518 16.390 
3397 19.728 18.579 18.128 17.835 17.637 
34 16.771 17.203 17.214 18.243 18.415 
3402 20.608 19.489 19.213 18.811 18.687 
3409 19.913 19.345 19.105 18.929 18.802 
341 19.303 18.386 18.061 17.823 17.718 
3411 20.222 18.975 18.545 18.123 17.977 
342 17.579 16.910 16.581 16.406 16.040 
3427 18.932 17.879 17.336 17.114 16.863 
343 14.883 14.341 14.105 14.152 14.161 
3434 18.166 16.766 16.748 16.750 16.549 
3436 20.330 19.248 18.675 18.368 18.281 
3439 20.409 19.049 18.404 18.117 17.780 
344 18.949 18.336 17.945 17.677 17.473 
3446 21.417 20.216 19.731 19.386 19.251 
3450 16.953 16.085 15.721 15.565 15.413 
3468 20.066 18.567 17.581 17.752 17.416 
3471 17.399 16.712 16.289 16.110 15.932 
3477 20.702 19.345 18.570 18.086 17.944 
3491 20.700 19.578 19.277 18.944 18.831 
3495 16.869 15.858 15.135 14.976 14.587 
35 19.787 18.832 17.476 17.469 17.199 
3509 20.622 19.985 19.602 19.359 19.324 
351 20.194 20.008 19.461 19.358 19.117 
3510 19.764 19.055 18.797 18.642 18.571 
3511 19.142 18.487 17.813 17.848 17.486 
3519 20.704 19.365 19.128 18.889 18.653 
354 18.713 16.938 16.691 16.701 16.665 
3545 20.076 18.948 18.394 18.142 17.869 
3554 -99 -99 17.363 17.160 16.929 
3564 18.079 17.259 16.843 16.592 16.443 
3568 -99 -99 18.676 18.463 18.257 
3579 19.764 18.558 18.056 17.861 17.665 
358 18.183 17.422 16.992 16.753 16.480 
3587 18.488 17.399 17.186 16.776 16.649 
359 16.636 18.734 17.567 16.886 17.710 
3595 18.488 17.615 17.152 16.944 16.759 
3598 20.547 19.839 19.558 19.306 19.240 
3603 17.489 16.799 16.425 16.307 16.124 
3607 18.786 17.923 17.570 17.322 17.122 
3619 19.338 18.510 18.096 18.018 17.926 
3620 15.816 15.172 14.793 14.597 14.389 
3635 20.171 19.095 18.753 18.330 18.304 
3641 16.527 15.621 14.993 14.881 14.631 
3679 19.082 18.143 17.764 17.462 17.281 
369 17.829 17.099 16.750 16.487 16.264 
3693 21.168 20.058 19.733 19.406 19.359 
3694 23.119 21.384 20.761 20.414 22.283 
3699 17.950 16.991 16.446 16.214 15.864 
37 20.803 20.898 20.535 20.121 20.050 
3703 21.714 21.220 20.904 20.506 20.376 
3705 19.413 18.530 18.068 17.781 17.581 
3706 -99 -99 18.743 18.451 18.294 
371 21.514 20.573 21.099 20.834 21.363 
372 17.766 17.115 16.748 16.602 16.426 
3724 20.032 18.985 18.531 18.190 18.066 
3735 19.464 18.692 18.311 18.080 17.948 
3736 19.255 18.396 17.925 17.669 17.479 
3739 17.585 16.803 16.391 16.143 15.947 
3741 21.180 19.953 19.500 19.180 18.836 
3744 18.368 17.354 16.833 16.632 16.480 
3746 19.406 19.736 19.197 18.738 18.731 
3749 20.554 19.449 19.014 18.416 18.394 
3752 18.653 18.371 17.663 18.462 17.976 
3755 18.962 18.030 17.581 17.265 17.173 
3759 18.061 17.197 16.679 16.424 16.207 
3765 14.508 14.652 13.503 13.316 13.089 
3772 19.092 18.282 17.902 17.628 17.463 
3776 18.520 17.737 17.339 17.140 16.979 
3780 18.494 17.781 17.229 17.018 16.773 
3782 18.055 17.257 16.839 16.571 16.357 
3785 19.777 19.107 18.033 16.903 18.779 
3788 31.815 30.309 nan -99 -99 
3797 17.867 16.647 16.294 16.001 15.686 
380 20.173 19.068 18.466 18.032 17.910 
3801 20.859 20.930 20.702 20.081 20.403 
3802 19.386 18.762 18.560 18.258 18.175 
3806 19.873 18.035 18.265 17.969 17.922 
381 19.503 18.680 18.287 18.057 17.900 
3816 17.993 17.295 16.928 16.678 16.476 
382 21.593 20.159 21.119 20.286 20.910 
3826 13.984 14.131 13.447 13.149 12.877 
3834 19.550 18.785 18.368 18.140 17.978 
3838 18.045 17.187 17.439 17.007 17.736 
3848 20.043 19.091 18.758 18.474 18.370 
3857 17.565 16.934 16.452 16.493 16.148 
386 16.385 15.861 15.381 15.294 15.074 
3867 20.337 18.926 18.338 18.133 17.990 
3872 19.290 18.123 17.947 17.501 16.769 
3876 -99 -99 18.329 17.896 17.745 
3882 19.647 18.596 18.084 17.844 17.651 
3899 18.575 17.795 17.508 17.324 17.198 
39 19.344 18.325 17.848 17.563 17.352 
390 16.781 15.971 15.535 15.324 15.172 
3900 19.411 18.334 17.860 17.574 17.387 
3909 19.436 18.646 18.271 18.019 17.855 
393 19.480 18.649 18.358 18.416 17.940 
394 16.191 15.435 15.008 14.759 14.428 
396 20.386 19.071 18.620 18.345 18.047 
3961 18.645 17.827 17.394 17.163 16.989 
3970 18.675 17.802 17.376 17.119 16.927 
3973 17.858 17.245 16.898 16.714 16.562 
3976 17.537 16.688 16.172 15.959 15.822 
398 21.326 20.210 19.384 19.386 19.176 
3980 20.245 18.971 18.304 18.191 17.947 
3981 20.229 19.001 18.418 18.167 18.072 
3986 23.246 21.531 22.884 20.837 22.831 
4 19.928 19.044 18.516 18.322 18.052 
4000 20.530 19.903 19.315 18.832 18.511 
4002 19.194 18.407 17.954 17.747 17.587 
401 17.876 17.035 16.636 16.376 16.167 
4015 17.454 17.208 17.096 15.972 15.888 
4021 17.216 16.821 16.511 16.294 16.209 
4023 19.796 19.103 18.704 18.482 18.346 
4038 20.434 18.995 18.882 18.220 17.895 
4046 19.355 18.774 18.318 18.113 17.843 
406 21.087 19.613 19.185 18.916 18.656 
4066 21.460 19.347 18.581 17.054 16.607 
4072 20.901 18.194 17.867 18.935 18.726 
4073 19.324 19.734 17.444 19.400 18.460 
4074 19.868 19.029 18.383 18.350 18.198 
4075 -99 -99 18.870 18.952 18.881 
4080 21.035 20.144 19.649 19.563 19.359 
4082 16.740 15.840 16.089 15.384 15.595 
4085 20.948 19.656 19.073 18.801 18.694 
409 21.278 19.288 19.152 18.806 18.861 
4092 17.977 16.980 16.265 16.166 16.236 
4098 19.532 18.594 18.116 17.826 17.696 
4102 18.157 18.071 17.707 17.392 17.418 
4104 14.012 13.188 12.713 12.466 12.159 
4110 17.685 16.547 16.655 15.857 15.986 
4113 19.084 18.177 17.670 17.399 17.206 
4122 20.499 18.881 18.324 18.120 17.789 
4128 18.715 17.858 17.425 17.309 17.035 
4132 20.719 19.079 18.568 18.278 18.031 
4134 19.693 18.904 18.483 18.279 18.067 
4141 19.923 18.803 18.421 18.084 17.955 
415 18.736 17.834 17.382 17.072 17.017 
4151 21.383 19.909 19.347 19.146 18.689 
4152 20.380 19.481 18.945 18.744 18.360 
4153 19.019 18.098 17.698 17.446 17.269 
4154 18.349 17.487 17.086 16.855 16.605 
4158 16.463 15.812 15.552 15.358 15.118 
416 19.487 18.506 17.981 17.761 17.350 
4161 18.949 18.316 17.940 17.816 17.549 
4166 20.033 18.759 18.294 17.923 17.638 
417 19.300 18.362 17.947 17.676 17.570 
4172 17.605 16.675 16.075 15.851 15.677 
4175 18.504 17.467 16.991 16.703 16.552 
4188 19.774 18.827 18.299 18.243 17.879 
4189 19.166 18.482 18.114 17.940 17.748 
4193 18.570 17.814 17.362 17.127 16.911 
4195 19.524 18.772 18.337 18.117 17.942 
42 19.894 18.789 18.150 17.849 17.735 
421 19.166 18.337 17.918 17.697 17.552 
4215 17.828 16.930 16.493 16.256 16.011 
4219 19.423 18.668 17.604 18.711 18.152 
423 19.035 17.232 17.122 17.434 17.244 
4231 19.189 18.222 17.758 17.655 17.161 
4234 18.383 17.756 17.463 17.278 17.144 
425 20.004 19.277 18.616 18.401 18.257 
4262 16.958 16.185 15.674 15.461 15.270 
4278 19.619 18.641 18.110 17.919 17.754 
428 19.125 18.561 17.832 17.444 17.425 
4282 17.236 16.471 16.061 15.780 15.605 
4283 19.894 18.664 18.181 17.929 17.834 
4286 16.697 16.053 15.436 15.430 15.242 
4289 16.524 15.865 15.487 15.323 15.086 
429 20.514 20.022 19.285 19.271 19.285 
4307 18.445 17.787 17.323 17.176 16.602 
4310 19.745 19.244 19.179 18.733 18.945 
4312 20.730 19.076 18.585 18.291 18.067 
4315 17.650 17.058 16.541 16.512 16.285 
4317 20.975 19.422 19.322 18.999 18.382 
432 17.592 17.250 16.836 16.571 16.352 
4326 18.635 17.598 17.064 16.977 16.676 
433 18.805 18.031 17.624 17.465 17.345 
4330 18.479 17.746 17.351 17.156 16.882 
4337 17.124 16.615 16.292 16.125 15.998 
4348 20.024 19.363 19.171 18.805 18.721 
435 19.355 18.507 18.162 17.765 17.816 
4358 18.471 17.687 17.237 17.034 16.836 
4359 17.566 16.670 16.043 15.485 15.696 
4361 21.988 21.014 20.807 17.807 20.367 
4371 20.624 19.489 19.001 18.641 18.626 
4389 18.319 17.747 17.378 17.258 17.084 
4395 21.317 20.163 19.723 19.465 18.949 
4399 18.434 17.186 16.904 16.663 16.474 
440 20.418 19.895 19.507 19.111 19.200 
4404 18.281 17.306 16.828 16.545 16.340 
4411 20.648 18.877 19.064 19.027 18.327 
4418 -99 -99 19.964 19.343 19.613 
4430 19.904 17.785 17.876 18.757 18.629 
4432 19.318 18.228 17.832 17.557 17.251 
4435 20.693 19.711 19.127 18.873 18.691 
4437 20.062 18.535 18.100 17.840 17.521 
4439 17.862 17.069 16.744 16.517 16.363 
445 18.241 17.452 17.178 19.201 21.663 
4452 19.387 17.934 17.507 17.375 16.923 
4469 18.751 17.806 17.260 17.122 16.883 
447 17.747 17.013 16.633 16.388 16.323 
4476 19.350 18.376 18.121 17.956 17.687 
448 19.874 18.880 18.379 18.097 17.915 
4482 19.660 18.946 18.592 18.356 18.046 
4485 17.212 16.385 15.954 15.683 15.480 
4487 18.780 19.006 18.613 18.359 18.758 
449 17.754 17.131 16.744 16.520 16.308 
450 17.637 16.988 16.609 16.357 16.216 
4506 16.592 15.894 15.434 15.293 15.075 
4523 13.450 12.730 12.412 12.214 11.887 
4539 17.468 16.867 16.362 16.336 15.979 
4560 18.300 17.233 16.318 15.264 15.842 
4567 21.424 20.850 20.508 19.721 18.010 
457 18.544 17.809 17.551 17.286 17.146 
4575 17.686 16.684 16.068 15.702 15.523 
4590 18.190 17.276 16.975 16.776 16.583 
4600 17.328 16.627 16.170 16.015 15.714 
4603 20.895 19.831 17.671 17.440 18.644 
4605 20.856 19.576 19.156 18.920 18.648 
4609 21.029 20.079 19.595 19.216 19.066 
461 18.201 17.382 16.787 16.485 16.223 
4610 18.441 17.643 17.226 16.898 16.855 
462 20.547 19.408 19.046 18.682 18.492 
4632 19.682 19.189 18.822 18.727 18.564 
4639 20.100 18.788 18.556 18.377 17.658 
4649 20.820 19.705 19.400 19.190 18.538 
4654 18.867 17.712 17.385 17.172 -99 
467 17.400 16.781 16.419 16.113 15.993 
4673 20.470 19.416 18.744 19.247 18.718 
4675 20.463 19.028 18.204 17.739 17.563 
468 18.269 17.708 17.043 17.294 17.122 
4684 17.966 17.344 16.910 16.764 16.662 
469 20.102 18.811 18.289 17.830 17.859 
4692 16.802 16.178 15.346 15.656 15.433 
4702 18.230 17.453 17.065 16.857 16.686 
4714 20.592 19.213 17.761 18.414 18.086 
4719 19.535 18.367 17.835 17.566 17.410 
473 19.210 18.621 18.125 17.741 17.776 
4733 20.539 19.672 19.226 18.892 18.748 
4739 18.589 17.679 17.304 17.050 16.936 
4742 19.585 18.404 17.916 17.588 17.463 
4744 20.653 19.748 19.310 19.040 18.874 
4746 19.785 18.812 18.051 17.975 17.584 
4747 19.154 18.080 17.629 17.419 17.305 
4749 17.695 17.060 16.369 16.423 16.310 
475 19.742 18.636 18.261 17.889 17.878 
4752 19.807 18.683 18.140 17.882 17.608 
4754 19.031 18.548 18.214 18.077 17.897 
4756 17.732 17.001 16.547 16.300 16.228 
4762 18.280 17.582 17.250 17.106 16.919 
4766 19.390 18.385 17.948 17.740 17.515 
4767 20.109 19.003 18.631 18.423 18.193 
4772 17.216 16.386 15.940 15.735 15.552 
4776 18.248 17.338 16.906 16.610 16.389 
4778 17.852 17.169 16.760 16.589 16.360 
478 19.552 18.280 17.745 17.510 17.358 
4789 16.404 15.893 15.542 15.380 15.139 
479 20.372 19.612 19.017 18.783 18.741 
4808 20.250 18.850 18.458 18.010 17.097 
4812 19.006 18.600 18.192 18.050 17.485 
482 19.416 18.767 18.441 18.213 18.064 
4820 17.495 16.742 16.308 16.079 15.867 
4832 18.464 17.705 17.239 17.027 16.847 
4833 15.713 14.916 14.551 14.180 14.006 
4834 20.043 19.054 18.597 18.255 18.119 
4835 17.875 17.072 16.643 16.463 16.193 
4838 20.198 19.017 18.484 18.246 18.054 
4841 17.802 16.907 16.417 16.115 16.033 
485 20.441 19.473 18.980 18.636 18.498 
4853 20.118 18.928 18.386 18.054 17.894 
4857 18.548 17.723 17.243 17.036 16.908 
4858 18.737 18.080 17.654 17.446 17.280 
4868 14.736 13.966 13.834 13.739 13.361 
487 18.636 16.027 17.428 17.164 17.054 
4875 17.038 16.512 16.172 16.015 15.819 
488 20.495 20.067 19.435 19.143 18.987 
489 19.860 18.873 18.390 18.109 18.006 
4897 18.113 17.443 17.009 16.790 16.628 
49 18.846 18.287 17.988 17.567 17.560 
4917 17.781 17.145 16.740 16.523 16.343 
492 19.169 18.339 18.068 17.874 17.699 
4927 18.277 17.518 17.093 16.893 16.710 
4929 20.100 19.326 18.863 18.657 18.508 
4945 20.078 18.938 18.488 18.281 18.047 
495 19.696 19.166 18.721 18.481 18.255 
4955 18.915 18.304 17.879 17.781 17.681 
4961 20.607 19.517 19.075 18.809 18.576 
4968 17.653 16.999 16.900 16.750 16.493 
497 17.695 17.926 17.631 17.497 17.376 
4985 18.416 17.697 17.359 17.175 17.056 
4987 20.527 19.532 18.784 18.530 18.174 
499 18.916 18.343 18.007 17.766 17.648 
4997 19.687 18.921 18.516 18.347 18.231 
5 20.534 19.772 19.062 19.103 18.849 
50 18.160 17.253 16.678 16.483 16.242 
500 19.911 20.299 19.616 19.308 19.104 
5027 17.052 16.260 15.901 15.689 15.484 
503 19.234 18.491 18.270 18.012 17.854 
5035 20.147 18.044 18.136 17.985 17.765 
505 15.612 15.457 15.222 15.181 15.181 
5054 20.023 19.049 18.547 18.339 18.151 
506 23.563 27.887 22.377 23.152 21.144 
5066 19.576 18.559 18.018 17.705 17.617 
507 17.668 17.472 17.011 16.723 16.655 
5075 20.555 19.790 19.480 19.134 19.146 
508 19.428 18.861 18.665 18.262 18.106 
509 19.895 18.733 18.239 17.990 17.749 
5101 18.200 17.215 16.708 16.458 16.328 
5103 18.472 17.785 17.203 17.165 16.963 
511 16.930 16.186 15.726 15.495 15.352 
512 16.900 16.566 16.268 16.080 15.978 
5127 17.929 17.248 16.947 16.755 16.620 
5131 19.505 18.639 18.271 18.116 17.950 
5148 18.729 17.757 17.338 17.106 16.985 
515 19.239 18.468 18.050 17.716 17.560 
5162 20.416 19.526 19.155 18.939 18.719 
5165 19.723 18.767 17.743 17.922 17.871 
517 15.125 14.346 14.249 13.717 13.344 
5186 14.659 13.837 13.804 13.655 13.351 
519 20.922 20.034 19.581 19.285 19.185 
5196 18.960 18.206 17.845 17.595 17.258 
5201 20.171 19.447 18.953 18.664 18.461 
5211 19.245 18.663 18.206 18.002 17.888 
5214 19.205 18.123 17.443 17.411 17.077 
5217 16.256 15.748 15.444 15.273 15.163 
522 20.444 19.493 18.953 18.781 18.607 
5220 21.268 20.822 20.132 19.851 19.543 
5221 18.235 17.308 16.886 16.581 16.395 
523 20.143 18.824 18.377 18.132 18.018 
5238 19.934 19.159 18.698 18.492 18.110 
5240 20.455 19.467 18.992 18.723 18.551 
5242 16.035 15.327 14.981 14.795 14.726 
5243 19.157 18.366 17.968 17.687 17.522 
5249 20.236 19.119 18.703 18.440 18.300 
5252 18.620 17.807 17.345 17.138 17.025 
5254 20.905 20.002 19.577 19.246 19.307 
5257 21.254 20.824 21.000 20.066 19.957 
5271 18.242 17.238 16.716 16.399 16.187 
5275 18.030 16.821 16.413 16.291 16.118 
5280 20.622 19.156 18.625 18.357 18.186 
5298 19.586 18.477 17.950 17.681 17.482 
5306 17.483 16.728 16.149 15.993 15.881 
5309 18.111 16.807 16.795 16.494 16.453 
5320 16.578 16.255 15.773 15.199 15.221 
5323 17.081 16.961 16.467 16.290 15.971 
5328 -99 -99 -99 -99 -99 
5343 20.874 19.415 19.386 18.583 18.926 
5345 16.445 15.452 15.146 14.653 14.606 
5352 17.932 17.254 16.815 16.617 16.646 
5355 20.617 19.374 18.800 18.497 18.253 
5365 18.396 17.572 17.147 16.851 16.784 
5374 19.714 18.560 18.040 17.662 17.490 
5375 20.763 19.727 19.460 18.305 18.960 
5377 20.185 19.710 19.108 18.767 18.518 
5378 17.857 17.188 16.830 16.640 16.527 
5393 17.863 17.069 16.648 16.415 16.267 
5397 17.543 16.495 16.049 15.805 15.782 
5406 20.424 18.949 18.484 18.226 17.987 
5416 20.921 20.018 19.593 19.267 19.321 
5426 18.429 17.886 17.501 17.336 17.157 
5428 20.465 19.483 18.818 18.642 18.575 
5429 16.573 15.513 15.466 14.902 14.664 
5430 18.711 17.995 -99 -99 -99 
5431 20.683 19.468 18.895 18.605 18.443 
5434 20.181 19.133 19.201 18.838 18.671 
5436 19.283 18.604 18.146 17.618 17.621 
5438 18.243 17.584 17.245 17.004 16.857 
5450 18.501 18.183 17.202 17.469 16.655 
5451 20.362 18.836 18.391 17.966 17.883 
5452 17.959 17.233 16.932 16.716 16.775 
5470 17.702 17.069 16.647 16.315 15.875 
5478 -99 -99 16.646 16.416 16.297 
5479 20.623 19.369 18.793 18.577 18.350 
5486 18.673 17.641 17.233 16.987 17.069 
5497 18.448 17.836 17.489 17.349 17.193 
55 19.579 18.568 18.050 17.776 17.594 
5500 23.174 21.992 20.448 21.333 20.413 
5511 18.546 17.522 16.948 16.661 16.510 
5518 20.429 19.526 19.238 18.861 18.956 
5538 20.919 20.729 20.187 19.887 19.793 
5539 16.664 16.097 15.659 15.528 15.176 
5541 18.592 18.933 19.178 18.727 19.354 
5542 17.792 17.198 16.840 16.667 16.429 
5548 20.481 19.253 18.630 18.479 18.294 
5550 21.106 19.875 19.477 19.123 18.999 
5557 20.541 19.646 19.213 18.926 18.746 
5558 18.279 17.394 16.904 16.664 16.523 
5571 18.991 18.350 17.889 17.656 17.434 
5575 19.718 18.810 18.330 18.111 17.884 
5579 20.007 19.043 18.400 18.208 17.875 
5587 17.715 17.080 16.743 16.555 16.393 
5589 16.317 15.571 15.036 14.709 14.439 
5590 17.652 16.911 16.766 16.596 16.705 
5598 17.969 17.151 16.778 16.524 16.379 
5603 18.629 17.857 17.619 17.378 17.298 
5605 17.156 16.804 16.577 16.549 16.239 
5606 19.193 18.580 18.120 17.907 17.739 
5631 18.978 18.389 17.869 17.731 17.490 
5640 19.932 18.865 18.337 18.079 17.864 
5665 18.031 17.496 17.199 17.021 16.899 
5668 19.313 19.000 18.876 18.565 18.304 
5677 20.192 19.277 18.831 18.663 18.344 
5697 21.019 19.900 19.387 19.120 18.530 
5716 18.003 17.726 inf 17.155 17.004 
5719 19.803 18.771 18.316 18.036 17.918 
5723 19.137 18.850 18.463 18.291 18.130 
5732 18.224 17.402 17.015 16.847 16.780 
5738 18.235 17.467 17.076 16.855 16.757 
5742 17.851 16.998 16.495 16.216 15.844 
5744 17.328 16.460 15.973 15.726 15.424 
5747 18.949 17.860 17.310 17.005 16.782 
5754 18.547 17.489 17.018 16.763 16.538 
5762 21.058 19.514 19.173 18.868 18.758 
5767 18.677 18.085 16.431 17.503 17.329 
5785 18.605 17.672 16.346 16.912 16.643 
5786 19.650 18.599 18.209 18.016 17.671 
5790 15.167 14.493 14.307 14.046 13.893 
5791 15.825 15.244 15.100 14.932 14.786 
5798 20.037 19.118 18.600 18.390 18.057 
5801 20.876 19.681 19.176 18.933 18.800 
5802 19.239 18.095 17.508 17.301 17.047 
5807 18.797 17.584 17.070 16.888 16.733 
5815 16.545 15.778 15.391 15.077 14.960 
5822 18.846 18.294 17.887 17.732 17.595 
5835 21.001 19.812 19.284 19.040 18.813 
5837 19.129 18.255 17.848 17.579 17.476 
5838 19.310 18.066 17.995 17.799 17.655 
5844 18.989 18.461 17.793 17.979 17.572 
5847 18.169 17.428 -99 17.176 -99 
5853 20.936 19.886 19.013 19.729 19.381 
5855 20.171 19.036 18.756 18.402 18.228 
5863 19.469 18.511 18.047 17.795 17.603 
5869 19.877 18.837 18.014 17.761 17.499 
5871 15.400 15.005 14.759 14.686 14.632 
5888 18.355 17.410 12.304 17.012 16.540 
5894 21.023 19.505 19.102 18.696 18.444 
5899 -99 -99 18.196 18.013 17.601 
59 18.774 18.056 17.680 17.346 17.199 
5908 20.506 19.676 19.100 18.778 18.709 
5918 17.946 17.192 16.735 16.540 16.378 
5922 19.467 18.983 18.643 18.510 18.255 
5929 20.020 19.515 19.050 18.846 18.656 
5934 18.447 17.396 16.621 16.504 16.128 
5957 19.584 18.966 18.404 18.571 18.315 
5958 17.385 16.474 16.072 15.887 15.678 
5964 18.388 17.500 17.177 16.947 16.793 
5968 17.312 16.721 16.279 16.091 15.734 
5973 19.997 19.276 18.921 18.663 18.372 
5977 22.593 20.440 20.412 20.247 20.469 
5986 16.651 18.082 17.562 17.340 16.293 
6002 21.509 20.844 20.440 19.995 20.496 
6009 20.144 19.228 18.568 18.294 18.084 
6016 17.880 17.106 16.602 16.394 16.183 
6020 20.022 19.249 18.799 18.531 18.382 
6027 16.663 15.931 -99 -99 -99 
6037 20.267 19.268 18.220 18.646 18.253 
6038 20.729 19.564 19.258 19.002 19.048 
6056 16.739 15.793 15.571 15.201 15.149 
6061 20.305 18.996 18.046 18.494 18.302 
6062 18.028 17.644 17.232 17.083 16.692 
6077 18.273 17.555 17.234 17.069 16.907 
6084 19.103 18.061 17.483 17.594 17.479 
61 17.860 17.179 16.816 16.559 16.406 
6100 21.053 19.816 19.343 19.101 18.883 
6109 17.925 17.077 16.458 16.280 16.013 
6115 18.901 17.355 16.630 16.767 16.619 
6116 17.691 17.099 16.762 15.865 16.415 
6122 19.918 19.156 18.550 18.214 17.951 
6125 21.169 19.980 20.481 20.176 19.150 
6132 17.348 17.073 17.064 17.600 17.716 
6171 19.657 18.671 18.356 18.018 17.800 
6175 -99 -99 19.372 19.147 19.111 
6192 18.712 17.828 16.737 17.515 17.281 
6193 19.959 19.095 18.742 18.477 18.415 
62 16.935 16.309 15.967 15.729 15.544 
6201 20.829 19.502 19.007 18.805 18.616 
6203 20.642 19.441 18.844 18.369 18.596 
6205 19.463 18.902 18.549 18.380 18.199 
6210 20.406 18.780 18.208 17.902 17.737 
6212 17.588 16.930 16.584 16.430 16.234 
6216 19.979 18.983 18.601 18.436 18.347 
6233 16.595 15.813 15.733 15.847 15.072 
6247 20.449 19.328 18.801 18.549 18.254 
6253 20.745 19.847 19.418 19.211 19.046 
6260 18.852 18.375 17.821 17.948 17.842 
6279 17.973 17.227 16.805 16.568 16.386 
6292 19.223 18.391 18.052 17.785 17.504 
6305 17.639 16.839 16.870 16.430 16.333 
6306 -99 -99 18.006 17.759 17.648 
6308 18.065 17.585 16.130 17.084 17.135 
6313 20.081 18.939 18.418 18.165 17.939 
6321 18.517 17.744 17.732 17.414 17.213 
6342 20.794 19.601 19.174 18.805 18.718 
6347 18.132 17.121 16.763 16.947 16.921 
6355 20.213 19.072 18.633 18.263 17.979 
6366 20.274 18.914 18.296 18.019 17.829 
6373 20.224 19.130 18.779 18.607 18.465 
6376 16.479 15.643 15.222 15.122 14.925 
6387 19.464 18.720 18.391 18.154 18.000 
6394 19.535 18.551 18.123 17.871 17.708 
6396 20.745 19.372 18.804 18.746 18.739 
6398 20.260 18.862 18.151 18.159 18.119 
6401 20.060 18.804 18.289 18.019 17.796 
6402 20.158 19.178 18.742 18.535 18.342 
6403 20.571 19.239 19.210 19.038 18.857 
6413 21.017 19.856 19.470 18.981 18.719 
6414 19.536 18.662 18.193 18.033 17.809 
6416 37.750 18.616 18.335 17.722 17.655 
6422 19.364 18.426 17.980 17.738 17.571 
6423 17.392 16.713 16.178 16.165 15.881 
6426 19.031 18.227 17.836 17.646 17.492 
6428 19.945 19.043 18.712 18.420 18.152 
6429 18.020 17.285 16.838 16.553 16.383 
6440 20.231 19.182 18.782 18.614 18.422 
6446 18.953 18.093 17.711 17.460 17.304 
6455 19.045 17.166 17.147 17.894 17.762 
6463 18.366 17.497 17.130 16.882 16.693 
6466 16.472 15.672 15.267 14.991 14.861 
6469 19.084 18.180 17.461 17.482 17.305 
6473 18.154 17.371 16.975 16.766 16.594 
6474 17.077 16.423 16.034 15.838 15.693 
6477 16.509 15.891 15.484 15.365 15.158 
6478 17.944 16.932 16.354 16.045 15.811 
6486 17.992 17.286 16.944 16.703 16.519 
65 16.992 16.335 15.966 15.755 15.557 
6509 18.854 17.656 17.163 16.880 16.815 
6517 20.368 19.369 18.945 18.641 18.365 
6525 18.810 17.912 17.500 17.057 16.878 
6530 18.451 17.644 17.251 16.980 16.827 
6538 17.353 16.805 16.509 16.340 16.122 
6542 18.398 16.546 16.294 17.714 17.686 
6582 18.923 17.996 17.470 17.272 17.104 
6588 18.767 17.614 17.161 16.946 16.750 
6593 19.770 18.978 18.527 18.106 18.178 
6606 18.151 17.225 16.778 16.490 16.367 
6618 20.530 19.344 18.969 18.703 18.539 
6619 19.343 18.270 17.765 17.581 17.503 
6622 -99 -99 19.609 19.353 19.216 
6625 15.898 15.144 14.944 14.735 14.451 
6630 18.345 17.460 16.942 16.685 16.488 
6632 17.268 16.619 16.263 16.091 15.938 
6636 21.292 20.071 19.520 19.272 19.154 
6637 18.370 16.514 16.348 16.310 15.796 
6640 22.120 19.776 19.215 19.062 18.815 
6642 16.631 15.793 15.356 15.134 14.881 
6643 21.676 21.156 20.639 19.833 20.437 
6648 17.722 17.063 16.727 16.489 16.260 
6658 19.822 18.777 18.251 17.972 17.749 
6669 18.891 18.108 17.797 17.585 17.437 
6681 19.564 18.840 18.464 18.267 18.222 
6688 -99 -99 18.870 18.582 18.156 
6691 18.554 17.727 17.175 16.967 16.764 
6694 18.573 17.798 17.459 17.312 17.126 
6698 18.196 17.377 16.945 16.688 16.530 
67 16.516 15.843 15.390 15.188 14.969 
6700 20.397 19.456 18.405 18.840 18.764 
6704 19.228 18.121 17.818 17.683 17.391 
6711 17.512 16.769 16.383 16.191 16.053 
6712 18.842 17.793 17.266 16.994 16.853 
6716 19.295 18.049 17.875 17.810 17.822 
6721 17.053 16.470 16.142 15.947 15.748 
6722 17.750 16.907 16.457 16.294 16.020 
6726 19.391 18.400 18.143 17.820 17.633 
6730 18.488 17.495 17.056 16.773 16.647 
6734 20.903 19.814 19.360 18.980 18.849 
6744 19.942 18.976 18.467 18.316 18.196 
6748 -99 -99 14.190 14.265 14.200 
6758 18.985 18.225 17.762 17.555 17.374 
6761 18.469 17.569 16.844 17.030 16.808 
6766 20.225 19.295 18.901 18.838 18.575 
6788 17.985 17.370 17.005 16.792 16.726 
6797 22.399 20.401 19.671 19.557 19.352 
68 19.767 19.087 18.611 18.370 18.186 
6802 16.637 15.911 15.502 15.292 15.043 
6803 16.593 15.895 15.550 15.366 15.197 
6805 22.029 20.469 19.902 19.497 19.489 
6810 17.350 16.874 16.395 16.371 16.218 
6814 -99 19.021 -99 -99 -99 
6828 18.172 17.269 17.006 17.392 17.028 
6831 18.448 18.242 17.176 17.097 17.416 
6833 29.499 21.441 20.109 19.748 20.588 
6841 14.774 13.927 13.379 12.936 12.790 
6848 19.993 18.734 17.901 17.755 17.582 
6852 19.238 18.832 18.077 17.663 17.596 
6856 14.504 14.109 15.218 14.126 14.099 
6857 18.393 17.743 17.429 17.209 17.133 
6858 20.485 19.241 18.717 18.460 18.229 
6867 15.705 14.969 14.710 14.339 13.935 
6877 19.649 19.122 18.806 18.484 18.450 
6879 16.878 16.468 16.086 16.035 15.853 
6885 20.297 19.067 18.624 18.429 18.203 
6891 20.149 18.712 18.107 17.839 17.645 
69 18.908 18.300 17.956 17.702 17.576 
6903 18.306 17.562 17.094 16.892 16.730 
6932 18.767 18.057 17.936 17.757 18.017 
6957 22.332 20.170 18.807 19.437 19.383 
6960 22.167 20.967 20.492 19.983 19.869 
6974 19.905 18.791 18.310 18.029 17.619 
6999 18.683 17.942 17.544 17.325 17.192 
70 19.251 18.076 17.742 17.446 17.328 
7004 19.660 18.909 18.513 18.280 18.200 
7007 -99 -99 -99 -99 -99 
7023 19.963 18.179 17.728 19.369 21.175 
7036 19.936 18.063 17.591 17.526 17.129 
7039 21.529 20.137 19.783 19.373 19.224 
7043 18.243 17.498 17.098 16.896 16.656 
7047 20.630 19.426 18.966 18.722 18.425 
7054 19.855 19.067 18.675 18.503 18.223 
7065 18.323 17.172 17.276 17.069 16.790 
7076 19.547 18.359 17.830 17.628 17.386 
7079 20.132 19.287 18.351 18.385 17.986 
7081 18.446 17.765 17.409 17.232 17.031 
7088 20.277 19.068 18.674 18.312 18.202 
7094 20.939 19.549 19.366 18.700 18.709 
7096 18.468 17.451 17.082 16.762 16.722 
7111 18.374 18.359 17.887 17.544 16.797 
7116 20.295 19.247 18.763 18.488 18.294 
7122 21.688 20.296 19.700 19.412 19.253 
7149 18.669 17.663 17.158 16.874 16.650 
7150 22.674 21.784 21.337 21.154 20.756 
7158 17.257 16.707 15.926 15.937 15.722 
7160 17.899 17.190 16.769 16.634 16.371 
7167 19.536 18.666 18.274 18.053 17.888 
7169 18.062 17.427 17.075 16.946 16.720 
7172 -99 nan 18.563 18.238 18.204 
7187 17.058 16.355 15.952 15.749 15.514 
7191 16.892 -99 15.483 15.188 15.038 
72 19.058 18.028 17.522 17.270 17.170 
7202 16.877 16.062 15.721 15.521 15.341 
7203 21.403 20.322 19.846 19.573 19.529 
7211 17.044 16.689 16.474 16.200 16.161 
7213 18.234 17.623 17.157 16.933 16.816 
7218 29.851 20.628 19.622 20.140 19.108 
7230 19.944 19.153 18.707 18.351 18.416 
7242 17.636 16.842 16.395 16.145 15.960 
7247 18.754 17.849 17.451 17.156 16.841 
7248 17.459 16.790 16.340 16.205 16.012 
7259 19.104 18.257 17.828 17.606 17.414 
7263 20.627 19.755 19.385 19.071 18.797 
7269 20.759 19.518 19.237 18.565 18.756 
7276 20.259 19.228 18.694 18.561 18.227 
7279 20.450 19.647 19.356 19.092 19.110 
7281 16.791 16.155 15.766 15.607 15.081 
7294 19.363 18.535 18.203 17.927 17.832 
7299 17.754 16.710 16.007 16.040 15.727 
73 19.054 17.756 17.585 17.205 17.099 
7301 20.526 19.126 18.534 18.246 17.839 
7302 17.492 16.912 16.892 17.115 15.998 
7303 18.631 17.908 17.468 17.192 17.113 
7309 19.767 18.907 18.494 18.319 18.141 
7314 20.240 19.330 18.961 18.726 18.492 
7318 16.679 16.033 -99 -99 -99 
7323 19.872 19.014 18.492 18.226 18.064 
7326 20.843 19.456 18.881 18.671 18.573 
7327 17.418 16.738 16.339 16.123 15.938 
7332 17.716 17.339 17.029 16.947 16.753 
7335 17.896 17.362 16.890 16.745 16.616 
7340 20.564 19.748 18.139 18.557 18.312 
7341 20.835 19.802 19.392 19.063 19.082 
7345 21.243 19.996 19.471 19.157 19.000 
7356 20.979 20.478 20.357 19.984 20.303 
7362 17.872 16.954 16.343 16.067 15.876 
7384 21.195 20.114 19.641 19.377 19.402 
7386 15.205 14.819 14.534 14.027 13.762 
7406 20.549 19.433 18.988 18.669 18.442 
7410 18.604 17.775 17.406 17.135 16.962 
7422 20.774 19.512 18.965 18.703 18.706 
7423 16.473 15.927 15.484 15.320 15.290 
7441 17.568 16.967 16.600 16.437 16.235 
7451 17.728 17.024 16.671 16.853 16.935 
7473 20.970 19.617 19.191 18.909 18.783 
7475 17.958 17.321 16.854 16.709 16.570 
7478 17.732 16.944 16.420 16.146 16.114 
7481 18.532 17.356 16.757 16.270 16.608 
7488 20.259 20.454 20.336 19.829 19.671 
7497 20.421 18.975 18.317 18.037 18.073 
7498 20.093 18.580 18.107 17.875 17.691 
75 19.910 19.113 18.752 18.532 18.424 
7509 -99 -99 18.371 17.948 17.788 
7515 15.212 14.581 14.388 14.294 14.133 
7530 27.518 19.986 20.293 20.137 20.073 
7531 21.606 20.582 19.982 20.127 19.884 
7539 17.220 16.403 15.836 15.516 15.530 
7546 17.700 16.965 16.723 16.231 16.420 
7547 17.241 16.598 16.175 16.004 15.782 
7551 19.556 18.641 18.176 17.950 17.759 
7558 19.481 18.692 18.437 18.256 18.007 
7564 19.097 18.088 17.711 17.500 17.321 
7572 19.697 18.978 18.206 18.222 17.984 
7586 21.536 20.587 20.193 20.033 19.873 
7611 19.302 18.243 18.255 17.373 17.693 
7625 19.085 16.789 17.832 16.723 17.526 
7630 18.858 17.472 16.914 16.724 16.478 
7636 20.419 19.375 18.762 18.494 18.355 
7642 20.537 19.533 18.982 18.678 18.435 
7650 18.280 17.493 17.085 16.897 16.735 
7653 20.142 19.880 20.349 20.004 20.080 
7655 16.599 16.068 15.765 15.611 15.411 
7674 19.337 18.578 18.245 18.082 17.917 
7682 18.668 17.763 17.234 17.009 16.875 
7689 18.345 17.537 17.115 16.782 16.650 
7694 16.498 15.761 15.305 15.067 14.852 
7707 19.830 18.715 18.178 17.925 17.714 
7717 19.469 18.588 -99 -99 -99 
7723 17.634 16.923 16.505 16.296 16.159 
7757 20.578 19.762 20.037 19.970 18.934 
7761 18.276 17.536 17.111 16.899 16.728 
7762 19.491 18.824 18.500 18.293 18.142 
7766 17.893 17.295 16.807 16.666 16.438 
7783 19.898 18.860 18.375 18.140 18.044 
78 -99 -99 -99 -99 -99 
7802 18.461 17.797 17.469 17.310 17.099 
7808 16.448 16.002 15.711 15.559 15.407 
7813 17.735 17.293 16.995 16.889 16.728 
7836 18.376 17.665 17.299 17.087 16.928 
7850 19.355 18.501 18.253 17.868 17.715 
7851 19.565 18.474 18.070 17.921 17.750 
7855 18.827 17.630 17.062 16.579 16.347 
7858 17.934 17.110 16.456 16.279 16.029 
7861 18.208 17.741 17.423 17.279 17.113 
7863 19.503 18.437 18.005 17.716 17.536 
7864 17.567 16.807 16.450 16.203 16.034 
7865 18.215 17.061 16.693 16.504 16.546 
7866 17.937 16.698 15.976 15.945 15.688 
7867 18.034 17.242 16.656 16.468 16.259 
7872 18.005 17.286 16.900 16.755 16.597 
7880 20.513 19.577 19.054 18.756 18.509 
7882 18.260 17.398 17.023 16.776 16.618 
7886 18.533 17.817 17.443 17.269 17.114 
7887 20.339 19.081 18.507 18.285 18.082 
7890 17.316 16.435 16.157 15.827 15.760 
7892 19.062 18.148 17.705 17.536 17.394 
7897 19.411 18.326 18.153 17.732 17.662 
7901 17.726 17.122 -99 -99 -99 
7902 19.169 18.249 17.864 17.552 17.269 
7912 17.556 16.911 16.594 16.370 16.211 
7914 18.027 17.217 16.750 16.471 16.271 
7921 19.645 18.642 18.177 17.830 17.704 
7925 17.636 16.900 16.427 16.261 16.027 
7927 20.057 19.153 18.676 18.466 18.200 
7934 19.695 18.842 18.054 17.942 17.692 
7941 16.966 16.228 15.782 15.561 15.443 
7942 20.331 18.448 17.889 17.527 17.574 
7947 15.720 15.545 15.759 15.097 14.886 
7949 18.141 17.508 17.106 16.894 16.733 
7950 18.698 17.744 -99 18.768 22.467 
7955 16.391 16.098 16.013 15.066 15.339 
7960 19.868 18.566 18.314 17.810 17.624 
7962 18.218 17.283 16.845 16.766 16.609 
7966 20.707 19.243 18.837 18.594 18.478 
7984 20.567 19.079 18.559 18.280 18.079 
7988 17.948 17.125 16.652 16.404 16.198 
7993 20.561 19.574 19.181 18.921 18.785 
8 19.907 18.621 18.147 17.813 17.649 
8006 20.771 19.890 19.737 19.351 19.322 
8010 18.474 17.839 17.370 17.141 17.014 
8013 21.049 21.515 21.671 20.197 19.829 
8015 15.996 15.359 14.940 14.746 14.527 
8017 18.878 18.098 17.237 17.375 17.362 
8023 17.846 17.189 16.682 16.545 16.403 
8026 17.656 16.898 16.451 16.100 16.046 
8035 -99 -99 18.968 18.628 18.525 
8039 18.157 17.349 16.884 16.662 16.490 
8044 19.173 18.106 17.134 17.374 17.181 
8047 17.311 16.660 16.305 16.000 15.847 
8051 -99 -99 16.913 16.774 16.702 
8055 18.313 17.936 17.509 17.406 17.265 
8056 16.517 16.016 15.750 15.525 15.324 
8062 17.408 16.736 16.478 16.211 16.104 
8065 19.297 18.326 17.949 17.660 17.525 
8066 18.231 17.441 -99 -99 -99 
8075 18.911 18.596 17.705 18.300 18.151 
8076 -99 -99 17.115 16.852 16.780 
8078 20.835 19.650 19.105 18.838 18.102 
8087 18.108 17.462 16.740 16.960 16.852 
8095 18.961 18.123 17.606 17.324 17.154 
8096 18.975 18.227 17.878 17.670 17.569 
8097 20.540 19.214 19.194 18.926 18.613 
81 21.275 19.849 19.979 19.670 19.196 
8115 19.279 18.452 18.070 17.795 17.624 
8134 20.222 19.040 18.575 18.323 18.158 
8141 19.490 18.285 17.977 17.688 17.509 
8153 17.112 17.107 18.220 16.795 16.268 
8175 20.255 19.565 19.338 18.942 18.558 
8190 19.370 18.391 17.892 17.668 17.468 
8192 16.444 15.811 15.101 14.900 14.629 
8212 19.597 19.183 18.930 18.824 18.825 
8219 19.727 18.743 18.533 18.232 18.207 
8225 19.478 18.680 18.319 17.984 17.934 
8241 18.578 17.754 17.429 17.134 16.936 
8246 18.835 17.930 17.451 17.195 16.992 
8247 18.622 17.820 17.402 17.173 17.034 
8252 19.988 19.177 19.376 18.961 18.908 
8254 18.445 17.362 16.776 16.645 16.488 
8255 18.889 17.949 17.466 17.140 16.950 
8260 18.751 17.983 17.605 17.427 17.290 
8265 17.237 16.561 16.159 15.976 15.700 
8283 20.446 19.350 18.979 18.712 18.346 
8293 21.431 20.515 20.264 20.098 20.030 
83 18.593 18.304 18.168 18.063 17.892 
8306 18.735 18.215 17.616 17.556 17.349 
8311 19.628 18.754 18.284 17.957 17.868 
8316 17.603 17.029 16.697 16.543 16.456 
8321 18.560 18.147 17.770 17.752 17.620 
8325 18.732 18.061 17.774 17.567 17.514 
8330 19.955 19.030 18.668 18.334 18.190 
8331 19.236 18.262 17.946 17.635 17.545 
8333 20.889 20.015 19.664 19.420 19.306 
8338 19.432 18.406 17.923 17.600 17.444 
8339 17.443 16.685 16.348 16.237 16.065 
8343 18.470 17.377 16.824 16.540 16.327 
8347 18.707 18.132 17.697 17.505 17.376 
8353 19.417 17.606 16.205 17.707 17.561 
8358 18.671 18.038 17.722 17.524 17.377 
8365 18.953 17.900 17.339 17.079 16.879 
8370 17.751 17.138 16.894 16.726 16.576 
8379 19.033 18.193 17.755 17.515 17.345 
8398 18.469 17.573 17.123 16.832 16.656 
8405 19.766 18.658 18.260 18.052 17.816 
8414 18.001 17.341 16.907 16.600 16.425 
8415 19.746 18.857 18.728 18.579 18.304 
8422 19.764 19.096 18.457 18.123 17.849 
8429 -99 18.094 17.318 17.220 16.966 
8432 19.344 18.528 18.017 17.782 17.650 
8436 20.151 19.694 19.228 18.877 18.718 
8444 18.425 16.513 16.324 16.566 16.484 
8446 20.365 19.458 18.954 18.704 18.576 
8457 -99 -99 -99 -99 -99 
8465 19.713 17.453 17.561 17.904 16.810 
8468 16.947 16.188 15.832 15.441 15.379 
8473 18.468 17.676 16.669 17.717 17.656 
8479 16.682 16.011 15.642 15.479 15.321 
8482 20.809 19.461 19.014 18.768 18.547 
8484 18.400 17.365 16.879 16.797 16.620 
8486 18.493 17.706 17.361 17.181 17.115 
8496 18.809 18.183 17.787 17.636 17.694 
85 19.666 18.945 18.655 18.470 18.475 
8501 20.535 19.172 18.456 18.330 18.045 
8505 23.117 21.599 20.512 20.790 21.359 
8509 20.030 20.311 18.803 18.625 18.514 
8512 18.531 17.639 17.207 16.934 16.751 
8517 19.594 19.281 19.077 18.839 18.777 
8520 19.351 18.966 18.391 18.289 18.171 
8526 19.601 18.741 18.316 18.098 17.969 
8542 18.967 18.475 18.127 17.932 17.772 
8544 17.865 17.071 16.629 16.383 16.163 
8545 18.275 17.652 17.264 17.058 16.891 
8548 17.955 17.222 16.935 16.731 16.633 
8549 17.738 17.137 16.776 16.573 16.194 
8556 16.086 15.331 15.084 15.315 15.044 
8561 19.219 18.460 18.078 17.897 17.747 
8581 19.018 18.060 17.502 17.175 17.111 
8584 17.661 16.904 16.475 16.225 16.107 
8587 18.330 17.422 17.006 16.791 16.649 
8590 19.506 18.069 17.565 17.463 17.387 
8599 17.151 16.373 -99 15.082 -99 
86 18.245 17.485 17.095 16.865 16.703 
8600 15.946 15.118 14.709 14.413 14.117 
8605 17.707 16.900 16.510 16.396 16.146 
8613 -99 -99 17.081 16.868 16.620 
8621 19.337 18.542 17.989 17.732 17.482 
8627 17.665 17.036 16.673 16.436 16.311 
8635 17.209 18.027 17.973 17.628 18.019 
8638 17.669 16.826 16.526 16.488 16.481 
8640 18.398 17.788 17.452 17.255 17.156 
8656 -99 19.028 19.698 19.236 19.496 
8677 17.612 16.808 16.398 16.146 15.939 
8685 17.884 16.466 16.227 15.925 16.228 
8691 17.968 17.286 16.923 16.721 16.576 
8695 -99 -99 17.459 17.129 16.996 
8696 17.884 17.211 16.788 16.576 16.376 
8697 18.022 17.243 16.964 16.689 16.594 
8698 18.385 17.589 17.167 16.904 16.727 
87 20.405 19.383 19.109 18.527 18.387 
8701 19.101 17.803 17.324 17.123 16.963 
8708 19.831 18.876 18.431 18.207 17.937 
8712 17.606 17.044 16.698 16.567 16.553 
8716 19.235 18.606 18.281 18.132 18.028 
8735 17.899 17.143 16.755 16.493 16.326 
8751 17.040 16.339 15.521 15.344 14.477 
8764 19.552 18.405 17.878 17.599 17.442 
8774 20.311 19.615 19.206 18.960 18.863 
8778 20.725 19.946 19.606 19.350 19.269 
8786 18.411 17.576 17.123 16.868 16.691 
8787 20.021 19.350 19.000 18.742 18.665 
8792 20.734 19.379 18.838 18.601 18.258 
8799 21.698 20.723 20.226 20.293 19.919 
88 16.424 15.630 15.251 14.875 14.652 
8800 20.767 19.371 19.314 18.584 18.672 
8801 18.115 17.302 16.948 16.813 16.612 
8802 18.833 17.782 17.350 -99 16.928 
8809 18.456 17.336 16.818 16.597 16.432 
8813 20.182 19.143 18.400 18.384 17.246 
8814 18.445 17.484 16.907 16.528 16.399 
8815 19.191 18.248 17.849 17.627 17.536 
8824 21.559 20.095 19.695 19.404 19.697 
8829 21.468 19.917 17.818 19.040 19.285 
8834 16.694 16.232 15.909 15.592 15.055 
8839 20.357 17.395 17.702 18.242 18.104 
8843 20.604 19.335 18.945 18.637 18.605 
8845 17.487 16.660 16.143 15.901 15.545 
8852 18.078 17.494 17.193 16.996 16.806 
8853 18.018 17.411 17.078 16.870 16.682 
8856 19.901 18.929 18.531 18.276 18.104 
8863 18.093 17.079 16.764 16.548 16.433 
8889 16.745 16.003 15.601 15.383 15.292 
8890 18.300 17.435 16.814 16.627 16.424 
8891 17.162 16.480 16.087 15.844 15.672 
8894 20.147 18.900 18.299 18.114 17.885 
8895 27.014 17.765 17.664 17.528 17.608 
89 19.783 18.801 18.503 18.245 18.111 
8904 19.535 18.286 17.845 17.447 17.356 
8911 16.151 15.470 15.101 14.869 14.701 
8917 -99 -99 -99 -99 -99 
8919 19.263 18.200 17.778 17.410 17.218 
8921 19.102 17.216 17.291 17.202 17.708 
8943 17.383 16.681 16.365 16.110 15.817 
8953 -99 -99 -99 17.096 -99 
8958 19.911 19.163 18.837 18.605 18.504 
8960 20.874 19.209 18.509 19.256 19.521 
8963 22.578 19.978 19.949 19.838 19.831 
8965 20.178 19.066 18.631 18.261 18.143 
8966 21.442 20.076 19.491 19.132 19.114 
8967 18.817 17.997 17.649 17.315 17.391 
8969 15.436 14.856 14.254 14.205 13.729 
8995 20.178 18.904 18.799 18.539 18.067 
9 17.761 16.942 16.435 16.182 15.970 
90 20.765 19.744 19.342 18.953 18.928 
9007 20.246 19.375 19.017 18.769 18.639 
9009 -99 -99 -99 -99 -99 
9010 19.170 17.507 17.187 16.522 16.368 
9021 19.594 18.435 17.537 17.171 16.715 
9026 19.737 18.719 18.172 18.017 17.881 
9028 -99 -99 18.470 18.227 18.069 
9039 19.374 18.424 18.062 17.818 17.493 
9046 18.260 17.487 17.031 16.805 16.519 
9055 17.731 17.114 16.740 16.524 16.356 
9057 21.328 20.096 19.734 19.563 19.420 
9059 15.899 15.544 15.126 14.867 14.589 
9063 18.316 17.255 16.718 16.736 16.590 
9064 19.291 18.586 18.234 17.980 17.805 
9070 20.335 19.206 18.718 18.453 18.301 
9082 17.162 16.338 15.937 15.841 15.657 
9084 20.206 19.278 18.949 18.587 18.484 
9090 18.818 17.742 16.974 17.016 16.720 
9095 20.963 19.545 19.155 19.002 18.677 
9102 20.186 19.070 18.544 18.259 17.866 
9104 17.493 16.917 16.619 16.387 16.321 
9108 20.240 19.384 19.069 18.690 18.796 
9115 19.923 19.117 18.769 18.544 18.426 
9116 16.632 16.018 15.693 15.508 15.312 
9117 -99 -99 -99 12.349 -99 
9120 18.384 17.426 17.005 16.881 16.655 
9126 19.306 18.663 18.163 17.972 17.989 
9128 17.842 16.924 16.304 15.933 15.770 
9137 18.447 17.368 16.650 16.626 16.575 
9143 18.721 17.785 17.261 17.090 16.774 
9144 17.285 16.533 16.206 15.991 15.760 
9150 -99 19.652 -99 23.990 -99 
9152 -99 16.847 -99 16.135 -99 
9154 22.517 19.922 19.708 19.379 19.115 
9159 19.450 18.268 17.779 17.520 17.319 
9166 18.665 17.742 17.229 16.955 16.760 
9170 19.522 18.538 18.077 17.797 17.618 
9176 19.416 19.438 18.665 18.710 18.280 
9180 19.941 18.867 18.376 18.123 17.848 
9185 18.293 17.863 -99 -99 -99 
9190 19.570 19.062 18.702 18.640 18.639 
9194 20.054 18.951 18.421 18.114 17.546 
92 21.059 20.043 19.070 18.470 18.336 
9205 18.521 17.793 17.550 17.308 17.276 
9209 -99 -99 -99 -99 -99 
9210 22.873 21.318 21.058 20.768 20.396 
9212 20.835 17.789 16.796 18.317 17.166 
9214 20.558 18.929 18.447 18.164 17.933 
9221 18.072 17.417 16.995 16.800 16.625 
9224 18.102 17.296 16.829 16.561 16.408 
9227 18.094 17.128 16.663 16.400 16.345 
9235 19.542 18.214 17.763 17.528 17.511 
9242 20.926 19.643 19.243 18.982 18.806 
9258 14.244 13.723 13.285 12.750 12.517 
9267 20.347 19.424 19.063 19.689 18.428 
9293 18.771 17.878 17.424 17.197 16.984 
9313 21.089 19.951 20.041 19.307 18.919 
9314 20.579 19.489 19.168 18.907 18.746 
9315 17.788 17.188 16.872 16.678 16.530 
9320 20.548 -99 20.038 -99 19.411 
9326 20.762 19.698 19.229 19.009 19.004 
9328 18.190 17.514 17.103 16.877 16.725 
9337 18.127 17.397 16.812 16.798 16.625 
9339 17.888 18.785 17.954 18.181 18.250 
9345 17.955 17.752 17.328 17.139 17.021 
9352 18.669 17.943 17.606 17.456 17.418 
9359 18.766 -99 17.448 17.331 17.220 
9362 -99 -99 -99 18.948 -99 
9363 20.037 18.969 18.627 18.305 18.102 
9365 18.078 17.939 17.729 17.901 17.875 
9368 18.876 18.097 17.735 17.539 17.362 
9376 20.191 19.012 18.592 18.278 18.160 
9377 17.935 17.296 16.925 16.717 16.552 
9381 17.482 -99 15.873 15.644 15.461 
9385 18.146 17.636 17.362 17.108 16.992 
9387 17.853 18.478 17.373 17.432 17.597 
9390 -99 -99 14.371 14.383 14.282 
94 19.647 19.025 17.636 18.251 18.075 
9403 17.229 15.923 15.659 15.523 15.466 
9404 -99 18.818 -99 18.110 -99 
9414 17.710 17.169 16.862 16.669 16.535 
9418 17.914 16.984 16.134 15.945 16.205 
9420 19.285 18.435 17.919 17.675 17.582 
9427 20.461 19.584 19.184 18.934 19.089 
9431 17.719 16.885 16.442 16.181 16.060 
9433 20.190 19.118 18.479 18.232 18.137 
9439 16.071 15.417 14.975 14.865 14.739 
9448 17.606 16.948 16.270 15.891 15.745 
9449 17.296 16.460 16.090 15.876 15.684 
9452 19.856 18.763 18.163 18.245 18.231 
9460 19.722 19.070 18.540 18.337 18.231 
9470 18.882 17.964 17.587 17.356 17.172 
9490 19.144 18.371 17.915 17.747 17.752 
9495 18.886 17.943 17.404 17.254 17.117 
9502 19.288 -99 18.028 17.857 17.667 
9515 18.701 17.840 17.419 17.217 17.063 
9520 20.650 19.593 19.033 18.658 18.609 
9531 18.347 17.487 17.050 16.833 16.702 
9533 19.359 -99 18.055 17.745 17.354 
9535 17.371 16.772 16.383 16.202 16.056 
9537 19.793 18.744 18.542 18.204 18.153 
9538 16.931 16.200 15.746 15.506 15.414 
9539 14.883 14.184 13.810 13.601 13.344 
9543 17.984 17.553 17.239 17.122 16.938 
9547 18.186 17.203 16.755 16.497 16.409 
9551 19.073 17.858 17.362 17.083 16.862 
9558 17.149 16.896 16.827 16.855 16.829 
9567 17.932 16.948 17.129 15.635 15.733 
9569 17.250 -99 15.806 15.627 -99 
9570 19.543 -99 18.071 17.179 -99 
9572 18.718 17.741 17.094 17.005 16.747 
9574 18.508 -99 16.987 16.658 -99 
9575 21.280 19.525 19.120 18.903 18.150 
9577 15.627 15.381 14.908 14.430 14.027 
9578 19.313 18.477 18.117 18.072 17.955 
9579 17.731 16.997 16.645 16.386 16.222 
9584 18.757 17.669 17.203 16.909 16.686 
9585 19.923 19.054 18.654 18.358 18.145 
96 20.464 19.575 18.767 18.365 18.791 
9603 17.875 17.063 16.573 16.290 16.183 
9605 23.492 21.165 20.323 20.059 20.105 
9608 19.746 18.752 18.328 18.115 17.930 
9612 19.023 18.301 17.165 17.888 17.730 
9618 19.630 18.962 18.695 18.503 18.419 
9623 17.732 17.007 16.568 16.360 16.121 
9624 18.138 -99 16.716 16.480 -99 
9627 18.912 18.122 17.596 18.029 17.802 
9639 17.125 16.217 15.842 15.567 15.455 
9652 18.089 17.392 16.955 16.734 16.575 
9656 -99 -99 17.819 17.668 17.575 
9662 18.484 17.676 17.252 16.981 16.868 
9677 19.341 18.696 18.121 17.963 17.895 
9680 -99 19.442 -99 18.675 -99 
9682 18.181 17.496 17.100 16.866 16.763 
9683 19.254 18.428 17.953 17.733 17.633 
9688 18.207 -99 17.007 16.704 -99 
9692 19.983 19.194 18.689 18.658 18.531 
9693 18.829 17.745 17.419 17.247 17.265 
97 19.687 18.679 17.609 17.675 17.513 
9701 19.291 18.444 18.007 17.769 17.644 
9710 20.289 19.588 19.204 18.983 18.823 
9733 20.256 19.653 19.406 19.355 19.226 
9735 18.372 17.643 17.226 16.973 16.697 
9748 21.377 -99 19.698 19.196 -99 
9749 18.570 17.723 17.303 17.121 17.018 
9752 17.647 17.028 16.631 16.437 16.258 
9753 20.968 20.615 20.163 19.881 19.734 
9767 21.007 19.933 19.471 19.113 19.006 
9768 18.167 17.343 17.123 16.844 16.980 
9774 18.455 17.574 17.145 16.951 16.726 
9775 17.033 16.303 15.957 15.715 15.379 
9776 19.533 18.667 18.075 17.987 17.888 
9779 19.375 18.630 18.305 17.994 17.947 
9783 21.132 20.466 20.209 20.057 19.930 
9784 19.493 18.578 -99 -99 -99 
9790 19.322 -99 18.038 17.816 -99 
9791 18.223 17.282 16.780 16.484 16.313 
9802 20.218 18.803 17.956 18.010 17.900 
9806 18.578 17.830 16.965 17.216 17.099 
9809 21.672 20.461 20.077 19.811 19.556 
9811 20.069 19.388 18.989 18.589 18.445 
9817 18.126 17.342 16.830 16.620 16.484 
9826 20.089 19.079 18.567 18.316 18.213 
9832 18.620 18.073 17.759 17.630 17.520 
9837 17.473 16.516 16.135 15.855 15.828 
9838 18.264 17.538 17.105 16.846 16.714 
9839 16.954 -99 15.843 15.667 -99 
9845 -99 -99 -99 17.284 -99 
9849 19.090 18.162 17.692 17.451 17.268 
9852 18.340 17.549 17.177 16.939 16.789 
9853 18.709 -99 17.522 17.004 -99 
9856 20.870 19.752 19.316 19.157 18.767 
9858 19.216 18.326 17.630 17.854 17.691 
9864 15.837 15.532 15.120 14.842 14.613 
9868 20.022 18.763 17.668 17.993 17.817 
9872 19.257 18.583 18.176 18.106 17.929 
9880 20.253 19.285 18.869 18.588 18.476 
9883 17.761 17.018 16.609 16.376 16.220 
9890 19.942 -99 18.519 18.168 -99 
9892 21.063 19.580 19.103 18.774 18.849 
9894 19.017 18.106 17.647 17.450 17.265 
9896 17.158 16.714 16.735 16.106 16.664 
9899 21.576 -99 -99 -99 -99 
9900 18.682 17.665 17.151 16.875 16.760 
9908 19.435 18.021 16.422 17.456 17.312 
9917 19.922 18.841 18.306 18.046 17.999 
9934 19.813 -99 18.329 17.999 -99 
9943 18.866 17.896 17.379 17.099 16.955 
9946 20.184 19.316 19.049 18.733 18.834 
9951 20.256 19.063 18.462 18.235 18.080 
9952 20.126 19.011 18.455 18.218 17.984 
9966 19.475 -99 18.157 17.869 -99 
9967 19.019 18.111 17.773 17.497 17.347 
9972 19.553 -99 18.226 17.963 -99 
9977 18.273 18.061 18.403 17.726 nan 
9981 20.803 19.506 18.970 18.700 18.592 
9983 17.923 17.199 16.932 16.703 16.600 
9985 16.848 16.053 15.667 15.518 15.339 
9991 19.052 18.042 17.641 17.294 17.310 
9992 17.894 16.790 16.174 15.923 16.025 
9998 16.456 16.041 15.766 15.628 15.461 
