#ID, (mag using flux with frame) Gmag, Rmag, Imag, Zmag, Ymag  
10004 20.156 19.139 18.665 18.438 18.338 
10026 19.325 18.514 18.111 17.924 17.706 
10030 20.570 19.741 19.605 19.392 18.705 
10032 18.904 18.362 18.096 18.028 17.926 
10033 17.491 16.870 16.523 16.327 16.137 
10034 19.896 -99 18.810 18.516 -99 
10047 20.088 19.028 18.473 18.149 17.793 
10054 20.236 19.014 18.466 18.182 18.045 
10057 21.027 19.735 19.281 19.064 18.962 
10058 18.432 17.461 16.985 16.701 16.470 
10073 18.688 17.943 17.532 17.324 17.157 
10087 20.618 19.768 19.295 19.026 18.673 
10088 18.245 17.411 16.985 16.758 16.560 
10113 18.578 17.597 17.033 16.866 16.724 
10116 21.088 20.173 19.628 19.305 19.168 
10117 19.880 19.003 18.628 18.409 18.241 
10137 19.105 18.262 17.816 17.551 17.481 
10141 20.959 19.995 19.853 19.289 19.015 
10144 18.500 17.680 17.295 16.986 16.974 
10146 19.350 18.519 18.262 17.934 17.732 
10147 18.034 17.279 16.902 16.608 16.444 
10150 17.623 -99 16.441 16.180 -99 
10151 -99 -99 18.374 18.134 -99 
10155 19.245 18.116 17.589 17.346 17.115 
10156 17.871 17.161 16.839 16.592 16.475 
10158 19.488 -99 -99 -99 -99 
10164 -99 -99 17.687 17.378 17.273 
10168 19.986 19.111 18.670 18.465 18.268 
10170 19.885 18.928 18.642 18.261 18.262 
10173 19.216 18.124 17.638 17.467 17.385 
10176 17.524 16.965 16.631 16.447 16.288 
10177 18.444 17.801 17.450 17.217 17.065 
10180 19.843 18.935 18.473 18.169 17.996 
10184 18.601 17.698 17.245 17.023 16.866 
10192 18.351 17.575 17.152 16.896 16.737 
10198 16.484 15.850 15.473 15.254 15.034 
10202 19.971 18.784 18.315 18.023 17.882 
10204 20.131 19.276 18.874 18.634 18.470 
10207 18.577 17.939 17.648 17.430 17.348 
10208 19.456 18.615 18.200 17.929 17.807 
10216 17.953 17.192 16.821 16.611 16.441 
10229 18.591 17.908 17.522 17.317 17.146 
10237 21.174 19.512 18.749 18.366 18.223 
10241 18.042 17.290 16.912 16.670 16.501 
10243 33.806 31.921 20.927 19.108 19.841 
10244 19.660 -99 17.778 17.855 -99 
10246 18.154 17.409 16.961 16.727 16.556 
10248 18.478 -99 17.213 16.947 -99 
10250 19.779 18.928 18.328 18.357 18.144 
10253 18.979 18.243 17.927 17.709 17.570 
10254 20.553 19.555 18.825 18.787 18.598 
10262 17.851 -99 16.565 16.166 -99 
10269 18.021 17.016 16.566 16.310 16.150 
10271 18.683 18.029 17.682 17.486 17.374 
10273 22.034 20.555 19.895 19.656 19.467 
10275 15.927 15.245 14.876 14.652 14.464 
10280 20.723 19.347 18.794 18.558 18.466 
10281 19.463 18.776 18.295 18.039 17.903 
10283 17.259 16.423 16.000 15.787 15.614 
10289 18.536 -99 17.373 17.210 -99 
10303 20.337 19.342 18.768 18.466 18.205 
10305 18.487 17.111 17.064 17.191 17.036 
10313 18.918 17.921 17.429 16.999 16.927 
10315 19.699 18.831 18.432 17.813 17.628 
10324 18.777 17.885 17.365 17.108 16.949 
10334 20.558 19.302 18.883 18.643 18.504 
10337 16.142 -99 15.036 14.817 -99 
10340 21.067 19.978 19.826 19.591 19.559 
10343 20.861 19.645 19.067 18.805 18.674 
10363 17.787 17.129 16.741 16.560 16.473 
10374 19.980 19.344 18.998 18.804 18.792 
10384 19.570 18.537 18.035 17.742 17.651 
10392 19.813 18.853 18.467 18.183 18.017 
10398 20.892 19.894 19.286 18.948 18.978 
104 19.570 18.492 18.069 17.787 17.610 
10423 19.622 18.839 18.550 18.331 18.103 
10431 20.033 21.113 20.846 20.563 19.951 
10436 19.445 18.508 17.950 17.787 17.750 
10438 18.278 17.530 17.155 16.935 16.782 
10440 20.468 19.343 18.831 18.546 18.313 
10444 22.217 21.001 20.488 20.160 20.097 
10447 18.502 17.633 17.237 16.973 16.823 
10452 18.114 17.438 17.055 16.830 16.668 
10455 23.241 21.236 19.139 20.003 20.253 
10458 18.823 18.239 17.992 17.702 17.498 
10459 19.911 -99 18.180 17.887 -99 
10460 18.482 17.238 17.475 16.882 17.435 
10461 19.462 18.503 18.062 17.796 17.704 
10463 22.050 20.868 20.243 19.936 19.841 
10464 20.347 19.279 18.805 18.505 18.311 
10481 20.569 19.312 18.752 18.408 18.190 
10482 18.635 17.845 17.446 17.231 17.022 
10489 17.372 16.523 16.057 15.808 15.645 
10506 18.913 17.761 17.762 17.640 17.769 
10507 -99 -99 19.706 -99 -99 
10508 19.630 18.970 18.586 18.394 18.300 
10512 18.102 17.447 17.100 16.827 16.673 
10514 18.366 17.657 17.263 17.030 16.909 
10516 20.827 19.301 18.699 18.463 18.174 
10518 18.343 17.611 17.105 16.896 16.774 
10523 17.522 16.850 16.306 16.071 15.848 
10524 19.834 18.991 18.629 18.410 18.264 
10525 20.578 19.650 19.246 18.909 18.933 
10530 -99 -99 18.550 -99 -99 
10535 18.515 17.599 17.141 16.821 16.588 
10540 21.064 19.767 19.166 18.520 18.277 
10546 19.920 18.832 18.347 18.017 17.858 
10547 -99 -99 -99 -99 -99 
10559 22.229 20.820 21.480 21.202 21.187 
10560 18.426 17.779 17.430 17.198 17.062 
10561 19.913 18.930 18.492 18.234 18.093 
10568 18.516 17.699 17.246 17.013 16.798 
10571 18.033 17.052 16.635 16.533 16.370 
10577 20.817 19.715 18.999 18.766 18.505 
10584 18.094 -99 16.918 16.689 16.531 
10588 20.111 19.241 18.279 18.559 18.365 
10591 17.469 16.777 16.376 16.147 16.002 
10594 18.463 17.761 17.346 17.095 16.933 
10598 19.834 18.772 18.530 18.324 18.302 
10610 18.855 17.985 17.559 17.285 17.117 
10613 18.869 18.085 17.687 17.414 17.239 
10618 20.273 19.178 18.514 18.237 18.007 
10620 17.788 17.105 16.742 16.498 16.347 
10624 21.583 20.527 20.251 19.773 19.982 
10641 20.650 19.837 19.234 18.955 18.650 
10643 -99 -99 17.111 -99 -99 
10655 21.011 19.722 19.108 18.881 18.486 
10656 18.370 17.564 17.141 16.854 16.714 
10663 18.206 17.372 16.882 16.664 -99 
10668 18.672 17.924 17.496 17.247 17.080 
10676 -99 -99 17.427 17.318 -99 
10679 20.035 18.986 18.467 18.183 18.048 
10682 16.993 16.213 15.951 15.584 15.371 
10690 17.860 17.290 16.970 16.808 16.662 
10691 17.910 17.024 16.537 16.207 16.008 
10693 18.727 17.776 17.350 17.136 16.993 
10696 18.313 17.556 17.136 16.871 16.644 
107 19.939 19.223 18.851 18.634 18.544 
10700 18.606 -99 17.490 -99 -99 
10707 19.946 19.033 18.414 18.273 18.108 
10712 17.975 17.116 16.625 16.414 16.234 
10713 19.972 18.972 18.329 18.078 17.971 
10718 15.812 16.203 14.901 14.700 14.526 
10720 18.179 17.577 17.233 17.079 16.932 
10725 21.520 20.344 19.747 19.463 19.229 
10733 20.405 19.043 18.592 18.235 18.007 
10736 19.048 17.269 18.114 17.254 17.977 
10738 17.784 -99 16.641 16.445 -99 
10741 18.848 17.902 17.529 16.975 16.855 
10744 20.681 19.450 18.982 18.649 18.593 
10750 20.683 19.401 18.819 18.567 18.347 
10751 19.161 -99 17.929 17.645 17.482 
10756 21.874 -99 19.442 -99 -99 
10758 18.570 17.798 17.427 17.204 17.038 
10760 19.505 18.354 17.601 17.293 17.600 
10767 20.121 19.103 18.617 18.358 18.138 
10768 19.999 18.824 18.372 18.014 17.817 
10769 18.249 17.470 17.062 16.797 16.614 
10777 20.133 19.134 18.590 18.276 18.059 
10780 19.016 18.335 17.557 17.761 17.820 
10781 19.648 18.615 18.134 17.847 17.662 
10785 16.764 16.147 15.792 15.587 15.354 
10791 20.324 19.636 20.269 19.868 19.561 
10792 -99 -99 19.917 19.732 19.464 
10794 18.893 17.997 17.558 17.371 17.153 
10807 20.277 -99 19.066 18.972 18.706 
10808 17.418 -99 16.154 15.872 15.706 
10818 19.627 18.630 18.651 18.770 18.328 
10828 17.849 17.084 16.707 16.430 16.285 
10843 19.658 18.760 18.286 18.059 17.906 
10846 20.597 18.764 18.978 18.926 18.834 
10872 19.635 19.123 18.330 17.995 18.290 
10876 18.262 17.619 17.285 17.107 16.968 
10894 17.105 16.436 15.993 15.626 15.474 
10904 -99 -99 16.762 16.526 16.350 
10909 18.390 17.656 17.288 17.076 16.932 
10910 20.893 19.070 18.351 18.765 18.471 
10912 19.419 18.405 17.913 17.663 17.449 
10924 19.355 18.332 17.792 17.510 17.281 
10928 -99 -99 16.215 16.467 16.146 
10931 19.259 18.487 18.324 17.978 17.542 
10936 19.371 18.046 17.262 17.318 17.124 
10940 19.850 19.116 18.737 18.532 18.429 
10942 20.481 19.316 18.710 18.424 18.146 
10945 20.528 19.423 19.069 18.674 18.500 
10956 18.825 18.066 17.699 17.461 17.328 
10957 22.031 21.187 20.603 20.323 19.786 
10960 20.300 18.999 18.552 18.255 18.003 
10963 19.618 18.744 18.311 18.051 17.882 
10964 19.630 19.037 18.646 18.644 18.398 
10970 22.050 19.358 18.253 17.946 20.185 
10983 17.959 17.403 17.068 16.877 16.769 
10984 18.379 17.568 17.148 16.879 16.717 
10987 17.916 17.260 16.868 16.638 16.453 
11000 18.248 17.538 17.146 16.974 16.900 
11011 20.338 19.478 19.056 18.757 18.386 
11019 19.845 19.179 18.216 17.989 17.865 
11032 20.102 18.896 18.421 18.099 17.902 
11035 21.809 20.184 19.876 19.881 19.519 
11037 19.890 19.207 18.875 18.656 18.527 
11042 17.133 16.485 16.100 15.879 15.692 
11047 20.846 19.941 19.426 19.214 19.073 
11048 20.806 19.402 19.383 18.801 19.366 
11052 -99 -99 16.482 16.290 16.132 
11054 21.051 19.754 19.921 19.536 19.277 
11057 20.473 19.363 18.740 18.566 18.239 
11060 20.340 18.937 18.456 18.147 18.003 
11064 -99 -99 16.090 15.878 15.668 
11071 19.650 19.127 18.894 18.418 18.568 
11072 16.477 15.618 15.167 14.878 14.673 
11079 19.336 18.399 17.932 17.676 17.552 
11087 21.247 19.367 18.934 18.549 18.551 
11100 18.177 17.446 17.194 16.908 16.813 
11101 21.002 20.001 19.318 19.121 18.937 
11103 19.748 18.213 17.780 17.570 17.492 
11106 17.805 17.231 16.572 16.631 16.448 
11113 19.177 18.222 17.812 17.665 17.582 
11118 20.521 19.279 18.714 18.475 18.328 
11119 18.410 17.565 17.127 16.890 16.783 
11123 18.700 17.636 17.134 16.850 16.653 
11132 18.021 17.358 16.871 16.677 16.482 
11133 18.811 18.052 17.611 17.428 17.248 
11134 18.377 17.613 17.171 16.929 16.767 
11148 18.627 17.695 17.281 17.065 16.893 
11154 17.915 17.171 16.736 16.486 16.292 
11155 18.507 17.754 17.363 17.112 16.950 
11160 17.366 16.541 16.092 15.796 15.605 
11167 -99 -99 16.941 16.713 16.532 
11176 19.168 18.290 17.892 17.452 17.369 
11191 18.439 17.510 17.114 16.612 16.627 
11196 19.701 18.606 17.897 17.662 17.413 
11224 18.009 17.401 16.859 16.614 16.427 
11238 16.223 15.430 15.120 14.763 14.532 
11242 20.710 19.086 18.560 18.241 18.125 
11252 20.176 19.232 18.722 18.456 18.322 
11255 -99 -99 17.658 16.971 16.996 
11257 17.127 16.299 16.077 15.587 15.476 
11279 20.157 19.204 18.386 18.475 18.477 
11286 18.027 17.909 16.995 17.448 17.521 
11287 19.685 18.568 19.696 18.542 19.257 
11288 18.701 17.861 17.455 17.186 17.029 
11293 19.814 19.190 18.849 18.705 18.767 
11300 17.136 16.495 16.062 15.856 15.686 
11311 18.976 18.180 17.789 17.569 17.384 
11318 18.962 19.305 17.866 16.807 16.686 
11331 -99 -99 16.239 16.032 15.852 
11333 21.920 21.700 21.413 21.676 20.042 
11335 20.359 19.357 19.056 18.725 18.637 
11336 19.791 18.667 18.047 17.821 17.602 
11343 18.842 18.073 17.713 17.519 17.423 
11347 20.654 19.641 19.093 18.806 18.583 
11358 18.829 18.033 17.697 17.388 17.274 
11364 18.910 17.865 17.437 17.175 17.016 
11373 -99 -99 18.193 18.061 17.765 
11383 20.509 19.216 18.706 18.326 18.010 
11385 19.313 18.617 18.260 18.058 17.931 
11392 18.653 17.822 17.392 17.151 17.006 
11393 -99 -99 17.200 17.060 17.542 
11396 18.592 17.851 17.429 17.206 17.051 
11397 19.567 18.582 18.047 17.773 17.607 
11399 18.090 17.301 16.770 16.565 16.412 
114 17.593 16.794 16.348 16.040 15.829 
11407 19.493 18.313 17.783 17.531 17.323 
11420 19.672 18.685 18.277 18.161 18.001 
11425 18.132 17.427 17.036 16.827 16.705 
11427 18.621 17.609 17.142 16.853 16.667 
11436 18.007 17.301 16.844 16.607 16.454 
11456 18.043 17.221 16.735 16.514 16.346 
11463 20.176 19.126 18.601 18.349 18.165 
11464 18.187 17.414 16.960 16.731 16.541 
11470 18.336 18.282 17.554 17.418 17.217 
11474 19.073 18.018 17.493 17.271 16.905 
11481 18.113 17.251 16.850 16.628 16.535 
11482 -99 -99 17.413 17.193 17.028 
11488 19.779 18.622 18.263 17.678 17.490 
11497 18.107 17.287 16.836 16.608 16.463 
11498 17.452 16.649 16.214 15.992 15.786 
11499 21.693 20.494 19.772 -99 -99 
115 19.781 18.883 18.446 18.174 18.007 
11501 -99 19.527 18.359 -99 -99 
11504 22.377 21.446 -99 -99 -99 
11506 19.150 18.408 17.569 -99 -99 
11511 -99 -99 17.431 -99 -99 
11515 -99 -99 16.442 16.333 16.105 
11524 18.784 17.895 17.424 17.226 17.017 
11540 -99 -99 23.923 20.619 21.057 
11574 20.626 19.529 19.102 18.794 18.473 
116 17.884 17.291 16.777 16.745 16.541 
11609 17.884 17.182 16.509 16.545 16.437 
11616 18.506 17.635 17.490 17.294 17.090 
11644 19.050 18.022 17.685 17.516 17.221 
11672 18.575 17.629 17.437 17.233 17.031 
11726 19.308 18.234 17.831 17.604 17.381 
11732 17.483 16.776 16.333 16.242 16.032 
11735 20.009 18.999 18.383 18.088 17.931 
11773 19.652 18.594 18.138 17.943 17.681 
11802 17.958 17.303 16.942 16.766 16.531 
11810 21.326 20.573 20.217 19.844 19.632 
11814 18.327 17.429 17.071 16.860 16.571 
11843 21.456 20.093 19.930 20.151 19.974 
11846 20.150 19.130 18.659 18.364 18.172 
11946 -99 -99 16.586 16.381 16.147 
11954 19.110 18.371 -99 -99 -99 
12017 18.173 17.252 16.840 16.656 16.482 
12025 20.800 20.073 -99 -99 -99 
12042 18.596 17.832 17.405 17.122 16.951 
12044 19.630 18.671 18.091 18.322 18.186 
12076 18.346 17.366 16.997 16.758 16.599 
12077 17.741 16.802 16.341 16.059 15.881 
12086 18.994 17.842 17.306 16.983 16.763 
121 19.307 18.680 18.401 18.223 18.092 
12122 20.332 19.126 18.765 18.501 18.299 
12125 19.868 18.859 18.081 17.843 17.460 
12156 20.011 18.915 18.164 18.154 17.880 
12187 18.848 17.920 17.433 17.201 17.035 
122 18.509 17.462 16.949 16.602 16.399 
12219 17.116 16.442 16.192 16.026 15.810 
12236 16.629 15.997 15.668 15.477 15.290 
12241 20.044 19.443 19.153 18.962 18.989 
12263 17.801 17.312 17.017 16.879 16.734 
12296 17.880 17.166 16.568 16.325 16.294 
123 18.224 17.519 17.146 16.918 16.802 
12316 20.229 19.159 18.567 18.267 18.136 
12325 20.475 19.639 18.891 18.644 18.349 
12358 19.099 18.511 17.973 17.871 17.656 
12388 19.829 18.992 18.458 18.210 18.014 
12392 19.045 18.644 17.694 18.061 17.899 
12398 18.037 17.368 16.978 16.744 16.574 
12432 17.638 17.046 16.810 16.507 16.347 
12433 20.006 18.867 18.323 18.077 17.854 
12445 20.111 19.463 18.893 18.815 18.628 
12474 20.172 19.471 19.050 18.803 18.649 
12511 19.805 18.196 18.540 17.242 16.906 
12546 -99 -99 17.499 17.239 17.095 
126 18.635 17.951 17.597 17.360 17.238 
12642 20.791 19.985 19.520 19.235 19.371 
127 19.265 18.550 18.166 17.940 17.843 
12705 18.142 17.354 17.068 16.840 16.738 
12711 19.877 18.631 18.519 18.587 18.486 
12752 20.120 19.167 18.687 18.428 18.247 
12776 18.180 17.367 17.198 17.100 17.069 
12779 18.994 18.255 17.715 17.640 17.527 
12793 20.017 19.286 19.015 18.867 18.740 
128 19.216 18.329 17.891 17.759 17.369 
12803 19.854 18.945 18.475 18.158 18.044 
12813 16.370 15.708 15.316 15.078 14.900 
12816 -99 -99 15.265 15.199 15.195 
12831 19.323 18.250 17.784 17.559 17.389 
12851 16.110 15.426 15.095 14.783 14.599 
12871 19.396 18.531 18.035 17.699 17.562 
12887 20.356 19.323 18.815 18.535 18.384 
12898 16.599 16.000 15.634 15.419 15.258 
12943 19.458 18.820 18.456 18.302 18.184 
12971 18.807 17.953 17.542 17.293 17.142 
12982 18.748 17.979 17.518 17.329 17.177 
13015 19.027 18.101 17.611 17.422 17.305 
13078 20.368 19.354 18.884 18.590 18.538 
13099 18.385 17.671 17.312 17.120 17.052 
131 20.441 19.210 18.587 18.237 18.021 
13103 19.879 18.884 18.499 18.154 17.981 
13110 18.318 17.710 17.933 16.681 16.643 
13120 -99 -99 -99 -99 -99 
13188 20.635 20.459 18.977 19.409 19.091 
13191 20.402 19.559 19.544 18.940 18.882 
13192 19.205 18.694 18.457 18.011 18.019 
132 17.543 16.717 16.360 16.121 15.907 
13215 22.166 21.997 29.204 20.293 23.644 
13239 19.991 19.050 18.649 18.322 18.180 
13242 18.985 18.162 17.785 17.619 17.480 
13257 19.830 18.814 18.264 17.892 17.857 
13263 21.266 20.125 19.570 19.337 19.235 
13279 19.600 18.662 18.284 18.070 17.806 
13292 20.268 20.057 19.616 19.994 19.864 
13297 -99 -99 18.911 18.654 18.476 
13298 17.598 16.964 16.436 16.366 16.165 
13334 19.949 19.081 18.644 18.453 18.164 
13338 -99 -99 -99 -99 -99 
13363 21.457 20.329 20.072 20.134 19.402 
13370 -99 -99 16.250 15.927 15.888 
13392 20.703 19.681 19.220 18.980 18.693 
134 17.589 16.933 16.547 16.345 16.181 
13414 17.537 16.804 16.383 16.156 15.997 
13416 19.415 18.589 17.777 17.897 17.633 
13419 16.778 16.023 15.660 15.399 15.184 
13445 17.911 17.107 16.726 16.500 16.311 
13453 -99 -99 18.456 18.335 17.919 
13470 16.487 15.792 15.570 15.305 15.085 
13493 20.560 19.331 18.691 18.391 18.317 
138 20.611 19.510 19.129 18.861 18.729 
14147 -99 -99 16.814 16.420 15.780 
14148 -99 -99 17.325 17.067 16.908 
14150 19.442 18.685 17.341 18.027 17.861 
14152 -99 -99 16.884 -99 16.527 
14156 21.825 20.745 20.070 19.796 19.709 
14157 18.604 18.052 16.730 17.546 17.482 
14160 19.400 18.387 17.821 17.477 17.215 
14163 18.224 17.449 16.936 16.765 16.621 
14165 17.646 16.886 16.407 16.182 15.950 
14169 17.327 16.586 16.101 15.841 15.686 
14171 20.306 19.330 18.935 18.684 18.447 
14175 21.649 20.407 19.929 19.932 19.517 
14184 21.483 20.530 20.094 19.725 18.847 
14186 20.658 19.597 19.214 18.942 18.240 
14189 17.268 16.622 16.224 16.001 15.805 
14197 17.151 16.474 16.067 15.820 15.550 
14198 17.783 16.849 16.321 15.994 15.716 
142 21.720 21.127 20.212 20.466 20.377 
14203 19.800 18.824 18.386 18.004 17.858 
14207 22.700 20.688 20.644 20.450 20.212 
14209 17.557 17.809 17.225 16.578 16.990 
14213 19.213 18.212 17.706 17.354 17.150 
14214 19.373 18.559 18.183 17.955 17.788 
14215 20.049 18.719 -99 -99 -99 
14216 17.472 16.666 16.248 15.977 15.783 
14220 19.049 17.996 17.634 17.356 17.070 
14221 19.955 18.833 18.293 17.964 17.757 
14222 21.597 20.633 20.124 19.815 19.475 
14224 20.095 19.005 18.546 18.220 18.030 
14225 20.967 18.992 18.737 18.427 18.211 
14227 20.329 19.081 18.422 17.981 17.894 
14228 18.441 17.469 17.046 16.755 16.555 
14229 17.236 16.439 16.162 15.565 15.362 
14231 18.162 17.311 16.863 16.546 16.363 
14233 18.474 17.720 17.313 17.062 16.901 
14236 18.828 17.732 17.595 17.182 16.636 
14241 19.103 18.254 17.766 17.553 17.344 
14242 20.628 19.887 19.539 19.147 19.141 
14246 16.318 15.613 15.230 14.935 14.715 
14247 17.140 16.382 16.030 15.650 15.336 
14248 19.328 18.210 17.440 17.290 17.097 
14253 19.225 18.310 17.788 17.517 17.321 
14259 20.044 18.755 18.255 17.898 17.720 
14261 19.790 18.764 18.263 17.900 17.698 
14270 20.022 19.033 18.591 18.280 18.155 
14272 20.972 20.015 19.306 18.924 18.758 
14273 18.834 17.610 17.157 16.872 16.701 
14278 18.106 -99 16.717 16.397 16.183 
14279 19.808 19.090 18.659 18.388 18.197 
14281 20.603 19.399 18.907 18.552 18.377 
14282 18.532 17.176 16.986 16.749 16.923 
14286 21.501 20.435 19.918 19.741 19.871 
14287 17.135 16.441 16.149 15.978 15.811 
14289 18.660 17.765 17.290 17.043 16.906 
14295 19.823 19.172 18.871 18.637 18.421 
14297 18.836 17.864 17.290 16.976 16.833 
14301 21.275 20.355 20.047 19.694 19.528 
14304 16.968 16.259 15.836 15.587 15.357 
14308 19.763 18.669 18.010 17.690 17.369 
14318 19.436 18.576 18.130 17.845 17.685 
14322 18.034 17.181 16.562 16.380 16.188 
14326 17.254 17.689 17.456 16.310 16.750 
14327 20.337 18.697 18.639 17.862 17.996 
14331 20.262 19.283 18.737 18.509 18.316 
14340 20.722 19.743 19.205 18.955 18.702 
14341 17.694 16.895 16.376 16.118 15.858 
14344 18.709 17.611 17.072 16.772 16.663 
14346 20.619 19.462 18.921 18.628 18.345 
14351 20.675 19.639 19.133 18.709 18.571 
14353 20.566 19.544 19.065 18.815 18.594 
14364 20.359 19.568 18.949 18.678 18.437 
14365 20.342 19.491 18.977 18.776 18.615 
14366 20.632 19.298 18.866 18.606 18.332 
14367 20.273 19.535 19.315 19.150 18.844 
14368 18.841 17.892 17.272 17.171 17.093 
14384 19.519 18.165 17.621 17.368 17.104 
14386 18.640 17.956 17.465 17.261 17.041 
14387 17.476 16.750 16.344 16.100 15.899 
14390 18.499 18.022 17.719 17.208 16.839 
14391 18.371 17.590 17.136 16.875 16.776 
14392 19.426 18.715 18.197 18.037 17.787 
14398 21.901 20.625 20.041 19.683 19.598 
14399 18.252 17.531 16.940 16.734 16.690 
144 21.005 19.339 17.816 17.129 18.454 
14402 15.499 14.703 14.315 14.014 13.789 
14405 19.927 18.725 18.377 18.089 17.686 
14408 18.051 17.256 16.764 16.514 16.328 
14412 20.064 19.148 18.780 18.566 18.291 
14413 19.655 18.874 18.223 18.281 18.054 
14414 20.559 19.133 19.205 18.914 18.258 
14418 22.171 20.788 19.791 19.478 19.333 
14419 20.128 19.825 19.365 18.876 19.359 
14421 19.771 18.549 18.042 17.720 17.498 
14424 19.129 18.308 17.736 17.524 17.619 
14425 19.111 18.660 18.378 18.240 17.912 
14427 21.398 18.091 19.077 19.068 17.919 
14429 15.738 14.886 14.554 14.275 14.017 
14430 18.458 17.700 17.687 17.500 17.286 
14431 18.877 18.152 17.898 17.676 17.513 
14435 17.517 16.743 16.280 16.043 15.814 
14436 15.667 14.910 14.496 14.202 13.999 
14438 19.506 18.513 18.059 17.767 17.531 
14439 19.529 18.749 18.394 18.164 18.007 
14440 19.899 19.092 18.570 18.274 18.104 
14441 17.555 16.881 16.603 16.491 16.288 
14442 21.040 19.761 19.241 19.050 18.779 
14444 17.280 16.488 16.087 15.835 15.640 
14446 19.691 19.045 18.550 18.464 18.302 
14447 19.856 18.978 18.554 18.179 18.059 
14448 19.062 18.288 17.853 17.589 17.415 
14450 20.862 19.635 18.940 18.807 18.521 
14452 21.230 20.153 19.824 19.327 19.523 
14456 21.942 20.702 19.897 19.571 19.351 
14459 19.115 18.431 18.085 17.825 17.664 
14464 19.233 18.326 17.930 17.699 17.530 
14468 20.408 19.572 19.042 18.672 18.609 
14469 18.480 18.148 17.357 17.473 17.234 
14478 21.318 19.950 19.354 19.037 18.886 
14479 17.451 16.646 16.166 15.879 15.674 
14481 19.701 19.030 18.631 18.469 18.284 
14484 20.249 19.300 18.851 18.615 18.388 
14485 21.438 20.080 19.478 19.330 19.091 
14486 21.033 21.024 21.149 20.615 20.658 
14492 21.303 20.033 19.591 19.165 18.985 
14493 18.326 17.485 17.024 16.709 16.586 
14495 16.944 16.323 15.954 15.746 15.559 
14497 19.177 18.438 18.037 17.620 17.692 
14499 21.971 20.834 20.397 20.030 19.858 
145 18.090 17.334 16.875 16.613 16.421 
14502 18.391 17.435 16.940 16.655 16.412 
14503 -99 -99 -99 -99 -99 
14510 19.923 18.934 18.395 18.087 17.921 
14511 21.235 18.776 18.422 18.536 18.429 
14512 17.810 17.088 16.644 16.368 16.163 
14513 20.685 19.488 18.953 18.655 18.112 
14515 21.751 20.626 19.827 19.691 19.822 
14516 22.746 21.567 20.690 20.410 20.298 
14518 18.256 17.418 16.922 16.754 16.580 
14520 19.331 18.331 17.833 17.486 17.362 
14532 19.244 18.504 18.109 17.798 17.584 
14542 20.205 18.910 18.561 18.137 18.081 
14543 19.298 17.429 17.505 17.739 17.541 
14551 18.174 17.475 17.118 16.872 16.716 
14552 19.670 18.761 18.317 18.045 17.860 
14554 17.397 16.562 16.098 15.563 15.590 
14557 21.021 19.732 19.226 18.927 18.850 
14558 19.548 19.148 19.229 18.421 18.287 
14559 19.446 18.390 17.885 17.718 17.569 
14562 18.140 17.404 17.016 16.784 16.652 
14563 19.595 18.958 18.291 18.047 18.310 
14564 18.278 17.460 17.017 16.706 16.540 
14565 18.984 17.963 17.185 17.195 17.026 
14569 19.630 18.500 18.072 17.796 17.700 
14571 26.582 23.328 24.746 44.642 21.546 
14575 17.860 17.272 16.792 16.668 16.471 
14579 17.470 16.928 16.582 16.411 16.227 
14581 20.086 19.045 18.578 18.347 18.134 
146 17.530 16.807 16.413 16.176 16.013 
149 17.449 16.633 16.199 15.936 15.735 
15 18.560 17.693 17.194 16.961 16.758 
153 20.400 18.933 18.371 17.991 17.923 
156 17.486 16.653 16.199 16.053 15.868 
158 19.983 19.298 19.053 18.715 18.377 
16 19.691 18.703 18.344 18.004 17.957 
161 19.414 18.512 18.084 17.791 17.658 
163 17.981 17.278 16.905 16.677 16.515 
164 18.229 17.352 16.892 16.618 16.463 
17 19.741 19.530 18.843 18.839 18.695 
170 22.351 20.678 20.538 20.030 20.133 
172 17.302 16.629 16.242 16.014 15.810 
174 18.108 17.558 17.252 17.086 16.986 
1752 19.705 19.234 18.692 18.337 18.211 
180 17.870 17.307 16.988 16.818 16.649 
1826 17.919 16.455 16.890 16.666 16.569 
183 18.885 17.695 17.227 16.954 16.761 
184 18.581 17.718 17.303 17.045 16.951 
1842 21.018 19.724 19.050 18.764 18.738 
185 19.836 18.897 18.397 18.147 17.944 
1852 17.358 16.513 16.078 15.800 15.632 
1862 -99 -99 16.820 16.533 16.334 
1892 17.856 17.319 17.003 16.834 16.689 
1902 19.040 18.326 17.888 17.697 17.601 
1927 17.529 16.950 16.551 16.393 16.233 
193 21.020 20.031 20.037 19.484 19.519 
194 19.198 18.347 17.808 17.609 17.449 
1940 21.042 19.632 19.161 18.876 18.744 
1945 18.224 17.528 17.284 17.084 16.930 
195 21.318 20.015 19.596 19.144 19.237 
1950 19.999 18.674 18.263 17.963 17.754 
1951 16.317 15.501 15.097 14.777 14.594 
1952 16.709 15.843 15.414 15.139 14.924 
1956 -99 -99 -99 -99 -99 
198 19.399 18.877 18.560 18.436 18.328 
1985 17.630 17.045 16.731 16.517 16.296 
1998 19.246 18.635 18.219 17.876 17.776 
200 18.868 18.021 17.605 17.304 17.161 
2004 19.764 18.824 18.323 18.075 17.887 
2011 20.012 19.027 18.461 18.050 18.036 
202 18.318 17.570 17.208 16.982 16.810 
2028 18.055 16.990 16.523 16.214 16.034 
2032 19.613 18.532 17.969 17.647 17.413 
2033 20.155 18.753 18.314 17.987 17.765 
2039 19.837 18.956 18.544 18.303 18.122 
2046 17.847 17.009 16.592 16.206 16.163 
2049 20.530 19.224 18.722 18.403 18.201 
205 18.749 17.804 17.494 17.294 17.003 
2051 19.993 18.822 18.428 18.405 19.014 
2067 17.640 16.955 16.444 16.273 15.946 
2082 19.476 19.218 18.650 18.486 18.504 
2083 19.801 18.960 17.531 17.796 17.510 
2097 20.017 19.025 18.521 18.240 18.054 
21 17.453 16.889 16.489 16.241 16.107 
210 16.915 16.084 15.724 15.404 15.140 
2113 18.537 17.932 17.475 17.224 17.021 
2116 20.155 18.857 18.215 17.910 17.696 
2122 18.693 17.656 17.158 16.831 16.675 
214 20.545 19.758 19.270 19.005 18.928 
2161 17.508 16.742 16.263 16.010 15.771 
2172 20.164 19.323 18.808 18.625 18.165 
2179 20.475 19.712 19.399 19.068 18.882 
2180 -99 -99 16.686 18.196 17.914 
2183 19.035 18.481 17.998 17.895 17.676 
2189 20.040 17.035 17.502 17.080 18.549 
219 20.590 19.058 18.768 18.637 18.320 
2199 20.564 19.413 18.969 18.702 18.511 
22 18.640 17.860 17.367 17.224 17.040 
220 23.249 20.319 20.074 19.884 19.652 
2205 19.725 18.932 18.537 18.325 18.184 
2207 18.322 17.543 17.090 16.859 16.681 
2220 20.230 19.149 18.577 18.360 18.199 
2225 19.651 18.355 17.709 17.567 17.294 
2228 20.622 19.927 19.564 19.364 18.892 
223 17.407 17.364 17.623 16.406 17.500 
224 20.676 19.335 18.909 18.663 18.386 
2240 19.846 18.643 18.200 17.945 17.637 
225 20.074 19.285 18.898 18.738 18.592 
2253 17.334 16.531 16.429 15.956 15.714 
2254 17.499 16.855 16.433 16.182 15.989 
226 21.484 20.115 19.675 19.359 19.107 
2264 21.281 20.074 19.943 19.418 18.879 
2267 16.765 16.030 15.504 15.338 15.110 
227 20.566 19.739 19.363 19.068 18.997 
228 19.461 18.483 18.058 17.736 17.669 
229 17.539 16.875 16.465 16.214 16.003 
2296 -99 -99 16.995 16.719 16.599 
23 19.476 18.497 17.950 17.719 17.492 
230 19.447 18.437 18.010 17.742 17.537 
2309 16.691 -99 15.431 15.256 15.021 
231 19.663 18.813 18.427 18.093 17.913 
2314 17.709 16.952 16.551 16.319 16.153 
232 19.989 19.180 18.777 18.468 18.406 
2322 16.833 16.089 15.638 15.404 15.196 
2329 18.611 17.834 17.436 17.186 16.915 
2335 18.411 17.521 17.091 16.782 16.636 
2337 21.077 20.236 18.611 19.782 19.200 
2339 19.734 19.115 17.890 18.305 17.593 
234 18.123 17.539 17.134 16.888 16.820 
2344 19.250 18.557 18.207 18.059 17.872 
2363 20.607 19.408 18.901 18.596 18.324 
237 19.760 18.616 18.163 17.866 17.733 
238 19.301 18.623 18.199 17.995 17.873 
2383 18.195 17.484 17.132 16.916 16.730 
2387 19.468 18.407 17.998 17.732 17.499 
239 20.376 19.343 18.864 18.500 18.366 
2397 19.847 18.626 18.171 17.803 17.634 
2412 18.509 17.746 17.333 17.199 17.094 
2418 18.888 18.043 17.862 17.617 17.546 
242 17.561 16.850 16.400 16.202 16.005 
2423 19.697 18.701 18.373 18.129 17.886 
2424 22.659 21.271 20.321 20.176 19.962 
243 19.675 18.916 18.503 18.138 18.086 
2434 20.733 19.457 18.974 18.714 18.642 
2436 17.975 17.420 16.976 16.704 16.518 
2442 18.220 17.468 17.075 16.889 16.683 
2475 17.778 17.035 16.474 16.238 16.055 
2479 19.897 18.828 18.405 18.125 17.892 
2480 19.780 18.652 18.181 17.891 17.657 
2483 21.228 19.513 19.175 18.926 18.320 
2484 20.282 19.018 18.703 18.342 18.104 
249 16.038 15.465 15.179 14.977 14.810 
2495 18.203 17.331 16.851 16.648 16.449 
25 19.115 18.375 17.938 17.716 17.546 
2506 20.025 18.941 18.519 18.234 18.051 
2508 19.020 17.884 17.336 17.075 16.880 
2512 18.030 17.170 16.781 16.544 16.330 
2519 19.922 18.750 18.369 18.065 17.810 
2523 18.355 17.422 17.085 16.983 16.647 
2528 18.366 17.788 17.997 16.977 18.103 
2538 18.150 17.338 16.774 16.490 16.335 
254 20.407 19.186 18.638 18.325 18.116 
2542 18.957 18.067 17.613 17.327 17.191 
2543 17.607 16.795 16.396 16.087 15.953 
2549 29.362 21.742 19.902 21.606 21.891 
2554 18.326 17.333 16.843 16.636 16.460 
2556 18.866 17.821 -99 16.895 16.737 
256 20.841 18.015 18.002 18.437 18.232 
2569 19.378 18.399 17.985 17.721 17.530 
2574 20.101 19.514 18.317 18.376 18.106 
258 18.921 17.909 17.439 17.171 16.979 
2580 18.663 17.798 17.233 16.999 16.847 
2587 19.606 18.672 18.160 17.851 17.701 
259 20.627 19.742 19.218 18.958 18.638 
2593 19.502 18.663 18.151 17.905 17.677 
260 14.772 14.209 13.918 13.665 13.455 
2607 17.622 16.818 16.373 16.133 15.996 
2615 18.620 17.661 17.205 16.915 16.745 
2623 18.274 17.548 17.149 16.922 16.777 
2635 18.283 17.524 16.990 16.789 16.660 
2644 18.585 17.823 17.510 17.270 17.108 
265 16.091 15.373 15.042 14.757 14.525 
2665 20.268 19.568 19.505 19.028 18.629 
267 19.391 18.598 18.146 17.981 17.771 
2671 19.551 18.420 17.942 17.825 17.587 
2684 17.498 16.871 16.560 16.360 16.224 
2688 20.998 19.478 19.310 19.081 18.918 
2690 18.341 19.031 18.453 17.939 17.701 
2692 19.276 18.674 18.914 18.553 18.189 
2703 18.642 17.573 17.074 16.749 16.555 
2709 18.698 17.696 17.354 17.085 16.910 
2714 18.287 17.267 16.593 16.550 16.377 
2715 18.305 17.404 16.911 16.631 16.459 
2716 18.149 17.357 16.883 16.753 16.583 
2719 20.827 19.774 -99 -99 -99 
272 19.527 18.355 17.860 17.561 17.346 
2720 19.377 18.198 17.708 17.403 17.250 
2724 20.638 19.892 19.759 19.514 19.256 
2726 20.677 19.741 19.301 19.275 19.083 
2735 19.972 19.003 18.696 18.297 18.271 
2738 18.055 17.117 16.838 16.536 16.235 
2739 20.798 20.127 19.754 19.589 19.430 
275 18.422 17.685 17.220 16.956 16.755 
2750 21.367 19.636 18.371 18.436 19.005 
2752 20.235 19.260 18.824 18.471 18.354 
2753 19.983 19.120 18.952 18.595 18.362 
276 18.988 18.589 17.780 17.716 17.827 
2762 21.653 20.441 20.095 19.797 19.673 
2766 20.591 19.505 19.172 19.037 18.670 
2770 18.333 17.529 17.031 16.855 16.682 
2776 16.820 19.668 17.752 16.633 18.289 
279 18.840 17.814 17.334 17.073 16.920 
2796 -99 -99 18.900 18.544 18.343 
28 19.381 18.175 17.786 17.858 17.815 
2805 18.564 17.802 17.307 16.826 16.972 
2811 19.571 18.670 18.143 17.934 17.771 
2812 19.838 18.930 18.502 18.223 18.096 
2815 19.821 18.781 18.255 18.014 17.808 
282 20.738 19.495 18.933 18.629 18.487 
2828 19.863 18.771 18.157 17.854 17.654 
283 19.960 19.342 18.904 18.646 18.576 
2831 -99 -99 -99 -99 -99 
2845 21.299 20.003 19.435 19.354 19.145 
2846 20.295 18.776 17.808 18.417 18.323 
285 21.880 20.218 19.482 19.159 19.194 
2861 20.719 19.508 18.871 18.571 18.386 
288 15.523 15.035 14.736 14.446 14.293 
2882 18.867 17.973 17.573 17.403 17.249 
2883 19.809 18.746 19.023 18.723 18.487 
2884 18.262 17.509 17.088 16.862 16.753 
2886 17.396 16.634 16.178 15.957 15.702 
2889 18.296 17.446 16.959 16.716 16.487 
289 19.936 19.254 18.606 18.318 18.170 
2891 16.229 15.522 15.173 14.926 14.714 
29 18.985 18.040 17.596 17.269 17.112 
290 19.700 18.784 18.383 18.119 18.098 
2900 16.012 15.358 15.072 14.832 14.621 
291 18.403 17.642 17.202 16.945 16.795 
2914 18.813 17.725 17.209 16.938 16.740 
2915 20.284 19.069 18.579 18.265 18.063 
2936 18.863 18.149 17.727 17.533 17.400 
294 20.012 19.118 18.718 18.475 18.334 
2941 20.275 19.796 18.053 18.330 18.049 
2944 17.560 16.789 16.387 16.133 15.927 
2946 17.189 16.331 15.881 15.647 15.476 
295 20.185 18.988 18.504 18.600 18.102 
2958 20.289 18.743 18.633 17.255 18.258 
2960 20.741 19.647 19.059 18.640 18.494 
2962 18.291 17.242 16.867 16.557 16.413 
2969 17.725 16.778 16.442 16.184 16.000 
2985 19.375 18.014 17.430 17.151 16.917 
2988 20.101 19.307 18.923 18.647 19.694 
2991 20.131 19.374 19.088 18.849 18.721 
2992 18.293 17.967 17.636 17.417 17.316 
30 18.462 17.601 17.132 16.758 16.643 
3007 17.432 16.562 16.091 15.941 15.820 
3008 20.331 19.586 19.090 18.883 18.715 
3013 19.046 18.376 17.988 17.919 17.805 
3014 20.074 19.026 18.454 18.165 17.985 
3015 18.757 17.922 17.546 17.321 17.160 
3019 18.339 17.722 17.210 17.074 16.836 
3022 19.576 18.268 17.761 17.426 17.294 
3025 17.817 16.962 16.552 16.246 16.045 
3038 17.225 16.365 15.850 15.652 15.471 
304 18.956 18.124 17.860 17.445 17.489 
305 18.718 18.125 17.550 17.108 17.050 
3055 18.939 19.210 18.473 18.194 17.949 
3056 19.262 18.207 17.746 17.517 17.410 
3073 20.325 19.016 18.873 18.494 18.490 
3076 19.932 18.954 18.398 18.212 17.917 
3082 18.875 17.713 17.149 16.931 16.652 
3085 18.239 17.564 17.099 16.861 16.699 
3087 18.558 17.983 17.621 17.471 17.249 
3092 19.543 18.581 18.186 17.927 17.733 
3107 16.735 16.190 15.830 15.680 15.498 
3118 20.092 18.774 18.523 18.449 18.359 
3119 20.123 18.931 18.626 18.130 18.243 
312 17.818 17.242 16.853 16.661 16.494 
3123 18.949 17.551 17.530 17.699 17.487 
3125 17.357 16.559 16.046 15.751 15.534 
3126 20.188 19.470 19.136 18.961 18.871 
3127 16.515 15.909 15.532 15.346 15.118 
3135 20.454 19.148 18.619 18.303 18.149 
3138 19.591 18.596 18.065 17.796 17.606 
3139 18.246 17.458 17.172 16.938 16.756 
314 17.699 16.978 16.555 16.391 16.164 
3142 20.232 19.113 18.600 18.259 18.102 
3143 20.431 19.087 18.547 18.264 18.035 
3150 17.080 16.218 15.724 15.464 15.242 
3154 20.937 19.569 19.027 18.732 18.560 
3155 16.415 15.778 15.415 15.214 15.007 
3158 20.685 19.262 18.606 18.322 18.106 
316 20.125 19.067 18.624 18.331 18.219 
3167 18.186 17.159 16.690 16.386 16.186 
3175 18.420 17.670 17.287 17.045 16.877 
318 20.595 19.615 19.072 18.817 18.733 
319 21.674 20.570 19.845 19.472 19.186 
3199 20.007 18.834 17.839 17.608 17.374 
32 17.966 17.160 16.149 16.479 16.288 
3201 18.355 17.613 17.090 16.961 16.709 
3213 18.033 17.141 16.686 16.471 16.273 
3226 20.676 20.197 34.186 21.711 23.799 
323 21.727 20.793 20.415 20.223 19.963 
3235 19.214 18.602 18.189 17.979 17.789 
3237 18.808 17.927 17.182 17.029 16.887 
3239 19.619 18.545 18.023 17.783 17.615 
324 18.536 17.631 17.232 16.947 16.814 
3255 18.000 17.313 16.895 16.605 16.506 
3258 16.449 15.625 15.616 15.420 14.925 
326 18.486 17.482 16.974 16.651 16.455 
3265 20.987 19.195 18.924 18.681 18.498 
3268 -99 -99 19.968 19.359 19.242 
3289 18.997 18.159 17.709 17.252 17.273 
329 19.323 18.456 18.126 17.915 17.842 
3292 17.526 16.953 16.562 16.344 16.209 
3294 19.145 18.452 18.070 17.838 17.694 
330 17.428 16.644 16.246 15.987 15.767 
3302 19.184 18.128 17.046 16.471 16.700 
3304 19.693 18.926 18.393 18.226 18.090 
331 18.426 17.715 17.376 17.139 16.967 
3318 20.104 19.377 18.994 18.767 18.373 
3319 18.361 17.686 17.306 17.077 16.920 
332 22.344 19.984 19.647 19.650 19.205 
3325 18.503 17.655 17.117 16.911 16.659 
3327 19.084 18.176 17.746 17.471 17.284 
3332 21.161 20.138 20.183 20.018 20.085 
3335 19.336 18.336 17.864 17.641 17.414 
3336 18.560 17.748 17.341 17.107 16.908 
3338 20.556 19.474 19.200 18.981 18.968 
334 19.964 18.246 18.635 18.053 18.187 
3340 19.088 18.207 17.908 17.985 17.905 
3341 21.536 20.730 20.279 20.013 19.852 
3342 19.441 18.535 18.100 17.827 17.651 
3344 17.306 16.599 16.200 16.022 15.794 
335 18.845 17.662 17.192 16.892 16.729 
3363 18.734 21.360 21.341 20.612 21.073 
3365 18.443 17.656 17.243 17.044 16.844 
3367 20.661 19.872 19.576 19.286 19.170 
3375 18.069 17.400 16.916 16.536 16.314 
3386 18.162 17.293 16.911 16.642 16.476 
3397 19.774 18.670 18.195 17.914 17.713 
34 18.524 17.203 17.244 18.261 18.416 
3402 20.646 19.525 19.268 18.903 18.745 
3409 19.915 19.350 19.107 18.933 18.803 
341 19.394 18.525 18.198 17.943 17.862 
3411 20.271 19.021 18.558 18.156 17.995 
342 17.592 16.952 16.632 16.477 16.232 
3427 19.023 17.987 17.465 17.210 16.993 
343 16.541 15.792 15.390 15.193 15.033 
3434 18.322 17.207 16.864 16.873 16.695 
3436 20.347 19.267 18.710 18.400 18.317 
3439 20.488 19.116 18.468 18.181 17.836 
344 18.964 18.337 17.945 17.678 17.473 
3446 20.649 19.703 19.835 19.495 19.367 
3450 17.072 16.251 15.877 15.698 15.540 
3468 20.287 18.896 17.608 17.983 17.704 
3471 17.422 16.744 16.322 16.140 15.962 
3477 20.707 19.355 18.586 18.147 17.999 
3491 20.700 19.578 19.277 18.944 18.832 
3495 17.153 16.173 15.628 15.333 15.062 
35 19.793 18.898 18.033 18.029 17.853 
3509 20.645 19.991 19.603 19.351 19.326 
351 20.197 20.010 19.464 19.360 19.122 
3510 19.777 19.066 18.802 18.647 18.575 
3511 19.824 18.779 18.192 18.031 17.785 
3519 20.702 19.366 19.129 18.890 18.654 
354 18.738 17.830 17.425 17.213 16.969 
3545 20.096 18.975 18.424 18.170 17.907 
3554 -99 -99 17.373 17.173 16.945 
3564 18.103 17.298 16.869 16.620 16.465 
3568 -99 -99 18.688 18.472 18.262 
3579 19.885 18.779 18.256 18.022 17.814 
358 18.184 17.426 17.016 16.782 16.557 
3587 18.491 17.463 17.213 16.852 16.705 
359 16.636 18.944 17.568 16.888 17.713 
3595 18.528 17.686 17.286 17.036 16.853 
3598 20.579 19.850 19.561 19.314 19.244 
3603 17.692 17.008 16.584 16.433 16.266 
3607 18.820 17.961 17.603 17.354 17.165 
3619 19.414 18.624 18.231 18.108 17.993 
3620 15.968 15.348 14.942 14.752 14.521 
3635 20.174 19.105 18.757 18.344 18.309 
3641 16.814 16.077 15.642 15.418 15.182 
3679 19.145 18.229 17.835 17.540 17.361 
369 17.831 17.107 16.761 16.500 16.306 
3693 21.334 20.186 19.786 19.476 19.420 
3694 23.171 21.385 20.762 20.415 22.275 
3699 17.968 17.032 16.515 16.268 15.963 
37 20.820 20.900 20.538 20.123 20.052 
3703 21.810 21.228 20.905 20.509 20.378 
3705 19.425 18.539 18.077 17.788 17.591 
3706 -99 -99 18.744 18.452 18.295 
371 21.694 20.818 21.123 20.837 21.363 
372 17.848 17.233 16.874 16.706 16.552 
3724 20.068 19.019 18.551 18.214 18.090 
3735 19.464 18.692 18.312 18.080 17.948 
3736 19.257 18.398 17.932 17.687 17.499 
3739 17.662 16.900 16.493 16.246 16.065 
3741 21.296 19.971 19.516 19.194 18.869 
3744 18.558 17.590 17.085 16.840 16.678 
3746 19.624 19.825 19.211 18.783 18.748 
3749 20.864 19.502 19.051 18.546 18.420 
3752 18.835 18.373 17.666 18.487 18.201 
3755 18.964 18.032 17.582 17.267 17.174 
3759 18.062 17.203 16.697 16.442 16.237 
3765 16.045 15.402 14.983 14.766 14.550 
3772 19.111 18.300 17.913 17.646 17.482 
3776 18.526 17.748 17.350 17.155 16.996 
3780 18.523 17.797 17.279 17.073 16.863 
3782 18.213 17.415 16.991 16.733 16.538 
3785 19.783 19.139 18.239 17.249 18.823 
3788 31.882 30.429 nan -99 -99 
3797 18.023 17.042 16.623 16.430 16.204 
380 20.173 19.068 18.474 18.068 17.935 
3801 20.668 20.934 20.707 20.093 20.404 
3802 19.601 18.895 18.630 18.330 18.217 
3806 19.874 18.304 18.266 17.971 17.922 
381 19.504 18.680 18.288 18.058 17.901 
3816 18.026 17.328 16.956 16.711 16.516 
382 20.478 20.310 21.122 20.298 20.912 
3826 15.127 14.542 14.138 13.847 13.618 
3834 19.555 18.797 18.388 18.169 18.011 
3838 18.086 17.189 17.441 17.294 17.921 
3848 20.068 19.129 18.794 18.511 18.398 
3857 18.073 17.359 16.851 16.746 16.531 
386 16.385 15.863 15.403 15.307 15.095 
3867 20.383 18.974 18.356 18.155 18.016 
3872 19.295 18.124 17.947 17.502 16.771 
3876 -99 -99 18.378 17.989 17.824 
3882 19.708 18.671 18.188 17.953 17.771 
3899 18.592 17.803 17.509 17.325 17.199 
39 19.346 18.331 17.853 17.572 17.365 
390 16.936 16.129 15.685 15.459 15.293 
3900 19.424 18.372 17.900 17.622 17.441 
3909 19.443 18.650 18.273 18.022 17.860 
393 19.192 18.749 18.527 18.497 18.122 
394 16.306 15.599 15.204 14.970 14.747 
396 20.462 19.210 18.765 18.476 18.227 
3961 18.668 17.864 17.445 17.209 17.045 
3970 18.710 17.832 17.401 17.148 16.963 
3973 17.858 17.246 16.899 16.714 16.563 
3976 17.542 16.697 16.196 15.972 15.832 
398 21.418 20.291 19.471 19.424 19.195 
3980 20.273 19.146 18.500 18.376 18.185 
3981 20.253 19.018 18.435 18.180 18.078 
3986 23.533 22.506 22.885 20.953 22.833 
4 19.966 19.089 18.595 18.369 18.151 
4000 20.547 19.903 19.316 18.832 18.513 
4002 19.195 18.408 17.954 17.747 17.588 
401 17.892 17.055 16.655 16.395 16.188 
4015 17.546 17.222 17.105 16.539 16.249 
4021 17.887 17.134 16.747 16.497 16.373 
4023 19.797 19.104 18.705 18.483 18.346 
4038 21.078 19.355 19.041 18.551 18.138 
4046 19.905 18.955 18.490 18.248 18.032 
406 21.088 19.614 19.186 18.916 18.658 
4066 21.591 19.278 18.669 17.500 16.871 
4072 20.950 18.369 17.868 18.941 18.804 
4073 20.580 19.953 17.780 19.496 18.796 
4074 19.869 19.030 18.388 18.352 18.200 
4075 -99 -99 18.814 18.994 18.902 
4080 21.035 20.145 19.649 19.564 19.359 
4082 17.093 16.287 16.202 15.795 15.835 
4085 20.949 19.658 19.077 18.804 18.696 
409 21.278 19.487 19.243 18.949 18.886 
4092 18.226 17.239 16.485 16.471 16.406 
4098 19.547 18.614 18.139 17.856 17.723 
4102 19.260 18.291 17.938 17.647 17.564 
4104 15.832 14.928 14.439 14.162 13.915 
4110 17.714 17.004 16.824 16.252 16.303 
4113 19.342 18.259 17.745 17.484 17.297 
4122 20.557 19.042 18.395 18.211 17.895 
4128 18.764 17.935 17.493 17.364 17.115 
4132 20.721 19.086 18.570 18.281 18.035 
4134 19.713 18.929 18.507 18.305 18.109 
4141 20.038 18.928 18.507 18.177 18.024 
415 18.905 17.944 17.498 17.235 17.113 
4151 21.384 19.911 19.349 19.147 18.695 
4152 20.388 19.482 18.947 18.746 18.375 
4153 19.798 18.582 18.012 17.709 17.517 
4154 18.361 17.518 17.128 16.898 16.685 
4158 17.943 17.225 16.826 16.591 16.394 
416 19.509 18.541 18.051 17.818 17.505 
4161 19.326 18.502 18.072 17.896 17.669 
4166 20.124 19.096 18.626 18.283 18.133 
417 19.426 18.488 18.055 17.803 17.671 
4172 17.634 16.717 16.152 15.912 15.729 
4175 18.562 17.517 17.035 16.740 16.583 
4188 19.806 18.873 18.367 18.275 17.953 
4189 19.191 18.504 18.128 17.950 17.762 
4193 18.636 17.881 17.437 17.204 16.994 
4195 19.668 18.917 18.426 18.186 18.055 
42 19.894 18.789 18.152 17.852 17.736 
421 19.181 18.387 17.974 17.750 17.611 
4215 18.090 17.287 16.867 16.622 16.393 
4219 20.241 18.514 17.651 18.784 18.302 
423 19.035 17.241 17.119 17.435 17.246 
4231 19.489 18.587 18.096 17.875 17.590 
4234 18.405 17.778 17.482 17.299 17.159 
425 20.006 19.289 18.608 18.388 18.237 
4262 17.114 16.370 15.923 15.731 15.520 
4278 19.640 18.661 18.137 17.938 17.765 
428 19.229 18.637 17.933 17.604 17.524 
4282 17.279 16.555 16.190 15.965 15.745 
4283 20.027 18.837 18.320 18.054 17.911 
4286 17.134 16.353 15.812 15.662 15.481 
4289 16.537 15.883 15.509 15.349 15.118 
429 20.521 20.023 19.285 19.271 19.285 
4307 18.451 17.797 17.368 17.221 16.866 
4310 19.748 19.247 19.180 18.735 18.947 
4312 20.793 19.227 18.680 18.403 18.192 
4315 17.690 17.092 16.594 16.551 16.330 
4317 21.021 19.478 19.325 19.000 18.420 
432 17.749 17.291 16.880 16.628 16.425 
4326 18.670 17.683 17.188 17.034 16.728 
433 18.837 18.047 17.643 17.485 17.338 
4330 18.487 17.760 17.363 17.167 16.907 
4337 17.732 17.075 16.659 16.453 16.292 
4348 20.025 19.364 19.172 18.807 18.723 
435 19.357 18.508 18.163 17.767 17.817 
4358 18.505 17.744 17.314 17.105 16.928 
4359 17.793 16.957 16.471 16.188 16.038 
4361 20.657 21.025 20.072 17.807 20.260 
4371 20.679 19.555 19.041 18.709 18.664 
4389 18.320 17.748 17.379 17.259 17.085 
4395 21.360 20.182 19.730 19.469 18.980 
4399 18.645 17.368 17.096 16.826 16.646 
440 20.415 19.896 19.507 19.112 19.200 
4404 18.309 17.344 16.879 16.603 16.397 
4411 21.384 18.870 19.134 19.055 18.521 
4418 -99 -99 19.975 19.396 19.617 
4430 20.582 17.788 17.876 18.764 18.644 
4432 19.673 18.515 18.036 17.752 17.509 
4435 20.694 19.713 19.129 18.874 18.692 
4437 20.284 18.819 18.309 18.034 17.764 
4439 18.167 17.385 16.957 16.711 16.534 
445 18.241 17.522 17.179 19.201 21.663 
4452 19.509 18.164 17.636 17.455 17.114 
4469 18.924 18.033 17.568 17.368 17.173 
447 17.850 17.063 16.676 16.430 16.340 
4476 19.397 18.424 18.202 18.021 17.786 
448 19.930 18.924 18.426 18.151 17.971 
4482 19.711 18.961 18.598 18.362 18.059 
4485 17.370 16.560 16.165 15.923 15.684 
4487 19.721 19.149 18.753 18.371 18.899 
449 17.758 17.138 16.753 16.531 16.324 
450 17.640 16.989 16.610 16.359 16.217 
4506 16.729 16.091 15.694 15.508 15.309 
4523 15.346 14.526 14.132 13.870 13.602 
4539 17.651 17.012 16.498 16.430 16.127 
4560 18.384 17.419 16.910 16.531 16.450 
4567 21.534 20.851 20.505 19.754 18.618 
457 18.774 18.081 17.715 17.500 17.389 
4575 17.751 16.799 16.262 15.931 15.692 
4590 18.682 17.752 17.314 17.053 16.906 
4600 17.711 16.957 16.468 16.264 16.013 
4603 21.754 20.989 17.935 17.440 19.870 
4605 20.863 19.586 19.157 18.921 18.650 
4609 21.029 20.079 19.595 19.216 19.066 
461 18.906 17.787 17.192 16.901 16.665 
4610 18.448 17.651 17.231 16.907 16.860 
462 20.600 19.470 19.089 18.751 18.566 
4632 19.687 19.191 18.824 18.729 18.564 
4639 20.488 19.074 18.692 18.465 17.997 
4649 20.829 19.714 19.403 19.191 18.555 
4654 18.882 17.776 17.415 17.197 -99 
467 17.634 16.916 16.555 16.295 16.152 
4673 20.504 19.429 18.738 19.247 18.724 
4675 20.482 19.406 18.693 18.948 17.722 
468 18.706 17.919 17.404 17.373 17.205 
4684 18.141 17.471 17.048 16.864 16.741 
469 20.116 18.815 18.299 17.866 17.811 
4692 17.027 16.386 15.689 15.842 15.653 
4702 18.261 17.508 17.119 16.919 16.752 
4714 20.623 19.239 17.909 18.433 18.122 
4719 19.628 18.508 17.994 17.721 17.560 
473 19.406 18.683 18.205 17.841 17.828 
4733 20.540 19.673 19.227 18.893 18.749 
4739 18.628 17.735 17.343 17.092 16.973 
4742 19.585 18.405 17.916 17.588 17.463 
4744 20.664 19.762 19.328 19.061 18.898 
4746 20.176 18.992 18.269 18.095 17.812 
4747 19.560 18.420 17.894 17.682 17.568 
4749 17.809 17.217 16.740 16.637 16.497 
475 19.782 18.750 18.355 17.984 17.951 
4752 19.809 18.690 18.151 17.894 17.625 
4754 19.033 18.550 18.216 18.079 17.900 
4756 17.756 17.029 16.577 16.341 16.242 
4762 18.298 17.603 17.263 17.120 16.934 
4766 19.547 18.563 18.112 17.863 17.689 
4767 20.109 19.003 18.632 18.423 18.194 
4772 17.294 16.486 16.068 15.851 15.661 
4776 18.411 17.509 17.069 16.777 16.578 
4778 17.910 17.229 16.824 16.640 16.430 
478 19.615 18.401 17.862 17.604 17.432 
4789 16.413 15.907 15.556 15.400 15.162 
479 20.475 19.646 19.050 18.815 18.764 
4808 20.307 18.971 18.557 18.270 17.907 
4812 19.117 18.630 18.220 18.066 17.599 
482 19.419 18.771 18.443 18.218 18.071 
4820 17.586 16.886 16.470 16.276 16.089 
4832 18.467 17.707 17.241 17.029 16.849 
4833 16.093 15.299 14.865 14.621 14.392 
4834 20.043 19.055 18.598 18.256 18.120 
4835 17.894 17.100 16.673 16.488 16.228 
4838 20.227 19.079 18.561 18.305 18.124 
4841 17.855 16.976 16.496 16.216 16.102 
485 20.467 19.481 18.999 18.675 18.531 
4853 20.119 18.930 18.390 18.062 17.899 
4857 18.549 17.725 17.247 17.039 16.911 
4858 18.738 18.080 17.655 17.447 17.281 
4868 16.383 15.567 15.128 14.867 14.654 
487 18.662 17.534 17.478 17.235 17.118 
4875 17.058 16.533 16.195 16.043 15.850 
488 20.506 20.069 19.436 19.143 18.988 
489 19.861 18.882 18.408 18.123 18.021 
4897 18.152 17.472 17.035 16.816 16.653 
49 18.859 18.358 18.022 17.634 17.597 
4917 17.832 17.195 16.789 16.575 16.397 
492 19.279 18.456 18.129 17.938 17.753 
4927 18.621 17.722 17.264 17.022 16.850 
4929 20.100 19.326 18.863 18.658 18.508 
4945 20.089 18.970 18.512 18.298 18.074 
495 19.797 19.215 18.805 18.571 18.343 
4955 18.923 18.306 17.881 17.785 17.684 
4961 20.609 19.518 19.077 18.810 18.577 
4968 17.868 17.268 17.054 16.896 16.703 
497 17.778 17.929 17.634 17.500 17.379 
4985 18.630 17.890 17.500 17.340 17.186 
4987 20.551 19.597 18.822 18.567 18.248 
499 18.936 18.370 18.034 17.801 17.683 
4997 19.776 18.995 18.584 18.413 18.281 
5 20.533 19.772 19.054 19.098 18.850 
50 18.269 17.386 16.854 16.638 16.433 
500 20.094 20.306 19.631 19.331 19.122 
5027 17.312 16.525 16.082 15.851 15.633 
503 19.262 18.511 18.279 18.028 17.876 
5035 20.148 18.246 18.164 17.990 17.778 
505 17.016 16.368 15.949 15.741 15.565 
5054 20.033 19.065 18.562 18.353 18.167 
506 23.692 23.634 22.572 21.183 21.144 
5066 19.582 18.570 18.045 17.730 17.637 
507 18.143 17.599 17.161 16.885 16.802 
5075 20.556 19.791 19.481 19.135 19.148 
508 19.429 18.860 18.667 18.263 18.108 
509 19.918 18.768 18.272 18.020 17.788 
5101 18.233 17.281 16.772 16.519 16.371 
5103 18.489 17.803 17.261 17.192 16.995 
511 17.100 16.349 15.909 15.661 15.505 
512 17.306 16.759 16.417 16.212 16.076 
5127 17.989 17.322 17.008 16.820 16.691 
5131 19.518 18.651 18.283 18.122 17.959 
5148 18.755 17.805 17.389 17.154 17.025 
515 19.418 18.547 18.151 17.850 17.710 
5162 20.420 19.529 19.158 18.942 18.726 
5165 19.983 18.955 18.069 18.037 18.009 
517 15.272 14.480 14.287 13.828 13.561 
5186 16.170 15.320 14.865 14.576 14.357 
519 20.931 20.038 19.583 19.289 19.191 
5196 18.963 18.212 17.848 17.599 17.287 
5201 20.168 19.448 18.953 18.664 18.461 
5211 19.246 18.663 18.206 18.003 17.889 
5214 19.300 18.277 17.644 17.563 17.297 
5217 16.502 15.964 15.644 15.483 15.337 
522 20.450 19.509 18.978 18.807 18.649 
5220 21.284 20.824 20.133 19.852 19.544 
5221 18.939 18.012 17.535 17.291 17.154 
523 20.147 19.012 18.580 18.259 18.140 
5238 19.953 19.169 18.704 18.496 18.140 
5240 20.459 19.471 18.996 18.727 18.555 
5242 16.343 15.634 15.255 15.074 14.948 
5243 19.159 18.374 17.979 17.707 17.544 
5249 20.276 19.165 18.741 18.481 18.337 
5252 18.620 17.807 17.348 17.146 17.027 
5254 20.908 20.004 19.579 19.248 19.309 
5257 21.223 20.826 21.003 20.067 19.959 
5271 18.248 17.247 16.725 16.410 16.198 
5275 18.334 17.377 16.826 16.633 16.462 
5280 20.705 19.306 18.782 18.495 18.285 
5298 19.716 18.624 18.125 17.838 17.690 
5306 17.601 16.845 16.339 16.141 16.006 
5309 18.847 17.906 17.398 17.117 16.971 
5320 16.663 16.299 15.847 15.411 15.367 
5323 17.836 17.244 16.796 16.604 16.371 
5328 -99 -99 -99 -99 -99 
5343 20.736 19.514 19.423 18.534 18.974 
5345 16.943 16.185 15.742 15.516 15.338 
5352 18.229 17.464 17.056 16.840 16.772 
5355 20.750 19.497 18.913 18.601 18.354 
5365 18.593 17.733 17.291 17.000 16.891 
5374 20.080 18.728 18.130 17.754 17.568 
5375 20.793 19.810 19.509 18.358 19.077 
5377 20.517 19.740 19.121 18.784 18.544 
5378 17.890 17.235 16.879 16.686 16.568 
5393 17.888 17.113 16.700 16.473 16.320 
5397 17.701 16.824 16.383 16.114 15.998 
5406 20.480 19.032 18.547 18.280 18.055 
5416 20.929 20.025 19.600 19.275 19.323 
5426 18.434 17.892 17.505 17.341 17.163 
5428 20.466 19.484 18.822 18.645 18.576 
5429 16.787 16.171 15.780 15.325 15.270 
5430 18.744 18.049 -99 -99 -99 
5431 20.698 19.480 18.911 18.624 18.452 
5434 20.184 19.132 19.202 18.838 18.672 
5436 19.439 18.716 18.250 17.706 17.731 
5438 18.267 17.610 17.273 17.041 16.895 
5450 18.712 18.346 17.384 17.623 17.107 
5451 20.380 18.913 18.488 18.070 17.983 
5452 18.640 17.756 17.362 17.117 17.035 
5470 17.785 17.192 16.862 16.655 16.485 
5478 -99 -99 16.703 16.468 16.335 
5479 20.641 19.396 18.820 18.595 18.366 
5486 18.694 17.713 17.305 17.078 17.080 
5497 18.492 17.881 17.527 17.390 17.237 
55 19.630 18.652 18.134 17.867 17.688 
5500 23.174 21.993 20.493 21.333 20.397 
5511 18.735 17.737 17.202 16.911 16.775 
5518 20.435 19.541 19.249 18.874 18.963 
5538 20.941 20.730 20.188 19.888 19.794 
5539 16.745 16.174 15.808 15.635 15.407 
5541 18.592 19.494 19.247 18.802 19.355 
5542 17.801 17.209 16.866 16.685 16.473 
5548 20.512 19.287 18.690 18.507 18.326 
5550 21.109 19.884 19.479 19.128 19.002 
5557 20.548 19.646 19.216 18.929 18.754 
5558 18.324 17.455 16.976 16.740 16.582 
5571 19.002 18.359 17.899 17.667 17.455 
5575 19.749 18.840 18.356 18.133 17.904 
5579 20.065 19.075 18.449 18.244 17.939 
5587 17.780 17.157 16.824 16.636 16.499 
5589 16.512 15.735 15.192 14.864 14.597 
5590 17.538 17.080 16.801 16.783 16.776 
5598 18.009 17.225 16.859 16.619 16.479 
5603 18.641 17.876 17.627 17.390 17.307 
5605 18.012 17.326 16.947 16.787 16.552 
5606 19.204 18.581 18.121 17.908 17.740 
5631 19.133 18.485 17.976 17.817 17.593 
5640 19.941 18.878 18.360 18.096 17.890 
5665 18.061 17.524 17.220 17.043 16.915 
5668 19.863 19.090 18.903 18.590 18.356 
5677 20.075 19.368 18.908 18.712 18.425 
5697 21.019 19.900 19.387 19.120 18.528 
5716 18.013 17.727 inf 17.155 17.005 
5719 19.913 18.900 18.442 18.167 18.029 
5723 19.230 18.885 18.514 18.354 18.206 
5732 18.231 17.416 17.031 16.856 16.794 
5738 18.244 17.504 17.114 16.905 16.797 
5742 17.968 17.113 16.621 16.331 16.051 
5744 17.396 16.524 16.032 15.782 15.496 
5747 19.074 18.033 17.522 17.246 17.069 
5754 18.788 17.736 17.246 16.972 16.783 
5762 21.144 19.610 19.205 18.896 18.773 
5767 18.711 18.099 16.572 17.519 17.348 
5785 18.791 17.819 16.580 17.032 16.815 
5786 19.884 18.755 18.314 18.088 17.800 
5790 15.358 14.671 14.411 14.160 13.980 
5791 16.551 15.928 15.524 15.406 15.206 
5798 20.143 19.132 18.621 18.405 18.100 
5801 21.087 19.933 19.424 19.118 18.974 
5802 19.241 18.100 17.528 17.316 17.082 
5807 18.909 17.788 17.301 17.104 16.926 
5815 16.907 16.153 15.768 15.525 15.356 
5822 18.848 18.296 17.888 17.734 17.596 
5835 21.010 19.815 19.288 19.042 18.817 
5837 19.182 18.341 17.918 17.658 17.542 
5838 19.320 18.193 18.018 17.820 17.673 
5844 19.205 18.875 17.667 18.166 17.862 
5847 18.181 17.451 -99 17.178 -99 
5853 20.942 19.887 18.892 19.730 19.382 
5855 20.181 19.100 18.771 18.438 18.259 
5863 19.489 18.528 18.067 17.814 17.628 
5869 19.877 18.838 18.093 17.809 17.618 
5871 17.005 16.285 15.850 15.631 15.395 
5888 18.355 17.415 15.453 17.012 16.552 
5894 21.107 19.688 19.172 18.782 18.503 
5899 -99 -99 18.221 18.031 17.693 
59 19.007 18.181 17.769 17.449 17.300 
5908 20.513 19.722 19.214 18.898 18.794 
5918 18.037 17.273 16.862 16.650 16.497 
5922 19.492 18.988 18.648 18.512 18.263 
5929 20.287 19.560 19.115 18.896 18.708 
5934 18.549 17.693 17.286 17.064 16.944 
5957 19.661 18.996 18.449 18.575 18.330 
5958 17.425 16.504 16.122 15.932 15.760 
5964 18.450 17.613 17.257 17.030 16.871 
5968 17.724 16.999 16.579 16.363 16.125 
5973 20.024 19.279 18.921 18.663 18.376 
5977 22.610 20.865 20.623 20.303 20.509 
5986 18.080 18.161 17.652 17.415 16.937 
6002 21.812 20.722 20.385 20.059 20.497 
6009 20.149 19.229 18.572 18.296 18.088 
6016 18.108 17.273 16.762 16.540 16.347 
6020 20.024 19.250 18.800 18.533 18.384 
6027 17.204 16.373 -99 -99 -99 
6037 20.283 19.273 18.256 18.647 18.257 
6038 20.834 19.594 19.278 19.025 19.060 
6056 16.744 15.978 15.672 15.425 15.340 
6061 20.306 19.005 18.043 18.495 18.303 
6062 18.450 17.864 17.427 17.214 16.957 
6077 18.359 17.636 17.309 17.138 16.993 
6084 19.217 18.246 17.590 17.747 17.643 
61 17.878 17.207 16.843 16.597 16.446 
6100 21.056 19.820 19.345 19.104 18.886 
6109 18.025 17.198 16.649 16.436 16.259 
6115 18.981 17.476 16.800 16.867 16.710 
6116 17.767 17.182 16.839 16.496 16.516 
6122 19.924 19.157 18.552 18.216 17.952 
6125 20.723 19.778 20.518 20.177 19.225 
6132 17.647 17.248 17.208 17.948 18.076 
6171 19.898 19.045 18.735 18.382 18.132 
6175 -99 -99 19.361 19.151 19.107 
6192 18.901 18.027 16.781 17.579 17.383 
6193 19.960 19.096 18.743 18.478 18.416 
62 16.976 16.355 16.015 15.780 15.591 
6201 20.833 19.506 19.012 18.812 18.624 
6203 20.652 19.455 18.889 18.440 18.600 
6205 19.483 18.913 18.562 18.403 18.235 
6210 20.516 18.984 18.396 18.091 17.931 
6212 17.611 16.971 16.632 16.482 16.291 
6216 19.987 18.995 18.609 18.441 18.349 
6233 16.881 16.348 15.961 15.959 15.724 
6247 20.451 19.331 18.800 18.553 18.263 
6253 20.746 19.848 19.419 19.212 19.047 
6260 18.852 18.376 17.821 17.948 17.842 
6279 18.089 17.385 17.003 16.787 16.638 
6292 19.323 18.436 18.071 17.802 17.545 
6305 18.442 17.557 16.992 16.879 16.748 
6306 -99 -99 18.030 17.797 17.683 
6308 18.154 17.666 16.712 17.169 17.183 
6313 20.085 18.946 18.430 18.182 17.967 
6321 18.989 17.971 17.735 17.747 17.597 
6342 20.796 19.604 19.176 18.807 18.720 
6347 18.934 17.330 17.050 17.180 17.115 
6355 20.215 19.077 18.639 18.279 17.996 
6366 20.274 18.916 18.301 18.022 17.832 
6373 20.225 19.132 18.781 18.610 18.468 
6376 16.999 16.150 15.737 15.520 15.336 
6387 19.473 18.734 18.403 18.171 18.019 
6394 19.537 18.558 18.131 17.881 17.721 
6396 20.816 19.542 19.031 18.854 18.777 
6398 20.419 19.004 18.314 18.291 18.223 
6401 20.073 18.837 18.328 18.061 17.843 
6402 20.163 19.182 18.744 18.537 18.344 
6403 20.623 19.274 19.212 19.039 18.858 
6413 21.020 19.864 19.475 18.996 18.748 
6414 19.776 18.839 18.401 18.165 17.971 
6416 35.743 19.384 18.338 17.603 18.028 
6422 19.394 18.491 18.068 17.858 17.682 
6423 17.396 16.733 16.215 16.190 15.931 
6426 19.037 18.242 17.856 17.669 17.521 
6428 19.974 19.067 18.730 18.435 18.177 
6429 18.056 17.298 16.849 16.562 16.392 
6440 20.274 19.189 18.788 18.618 18.430 
6446 18.955 18.102 17.720 17.472 17.318 
6455 18.856 17.375 17.266 17.909 17.779 
6463 18.448 17.590 17.223 16.969 16.825 
6466 16.666 15.940 15.559 15.329 15.163 
6469 19.130 18.267 17.629 17.595 17.423 
6473 18.201 17.468 17.078 16.871 16.705 
6474 17.079 16.437 16.075 15.882 15.737 
6477 16.751 16.138 15.693 15.555 15.357 
6478 18.045 17.060 16.523 16.211 15.987 
6486 18.178 17.441 17.064 16.820 16.654 
65 17.033 16.411 16.082 15.876 15.680 
6509 19.075 17.899 17.414 17.113 16.994 
6517 20.392 19.391 18.967 18.665 18.418 
6525 19.001 18.065 17.640 17.268 17.106 
6530 18.452 17.645 17.252 16.983 16.830 
6538 17.752 17.017 16.659 16.443 16.237 
6542 18.661 16.703 16.118 17.785 17.764 
6582 19.221 18.281 17.815 17.597 17.425 
6588 19.059 17.897 17.440 17.197 17.022 
6593 19.774 18.984 18.538 18.173 18.194 
6606 18.331 17.417 16.982 16.692 16.573 
6618 20.555 19.368 18.988 18.724 18.563 
6619 19.345 18.288 17.778 17.597 17.513 
6622 -99 -99 19.614 19.357 19.217 
6625 16.272 15.597 15.273 15.087 14.855 
6630 18.360 17.495 17.005 16.758 16.585 
6632 17.289 16.644 16.284 16.110 15.959 
6636 21.301 20.081 19.531 19.285 19.164 
6637 18.447 17.290 16.677 16.933 16.753 
6640 22.125 20.631 19.231 19.080 18.863 
6642 16.755 15.948 15.502 15.257 15.024 
6643 21.686 21.156 20.639 19.837 20.437 
6648 17.743 17.101 16.774 16.550 16.344 
6658 19.824 18.782 18.256 17.980 17.760 
6669 18.952 18.200 17.911 17.725 17.593 
6681 19.582 18.854 18.481 18.281 18.228 
6688 -99 -99 18.871 18.583 18.129 
6691 18.554 17.727 17.177 16.969 16.768 
6694 18.712 17.920 17.567 17.387 17.208 
6698 18.401 17.547 17.062 16.772 16.567 
67 16.689 16.081 15.703 15.489 15.279 
6700 20.477 19.514 18.540 18.908 18.803 
6704 19.258 18.121 17.819 17.766 17.492 
6711 18.536 17.580 17.157 16.883 16.722 
6712 19.132 18.028 17.498 17.233 17.062 
6716 19.520 18.452 18.090 17.937 17.861 
6721 17.054 16.474 16.146 15.952 15.756 
6722 17.766 16.986 16.570 16.382 16.145 
6726 19.473 18.473 18.181 17.863 17.690 
6730 18.715 17.741 17.303 17.023 16.888 
6734 20.904 19.815 19.360 18.981 18.850 
6744 19.948 18.981 18.481 18.320 18.200 
6748 -99 -99 15.481 15.284 15.205 
6758 18.986 18.226 17.764 17.556 17.376 
6761 18.946 17.918 17.008 17.274 17.046 
6766 20.331 19.319 18.918 18.845 18.581 
6788 18.224 17.519 17.144 16.897 16.830 
6797 22.404 20.403 19.674 19.558 19.354 
68 19.770 19.088 18.612 18.371 18.187 
6802 16.748 16.027 15.605 15.397 15.165 
6803 16.805 16.104 15.755 15.536 15.345 
6805 20.390 20.470 19.903 19.498 19.490 
6810 17.479 16.963 16.508 16.435 16.266 
6814 -99 19.023 -99 -99 -99 
6828 18.172 17.270 17.007 17.393 17.028 
6831 18.390 18.345 17.231 17.294 17.471 
6833 29.555 21.682 20.109 19.968 20.591 
6841 16.360 15.526 15.010 14.662 14.503 
6848 19.999 18.746 17.986 17.812 17.638 
6852 19.438 18.837 18.112 17.740 17.636 
6856 16.305 15.688 15.447 15.149 14.844 
6857 18.418 17.787 17.475 17.267 17.184 
6858 20.488 19.252 18.731 18.474 18.249 
6867 16.731 16.051 15.621 15.371 15.166 
6877 19.690 19.130 18.811 18.497 18.455 
6879 17.443 16.882 16.375 16.325 16.137 
6885 20.298 19.071 18.630 18.432 18.209 
6891 20.215 18.779 18.191 17.922 17.712 
69 18.911 18.303 17.959 17.709 17.584 
6903 18.438 17.658 17.208 17.001 16.839 
6932 19.041 18.379 18.128 17.933 18.047 
6957 22.973 20.172 18.809 19.438 19.385 
6960 21.859 20.968 20.493 19.984 19.870 
6974 19.906 18.795 18.315 18.032 17.600 
6999 18.684 17.942 17.544 17.325 17.193 
70 19.462 18.305 17.886 17.593 17.453 
7004 19.664 18.912 18.517 18.284 18.204 
7007 -99 -99 -99 -99 -99 
7023 20.577 18.723 17.728 19.795 21.175 
7036 19.386 18.346 17.592 17.836 17.370 
7039 21.529 20.134 19.783 19.373 19.225 
7043 18.253 17.519 17.122 16.923 16.691 
7047 20.777 19.502 19.021 18.784 18.510 
7054 20.133 19.232 18.793 18.593 18.372 
7065 18.637 17.640 17.455 17.234 17.010 
7076 19.691 18.485 17.931 17.742 17.498 
7079 20.135 19.287 18.400 18.399 18.060 
7081 18.469 17.788 17.430 17.250 17.053 
7088 20.303 19.090 18.679 18.327 18.208 
7094 21.039 19.615 19.386 18.803 18.751 
7096 18.580 17.617 17.194 16.890 16.784 
7111 19.137 18.455 17.972 17.655 17.300 
7116 20.295 19.248 18.764 18.488 18.295 
7122 21.691 20.298 19.701 19.413 19.254 
7149 18.778 17.759 17.229 16.933 16.721 
7150 22.676 21.786 21.339 21.156 20.757 
7158 17.357 16.740 15.987 15.970 15.763 
7160 18.091 17.392 16.974 16.792 16.575 
7167 19.579 18.707 18.302 18.089 17.917 
7169 18.107 17.471 17.116 16.983 16.757 
7172 -99 nan 18.564 18.238 18.205 
7187 17.157 16.462 16.077 15.870 15.647 
7191 16.947 -99 15.633 15.366 15.190 
72 19.065 18.049 17.609 17.344 17.212 
7202 17.513 16.816 16.429 16.219 16.057 
7203 21.406 20.323 19.847 19.577 19.532 
7211 17.113 16.712 16.481 16.223 16.166 
7213 18.276 17.678 17.191 16.993 16.846 
7218 29.882 20.760 19.541 20.215 19.760 
7230 19.952 19.153 18.708 18.353 18.417 
7242 17.636 16.846 16.403 16.151 15.980 
7247 18.786 17.878 17.469 17.176 16.902 
7248 17.494 16.815 16.358 16.228 16.040 
7259 19.162 18.327 17.904 17.692 17.515 
7263 20.956 19.785 19.404 19.095 18.853 
7269 20.838 19.743 18.561 19.551 19.754 
7276 20.274 19.256 18.753 18.591 18.290 
7279 20.477 19.655 19.365 19.106 19.123 
7281 16.816 16.174 15.788 15.625 15.143 
7294 19.372 18.546 18.216 17.938 17.853 
7299 18.097 17.068 16.499 16.352 16.105 
73 19.200 18.085 17.789 17.423 17.299 
7301 20.544 19.159 18.574 18.282 17.916 
7302 17.458 17.038 16.909 17.336 16.200 
7303 18.637 17.927 17.508 17.273 17.154 
7309 19.775 18.927 18.535 18.345 18.207 
7314 20.241 19.332 18.962 18.727 18.494 
7318 17.223 16.500 -99 -99 -99 
7323 19.918 19.050 18.541 18.278 18.118 
7326 20.871 19.506 18.961 18.726 18.619 
7327 17.449 16.787 16.391 16.186 16.002 
7332 17.724 17.345 17.035 16.953 16.767 
7335 17.900 17.365 16.902 16.754 16.627 
7340 20.607 19.784 19.061 18.737 18.382 
7341 20.852 19.804 19.394 19.068 19.083 
7345 21.244 19.997 19.471 19.158 18.997 
7356 21.168 20.489 20.358 19.985 20.304 
7362 17.922 17.000 16.399 16.110 15.899 
7384 21.196 20.115 19.642 19.378 19.404 
7386 15.392 14.895 14.591 14.197 14.021 
7406 20.553 19.443 18.994 18.683 18.457 
7410 18.664 17.832 17.461 17.202 17.037 
7422 20.789 19.522 18.969 18.707 18.707 
7423 16.610 16.111 15.716 15.572 15.463 
7441 17.595 17.002 16.636 16.474 16.282 
7451 18.863 17.916 17.459 17.355 17.263 
7473 20.971 19.618 19.191 18.909 18.783 
7475 18.009 17.342 16.874 16.722 16.581 
7478 17.848 17.084 16.629 16.393 16.278 
7481 18.565 17.425 16.859 16.462 16.645 
7488 21.367 20.459 20.337 19.830 19.672 
7497 20.523 19.214 18.558 18.249 18.186 
7498 20.205 18.772 18.285 18.041 17.852 
75 19.910 19.113 18.752 18.533 18.424 
7509 -99 -99 18.403 18.015 17.909 
7515 16.762 16.023 15.604 15.402 15.231 
7530 21.341 19.986 20.293 20.137 20.073 
7531 21.607 20.583 19.984 20.129 19.885 
7539 17.455 16.775 16.372 16.161 16.001 
7546 17.762 17.085 16.746 16.365 16.504 
7547 17.247 16.609 16.184 16.016 15.800 
7551 19.559 18.649 18.188 17.966 17.782 
7558 19.608 18.811 18.519 18.327 18.123 
7564 19.263 18.326 17.914 17.704 17.543 
7572 19.896 19.137 18.435 18.321 18.040 
7586 21.538 20.588 20.195 20.035 19.874 
7611 19.499 18.302 18.519 17.576 17.852 
7625 19.129 18.050 17.951 17.523 17.645 
7630 19.264 18.112 17.614 17.377 17.187 
7636 20.426 19.379 18.776 18.511 18.368 
7642 20.592 19.594 19.056 18.749 18.519 
7650 18.542 17.650 17.263 17.137 16.988 
7653 21.371 19.884 20.351 20.005 20.082 
7655 16.666 16.142 15.820 15.694 15.494 
7674 19.492 18.703 18.335 18.164 17.995 
7682 18.687 17.798 17.300 17.072 16.930 
7689 18.349 17.539 17.116 16.785 16.652 
7694 16.759 15.961 15.482 15.224 15.012 
7707 19.830 18.715 18.178 17.925 17.714 
7717 19.490 18.617 -99 -99 -99 
7723 17.767 17.044 16.626 16.415 16.272 
7757 20.590 19.772 20.037 19.970 18.967 
7761 18.321 17.597 17.177 16.961 16.795 
7762 19.492 18.825 18.501 18.294 18.144 
7766 17.986 17.349 16.911 16.735 16.532 
7783 19.898 18.861 18.375 18.141 18.044 
78 -99 -99 -99 -99 -99 
7802 18.506 17.836 17.476 17.347 17.146 
7808 16.513 16.074 15.773 15.634 15.470 
7813 17.955 17.427 17.118 16.986 16.831 
7836 18.382 17.678 17.313 17.107 16.952 
7850 19.824 18.799 18.421 18.076 17.891 
7851 19.743 18.613 18.256 18.080 17.909 
7855 18.896 17.864 17.392 17.150 16.946 
7858 18.519 17.690 17.232 16.973 16.795 
7861 18.232 17.753 17.430 17.287 17.120 
7863 19.564 18.524 18.084 17.805 17.631 
7864 17.670 16.933 16.568 16.336 16.170 
7865 18.617 17.644 17.262 17.008 16.920 
7866 18.161 17.025 16.239 16.248 16.046 
7867 18.276 17.499 17.009 16.811 16.643 
7872 18.052 17.347 16.976 16.829 16.683 
7880 20.540 19.596 19.069 18.778 18.553 
7882 18.299 17.444 17.058 16.811 16.656 
7886 18.535 17.824 17.456 17.283 17.136 
7887 20.403 19.150 18.578 18.346 18.142 
7890 17.319 16.453 16.174 15.860 15.784 
7892 19.168 18.273 17.817 17.643 17.496 
7897 19.658 18.543 18.251 17.869 17.779 
7901 17.983 17.369 -99 -99 -99 
7902 19.191 18.276 17.885 17.584 17.306 
7912 17.616 16.965 16.619 16.398 16.236 
7914 18.042 17.236 16.769 16.491 16.294 
7921 19.749 18.711 18.262 17.917 17.816 
7925 17.708 16.989 16.560 16.366 16.174 
7927 20.082 19.211 18.727 18.557 18.322 
7934 19.729 18.924 18.333 18.162 17.999 
7941 17.015 16.326 15.948 15.761 15.622 
7942 20.336 18.503 17.890 17.576 17.610 
7947 17.114 16.420 16.075 15.781 15.594 
7949 18.142 17.508 17.106 16.894 16.734 
7950 18.704 17.755 -99 18.791 22.468 
7955 16.523 16.182 16.072 15.579 15.625 
7960 19.895 18.568 18.314 17.853 17.674 
7962 18.782 17.967 17.553 17.355 17.215 
7966 20.730 19.289 18.870 18.615 18.497 
7984 20.647 19.166 18.610 18.335 18.146 
7988 17.982 17.162 16.710 16.458 16.269 
7993 20.562 19.574 19.181 18.921 18.786 
8 20.033 18.764 18.279 17.969 17.807 
8006 20.865 19.891 19.738 19.352 19.323 
8010 18.546 17.879 17.463 17.244 17.112 
8013 22.061 21.521 21.672 20.438 19.875 
8015 16.268 15.609 15.204 15.001 14.806 
8017 18.929 18.177 17.256 17.464 17.409 
8023 17.880 17.220 16.740 16.599 16.455 
8026 17.665 16.916 16.478 16.160 16.080 
8035 -99 -99 19.010 18.673 18.561 
8039 18.183 17.376 16.916 16.696 16.530 
8044 19.197 18.133 17.275 17.411 17.217 
8047 17.452 16.769 16.388 16.118 15.946 
8051 -99 -99 17.037 16.860 16.777 
8055 18.316 17.938 17.512 17.408 17.267 
8056 16.928 16.399 16.081 15.881 15.691 
8062 17.459 16.831 16.527 16.304 16.173 
8065 19.791 18.671 18.260 17.983 17.857 
8066 18.258 17.474 -99 -99 -99 
8075 19.719 18.607 18.509 18.301 18.158 
8076 -99 -99 17.184 16.916 16.814 
8078 20.877 19.667 19.127 18.859 18.228 
8087 18.109 17.463 16.750 16.960 16.853 
8095 18.978 18.135 17.616 17.334 17.163 
8096 18.975 18.228 17.879 17.670 17.571 
8097 20.777 19.410 19.291 19.006 18.668 
81 21.304 19.781 19.980 19.671 19.196 
8115 19.281 18.456 18.074 17.800 17.631 
8134 20.248 19.074 18.602 18.347 18.177 
8141 19.709 18.536 18.129 17.832 17.656 
8153 17.114 17.109 18.221 16.797 16.268 
8175 20.410 19.695 19.433 18.995 18.576 
8190 19.384 18.413 17.922 17.695 17.504 
8192 16.674 15.987 15.522 15.300 15.073 
8212 19.627 19.176 18.946 18.845 18.831 
8219 19.732 18.756 18.540 18.244 18.215 
8225 19.499 18.691 18.328 17.994 17.944 
8241 18.625 17.830 17.477 17.174 16.935 
8246 18.941 18.056 17.603 17.356 17.188 
8247 18.643 17.854 17.440 17.211 17.069 
8252 20.191 19.287 19.422 19.028 18.969 
8254 18.455 17.372 16.785 16.650 16.492 
8255 18.899 17.978 17.527 17.240 17.062 
8260 18.871 18.102 17.726 17.542 17.443 
8265 17.259 16.617 16.245 16.066 15.873 
8283 20.489 19.400 19.008 18.743 18.428 
8293 21.438 20.518 20.265 20.098 20.030 
83 18.593 18.342 18.185 18.077 17.908 
8306 18.735 18.216 17.617 17.556 17.350 
8311 19.719 18.799 18.326 17.995 17.902 
8316 17.653 17.103 16.803 16.655 16.535 
8321 18.563 18.148 17.771 17.753 17.620 
8325 18.826 18.184 17.893 17.680 17.612 
8330 19.956 19.032 18.670 18.335 18.191 
8331 19.237 18.263 17.947 17.636 17.545 
8333 20.890 20.016 19.665 19.421 19.307 
8338 19.435 18.417 17.938 17.622 17.462 
8339 17.814 17.145 16.792 16.619 16.424 
8343 18.694 17.627 17.089 16.802 16.611 
8347 18.800 18.213 17.787 17.603 17.454 
8353 19.460 17.552 16.483 17.745 17.603 
8358 18.706 18.072 17.751 17.556 17.414 
8365 18.999 17.946 17.404 17.144 16.953 
8370 17.869 17.268 16.967 16.792 16.641 
8379 19.056 18.219 17.789 17.551 17.393 
8398 18.608 17.748 17.304 17.036 16.876 
8405 19.791 18.695 18.384 18.198 17.973 
8414 18.275 17.480 17.055 16.794 16.639 
8415 19.709 18.944 18.764 18.609 18.348 
8422 19.954 19.284 18.623 18.299 18.042 
8429 -99 18.198 17.632 17.456 17.223 
8432 19.346 18.530 18.025 17.790 17.657 
8436 20.187 19.699 19.240 18.890 18.726 
8444 18.425 17.021 16.712 16.658 16.557 
8446 20.365 19.459 18.956 18.705 18.577 
8457 -99 -99 -99 -99 -99 
8465 19.725 17.949 17.573 17.960 17.203 
8468 17.171 16.430 15.964 15.751 15.625 
8473 18.810 17.787 16.788 17.787 17.698 
8479 16.806 16.230 15.915 15.746 15.588 
8482 20.810 19.465 19.016 18.770 18.551 
8484 18.439 17.446 16.947 16.845 16.671 
8486 18.655 17.846 17.477 17.293 17.208 
8496 18.974 18.374 18.016 17.826 17.838 
85 19.668 18.946 18.657 18.471 18.477 
8501 20.624 19.276 18.570 18.393 18.125 
8505 23.083 21.627 20.770 20.757 21.359 
8509 20.031 20.312 18.804 18.626 18.515 
8512 18.532 17.641 17.210 16.938 16.757 
8517 19.637 19.284 19.078 18.840 18.778 
8520 19.555 18.978 18.409 18.307 18.181 
8526 19.617 18.749 18.324 18.102 17.973 
8542 18.975 18.479 18.128 17.934 17.774 
8544 17.880 17.087 16.649 16.403 16.193 
8545 18.275 17.653 17.264 17.058 16.892 
8548 18.375 17.519 17.214 17.007 16.866 
8549 17.872 17.282 16.916 16.732 16.440 
8556 16.902 16.139 15.725 15.595 15.362 
8561 19.221 18.463 18.081 17.901 17.751 
8581 19.048 18.096 17.549 17.227 17.142 
8584 17.663 16.914 16.492 16.244 16.126 
8587 18.330 17.423 17.011 16.797 16.659 
8590 19.532 18.163 17.721 17.674 17.500 
8599 17.234 16.451 -99 15.340 -99 
86 18.284 17.542 17.153 16.929 16.775 
8600 16.176 15.413 15.017 14.779 14.577 
8605 17.904 17.139 16.776 16.588 16.375 
8613 -99 -99 17.146 16.909 16.679 
8621 19.345 18.542 17.990 17.733 17.484 
8627 17.839 17.170 16.795 16.565 16.437 
8635 17.209 18.028 17.974 17.788 18.172 
8638 19.340 18.343 17.839 17.601 17.454 
8640 18.465 17.861 17.526 17.335 17.236 
8656 -99 19.050 19.698 19.235 19.496 
8677 17.618 16.816 16.405 16.153 15.949 
8685 18.310 17.313 16.894 16.550 16.563 
8691 17.969 17.288 16.924 16.722 16.578 
8695 -99 -99 17.485 17.180 17.039 
8696 17.923 17.241 16.824 16.614 16.420 
8697 18.359 17.499 17.123 16.852 16.722 
8698 18.419 17.630 17.206 16.946 16.773 
87 20.427 19.397 19.111 18.549 18.406 
8701 20.128 18.714 18.141 17.902 17.738 
8708 19.832 18.876 18.431 18.207 17.941 
8712 17.719 17.102 16.731 16.591 16.563 
8716 19.236 18.607 18.283 18.133 18.029 
8735 18.126 17.320 16.901 16.640 16.468 
8751 17.270 16.666 16.258 16.045 15.828 
8764 19.630 18.487 17.949 17.661 17.497 
8774 20.310 19.615 19.206 18.960 18.864 
8778 20.752 19.949 19.608 19.353 19.271 
8786 18.417 17.586 17.131 16.878 16.701 
8787 20.048 19.364 19.010 18.755 18.675 
8792 20.780 19.434 18.892 18.652 18.319 
8799 21.698 20.723 20.228 20.293 19.917 
88 16.577 15.747 15.333 14.986 14.774 
8800 20.785 19.424 19.328 18.622 18.682 
8801 18.209 17.442 17.057 16.893 16.719 
8802 18.837 17.794 17.360 -99 16.938 
8809 18.764 17.531 17.010 16.756 16.572 
8813 19.616 19.173 18.543 18.480 17.961 
8814 18.826 17.829 17.333 17.010 16.861 
8815 19.192 18.259 17.861 17.637 17.543 
8824 21.565 19.964 19.651 19.331 19.699 
8829 20.127 20.905 17.818 19.094 19.286 
8834 16.803 16.301 15.942 15.703 15.330 
8839 20.364 17.445 17.703 18.314 18.152 
8843 20.610 19.394 18.988 18.670 18.630 
8845 17.529 16.710 16.223 15.985 15.710 
8852 18.132 17.562 17.255 17.073 16.895 
8853 18.034 17.439 17.106 16.909 16.738 
8856 19.906 18.934 18.535 18.279 18.106 
8863 18.093 17.097 16.767 16.550 16.434 
8889 16.891 16.175 15.773 15.555 15.413 
8890 18.413 17.517 16.864 16.670 16.452 
8891 17.203 16.526 16.127 15.891 15.733 
8894 20.240 18.981 18.405 18.178 17.953 
8895 25.567 17.879 17.694 17.548 17.610 
89 19.787 18.809 18.507 18.250 18.118 
8904 19.918 18.568 18.022 17.647 17.511 
8911 16.214 15.532 15.160 14.922 14.757 
8917 -99 -99 -99 -99 -99 
8919 19.347 18.310 17.880 17.539 17.357 
8921 19.423 17.415 17.283 17.186 18.040 
8943 17.414 16.747 16.461 16.242 16.072 
8953 -99 -99 -99 17.208 -99 
8958 19.913 19.165 18.839 18.607 18.505 
8960 21.119 20.066 18.956 19.930 20.090 
8963 22.578 19.979 19.998 19.862 19.838 
8965 20.180 19.067 18.632 18.264 18.145 
8966 21.445 20.083 19.486 19.132 19.116 
8967 18.975 18.152 17.778 17.445 17.487 
8969 16.519 15.797 15.392 15.157 14.946 
8995 20.180 18.977 18.824 18.559 18.112 
9 17.823 17.088 16.660 16.422 16.246 
90 20.776 19.764 19.358 18.972 18.939 
9007 20.248 19.376 19.018 18.770 18.640 
9009 -99 -99 -99 -99 -99 
9010 19.172 17.612 17.188 16.726 16.565 
9021 19.598 18.440 17.821 17.521 17.154 
9026 19.787 18.783 18.222 18.097 17.955 
9028 -99 -99 18.472 18.228 18.071 
9039 19.386 18.480 18.102 17.883 17.655 
9046 18.556 17.741 17.311 17.059 16.844 
9055 17.935 17.235 16.835 16.607 16.446 
9057 21.353 20.120 19.748 19.573 19.429 
9059 16.057 15.610 15.225 14.992 14.740 
9063 18.603 17.577 17.153 17.020 16.889 
9064 19.336 18.637 18.278 18.037 17.882 
9070 20.345 19.220 18.737 18.475 18.323 
9082 17.457 16.657 16.182 16.022 15.839 
9084 20.216 19.284 18.951 18.593 18.487 
9090 18.832 17.778 17.079 17.037 16.777 
9095 20.965 19.555 19.159 19.004 18.686 
9102 20.187 19.078 18.574 18.302 18.016 
9104 17.808 17.135 16.734 16.502 16.387 
9108 20.330 19.385 19.070 18.691 18.796 
9115 19.931 19.122 18.774 18.550 18.431 
9116 16.656 16.061 15.741 15.558 15.361 
9117 -99 -99 -99 14.047 -99 
9120 19.026 17.887 17.396 17.190 16.994 
9126 19.477 18.734 18.233 18.017 18.006 
9128 18.109 17.112 16.582 16.270 16.102 
9137 19.112 18.066 17.517 17.311 17.185 
9143 18.775 17.874 17.354 17.171 16.921 
9144 17.783 16.974 16.557 16.304 16.115 
9150 -99 19.771 -99 23.994 -99 
9152 -99 17.038 -99 16.342 -99 
9154 22.518 19.923 19.709 19.380 19.116 
9159 19.499 18.383 17.894 17.634 17.444 
9166 18.689 17.767 17.259 16.985 16.793 
9170 19.538 18.555 18.090 17.813 17.634 
9176 19.596 19.466 18.756 18.743 18.416 
9180 19.980 18.923 18.438 18.181 17.940 
9185 18.474 17.896 -99 -99 -99 
9190 19.571 19.063 18.703 18.641 18.640 
9194 20.054 18.952 18.423 18.117 17.546 
92 21.088 20.057 18.851 18.326 18.347 
9205 18.542 17.848 17.588 17.362 17.312 
9209 -99 -99 -99 -99 -99 
9210 23.447 21.319 21.060 20.770 20.398 
9212 19.532 17.912 16.796 18.208 17.166 
9214 20.579 19.007 18.502 18.216 17.993 
9221 18.106 17.442 17.013 16.815 16.641 
9224 18.221 17.434 16.965 16.706 16.548 
9227 18.166 17.264 16.824 16.572 16.479 
9235 19.542 18.240 17.822 17.562 17.556 
9242 20.999 19.729 19.284 19.012 18.837 
9258 14.556 13.880 13.454 13.069 12.867 
9267 20.546 20.183 18.471 19.702 18.313 
9293 18.810 17.933 17.483 17.252 17.062 
9313 21.091 20.036 20.054 19.326 19.006 
9314 20.583 19.495 19.170 18.909 18.748 
9315 17.802 17.205 16.886 16.692 16.545 
9320 22.146 -99 20.039 -99 19.412 
9326 20.779 19.726 19.243 19.025 19.008 
9328 18.217 17.556 17.149 16.934 16.786 
9337 18.186 17.443 16.895 16.840 16.679 
9339 17.908 18.902 17.955 18.182 18.251 
9345 18.338 17.864 17.428 17.220 17.087 
9352 18.832 18.196 17.869 17.702 17.625 
9359 18.766 -99 17.449 17.332 17.220 
9362 -99 -99 -99 18.952 -99 
9363 20.051 18.973 18.630 18.308 18.104 
9365 19.232 18.349 17.958 17.949 17.889 
9368 18.939 18.172 17.789 17.586 17.424 
9376 20.191 19.012 18.592 18.278 18.161 
9377 18.047 17.409 17.029 16.823 16.654 
9381 17.642 -99 16.104 15.820 15.662 
9385 18.319 17.735 17.417 17.176 17.045 
9387 17.855 18.553 17.378 17.434 17.600 
9390 -99 -99 15.081 14.922 14.773 
94 19.681 19.038 17.790 18.268 18.095 
9403 17.893 17.131 16.737 16.506 16.359 
9404 -99 18.832 -99 18.119 -99 
9414 17.713 17.173 16.870 16.675 16.543 
9418 18.067 17.224 16.539 16.334 16.470 
9420 19.292 18.439 17.932 17.688 17.600 
9427 20.462 19.585 19.185 18.935 19.089 
9431 18.020 17.194 16.754 16.488 16.359 
9433 20.192 19.119 18.489 18.237 18.143 
9439 16.122 15.490 15.167 15.012 14.837 
9448 17.982 17.246 16.818 16.564 16.404 
9449 17.336 16.520 16.162 15.943 15.755 
9452 19.936 18.292 17.991 18.428 18.651 
9460 19.771 19.103 18.574 18.367 18.260 
9470 18.932 18.029 17.647 17.415 17.248 
9490 19.146 18.372 17.916 17.748 17.754 
9495 18.899 18.036 17.559 17.372 17.245 
9502 19.289 -99 18.032 17.858 17.672 
9515 19.023 18.066 17.615 17.389 17.231 
9520 20.651 19.593 19.033 18.661 18.610 
9531 18.361 17.501 17.074 16.855 16.718 
9533 19.363 -99 18.063 17.763 17.381 
9535 17.385 16.786 16.395 16.216 16.068 
9537 19.826 18.841 18.583 18.265 18.197 
9538 16.959 16.250 15.870 15.652 15.484 
9539 16.592 15.791 15.355 15.113 14.884 
9543 18.016 17.583 17.265 17.147 16.966 
9547 18.189 17.216 16.782 16.528 16.421 
9551 19.161 17.928 17.422 17.143 16.926 
9558 17.258 16.933 16.882 16.998 16.927 
9567 18.688 17.783 17.442 16.843 16.375 
9569 17.355 -99 16.022 15.768 -99 
9570 19.545 -99 18.075 17.418 -99 
9572 18.748 17.772 17.144 17.028 16.795 
9574 18.680 -99 17.151 16.814 -99 
9575 21.337 19.605 19.134 18.913 18.264 
9577 15.874 15.414 14.990 14.599 14.323 
9578 19.352 18.529 18.147 18.082 17.965 
9579 18.082 17.304 16.898 16.652 16.506 
9584 18.777 17.701 17.228 16.931 16.715 
9585 19.924 19.056 18.655 18.359 18.149 
96 20.465 19.575 18.777 18.392 18.791 
9603 17.890 17.114 16.681 16.434 16.301 
9605 23.534 21.166 20.327 20.075 20.108 
9608 19.815 18.786 18.355 18.141 17.953 
9612 19.162 18.411 17.309 17.909 17.763 
9618 19.633 18.966 18.697 18.504 18.420 
9623 17.765 17.049 16.610 16.399 16.173 
9624 18.173 -99 16.788 16.517 -99 
9627 19.380 18.542 17.974 18.166 17.989 
9639 17.619 16.703 16.263 15.994 15.817 
9652 18.090 17.393 16.957 16.736 16.576 
9656 -99 -99 17.834 17.677 17.580 
9662 18.538 17.752 17.323 17.063 16.942 
9677 19.447 18.748 18.193 18.021 17.907 
9680 -99 19.459 -99 18.705 -99 
9682 18.232 17.553 17.153 16.931 16.809 
9683 19.351 18.512 18.044 17.825 17.705 
9688 18.303 -99 17.093 16.827 -99 
9692 19.983 19.195 18.689 18.659 18.531 
9693 18.969 18.003 17.640 17.439 17.371 
97 19.687 18.683 17.646 17.677 17.538 
9701 19.293 18.448 18.012 17.777 17.651 
9710 20.290 19.589 19.205 18.984 18.824 
9733 20.258 19.655 19.408 19.357 19.227 
9735 18.458 17.731 17.300 17.041 16.819 
9748 21.378 -99 19.699 19.196 -99 
9749 18.601 17.759 17.340 17.155 17.047 
9752 17.656 17.052 16.666 16.478 16.307 
9753 21.040 20.616 20.165 19.882 19.735 
9767 21.007 19.934 19.472 19.114 19.007 
9768 18.964 18.020 17.620 17.384 17.310 
9774 18.524 17.673 17.253 17.052 16.866 
9775 17.040 16.325 15.986 15.758 15.501 
9776 19.535 18.668 18.078 17.989 17.890 
9779 19.376 18.631 18.306 17.995 17.949 
9783 21.134 20.468 20.211 20.060 19.932 
9784 19.497 18.594 -99 -99 -99 
9790 19.323 -99 18.041 17.817 -99 
9791 18.327 17.399 16.906 16.605 16.406 
9802 20.218 18.804 17.969 18.013 17.901 
9806 18.672 17.937 17.228 17.306 17.171 
9809 21.776 20.509 20.081 19.818 19.566 
9811 20.079 19.397 18.998 18.601 18.464 
9817 18.335 17.506 17.010 16.790 16.627 
9826 20.091 19.081 18.569 18.319 18.214 
9832 18.622 18.076 17.763 17.636 17.529 
9837 17.925 17.001 16.549 16.283 16.146 
9838 18.312 17.588 17.171 16.911 16.764 
9839 17.001 -99 16.002 15.780 -99 
9845 -99 -99 -99 17.360 -99 
9849 19.099 18.183 17.719 17.488 17.308 
9852 18.403 17.612 17.225 16.985 16.831 
9853 18.709 -99 17.522 17.004 -99 
9856 20.871 19.754 19.317 19.158 18.770 
9858 19.382 18.497 17.777 17.950 17.764 
9864 15.932 15.556 15.167 14.925 14.707 
9868 20.178 18.936 17.618 18.123 17.921 
9872 19.242 18.580 18.185 18.103 17.919 
9880 20.254 19.287 18.871 18.589 18.478 
9883 17.762 17.023 16.622 16.385 16.227 
9890 19.946 -99 18.531 18.196 -99 
9892 21.104 19.777 19.235 18.769 18.900 
9894 19.034 18.133 17.679 17.481 17.299 
9896 17.348 16.755 16.754 16.188 16.694 
9899 21.578 -99 -99 -99 -99 
9900 18.897 17.853 17.336 17.050 16.915 
9908 19.440 18.037 16.534 17.459 17.314 
9917 19.963 18.913 18.388 18.134 18.052 
9934 19.813 -99 18.330 18.000 -99 
9943 18.888 17.914 17.400 17.126 16.976 
9946 20.206 19.353 19.072 18.764 18.844 
9951 20.257 19.068 18.476 18.240 18.084 
9952 20.136 19.018 18.460 18.221 17.989 
9966 19.482 -99 18.164 17.884 -99 
9967 19.201 18.261 17.884 17.609 17.461 
9972 19.561 -99 18.237 17.978 -99 
9977 18.453 18.089 18.647 17.765 nan 
9981 20.810 19.521 19.003 18.738 18.615 
9983 18.065 17.397 17.099 16.874 16.772 
9985 17.495 16.777 16.365 16.145 15.936 
9991 19.093 18.134 17.717 17.434 17.370 
9992 18.400 17.561 17.149 16.898 16.771 
9998 16.504 16.078 15.792 15.651 15.484 
