# size_m size_sersic
0.39709090909090916   0.6264285714285713
0.33163636363636373   0.9187012987012988
0.562909090909091   1.0850519480519483
0.5047272727272727   1.0881038961038962
0.466909090909091   1.1806233766233767
0.36800000000000005   1.0975974025974027
0.3243636363636364   1.1614935064935066
0.33163636363636373   1.2794155844155846
0.3636363636363637   1.3225584415584415
0.2967272727272728   1.739818181818182
0.3447272727272728   1.7723896103896104
0.35490909090909095   1.7117662337662338
0.3898181818181819   1.537077922077922
0.4247272727272728   1.3481038961038962
0.41018181818181826   1.2586883116883119
0.43200000000000005   1.2945974025974025
0.56   1.635025974025974
0.3781818181818183   1.5798311688311688

