log_m z rkpc
10.531000137329102 0.652999997138977 1.3243415355682373
10.553000450134277 0.41600000858306885 2.409905433654785
10.704000473022461 0.7699999809265137 5.345643520355225
10.593000411987305 0.7260000109672546 4.528975963592529
10.795000076293945 0.5170000195503235 6.137619972229004
10.256999969482422 0.7210000157356262 1.9588446617126465
10.685999870300293 0.753000020980835 2.5409727096557617
10.555000305175781 0.546999990940094 4.9431071281433105
10.270000457763672 0.7200000286102295 2.8906798362731934
10.510000228881836 0.5519999861717224 3.273406744003296
10.32800006866455 0.460999995470047 2.8906798362731934
10.744999885559082 0.6510000228881836 3.5974934101104736
10.633999824523926 0.7919999957084656 2.624218463897705
10.730999946594238 0.7870000004768372 5.984116077423096
10.741999626159668 0.5830000042915344 4.236429214477539
10.791999816894531 0.47600001096725464 4.44631290435791
10.477999687194824 0.6209999918937683 3.793149709701538
10.402999877929688 0.7960000038146973 16.106456756591797
10.694999694824219 0.6129999756813049 4.570882320404053
10.732999801635742 0.5519999861717224 6.223003387451172
10.536999702453613 0.6700000166893005 3.3189446926116943
10.788999557495117 0.7580000162124634 3.0060760974884033
10.722999572753906 0.5099999904632568 2.618183135986328
10.315999984741211 0.2980000078678131 3.793149709701538
10.49899959564209 0.41200000047683716 2.8119008541107178
10.626999855041504 0.5730000138282776 5.533500671386719
10.442999839782715 0.7580000162124634 6.531305313110352
10.472999572753906 0.6299999952316284 4.753352165222168
10.628000259399414 0.5239999890327454 2.4603676795959473
10.527999877929688 0.6779999732971191 2.4945948123931885
10.708000183105469 0.6330000162124634 4.841723918914795
10.723999977111816 0.5429999828338623 2.1134889125823975
10.678000450134277 0.515999972820282 4.4668354988098145
10.699000358581543 0.7490000128746033 7.4301910400390625
10.446000099182129 0.3869999945163727 3.1332857608795166
10.45199966430664 0.5550000071525574 4.207266330718994
10.62600040435791 0.5720000267028809 3.6643757820129395
10.585000038146973 0.7490000128746033 10.327615737915039
10.446000099182129 0.43799999356269836 2.2233099937438965
10.61299991607666 0.6320000290870667 0.6151768565177917
10.539999961853027 0.6690000295639038 5.902011394500732
10.680999755859375 0.5400000214576721 2.4603676795959473
10.524999618530273 0.414000004529953 7.413102626800537
10.706999778747559 0.5899999737739563 1.442115306854248
10.524999618530273 0.6200000047683716 9.440608978271484
10.753000259399414 0.7609999775886536 3.4753615856170654
10.378000259399414 0.5049999952316284 4.623810291290283
10.449999809265137 0.6259999871253967 1.6481623649597168
10.64799976348877 0.5680000185966492 7.9067864418029785
10.579000473022461 0.6790000200271606 5.610479831695557
10.25100040435791 0.6620000004768372 9.16220474243164
10.423999786376953 0.6539999842643738 2.8906798362731934
10.277999877929688 0.4300000071525574 2.0323569774627686
10.439000129699707 0.39399999380111694 1.6032453775405884
10.574999809265137 0.26600000262260437 4.073802947998047
10.394000053405762 0.4129999876022339 3.6307804584503174
10.725000381469727 0.2980000078678131 4.3052659034729
10.343999862670898 0.5730000138282776 2.0892961025238037
10.6899995803833 0.6499999761581421 9.549925804138184
10.67199993133545 0.7639999985694885 7.0307230949401855
10.63599967956543 0.7379999756813049 5.874893665313721
10.628999710083008 0.44699999690055847 5.546257495880127
10.638999938964844 0.3799999952316284 4.159106254577637
10.59000015258789 0.45399999618530273 2.937649726867676
10.352999687194824 0.6819999814033508 1.3614447116851807
10.543000221252441 0.6399999856948853 3.3962528705596924
10.769000053405762 0.531000018119812 5.035006523132324
10.756999969482422 0.734000027179718 5.420009136199951
10.656000137329102 0.5569999814033508 4.275628566741943
10.741000175476074 0.7379999756813049 11.614487648010254
10.772000312805176 0.5180000066757202 3.8636698722839355
10.65999984741211 0.6959999799728394 4.149539947509766
10.451000213623047 0.5839999914169312 3.5809645652770996
10.60099983215332 0.7329999804496765 3.243396043777466
10.633999824523926 0.4399999976158142 5.081593990325928
10.76099967956543 0.718999981880188 5.6234130859375
10.71399974822998 0.7260000109672546 4.3651580810546875
10.329999923706055 0.6499999761581421 2.0511622428894043
10.498000144958496 0.6899999976158142 3.3419504165649414
10.532999992370605 0.7509999871253967 3.507518768310547
10.322999954223633 0.4129999876022339 2.5585858821868896
10.696000099182129 0.4320000112056732 7.128530025482178
10.458999633789062 0.5680000185966492 6.3386969566345215
10.60200023651123 0.628000020980835 7.9067864418029785
10.545000076293945 0.4580000042915344 2.1677041053771973
10.519000053405762 0.24199999868869781 3.639150381088257
10.675999641418457 0.7850000262260437 3.1768739223480225
10.321999549865723 0.4320000112056732 3.1768739223480225
10.300000190734863 0.44999998807907104 3.775722026824951
10.23900032043457 0.781000018119812 3.228494167327881
10.392000198364258 0.5040000081062317 3.097419261932373
10.689000129699707 0.5320000052452087 2.213094711303711
10.416000366210938 0.4950000047683716 3.5563132762908936
10.423999786376953 0.6790000200271606 3.427678108215332
10.508000373840332 0.7929999828338623 3.3189446926116943
10.675000190734863 0.5040000081062317 2.1478304862976074
10.392000198364258 0.6769999861717224 4.102040767669678
10.508000373840332 0.7720000147819519 6.591739177703857
10.651000022888184 0.7990000247955322 1.6943378448486328
10.593000411987305 0.5699999928474426 4.549880504608154
10.263999938964844 0.5879999995231628 3.349654197692871
10.614999771118164 0.5989999771118164 5.559042453765869
10.791000366210938 0.656000018119812 2.7797133922576904
10.473999977111816 0.7519999742507935 2.382319450378418
10.446999549865723 0.36800000071525574 6.067363262176514
10.751999855041504 0.5189999938011169 3.8636698722839355
10.550999641418457 0.25600001215934753 4.698940753936768
10.225000381469727 0.7900000214576721 0.6223002672195435
10.583999633789062 0.3370000123977661 3.491403102874756
10.503999710083008 0.4309999942779541 2.382319450378418
10.631999969482422 0.7570000290870667 4.197589874267578
10.779999732971191 0.3490000069141388 6.137619972229004
10.595999717712402 0.23899999260902405 3.6224300861358643
10.781999588012695 0.6019999980926514 6.683438777923584
10.402000427246094 0.3720000088214874 5.188000202178955
10.784000396728516 0.4729999899864197 2.0183663368225098
10.517999649047852 0.3490000069141388 4.4668354988098145
10.51200008392334 0.6539999842643738 0.5623413324356079
10.29800033569336 0.3490000069141388 3.749730110168457
10.633000373840332 0.4320000112056732 3.1260793209075928
10.246000289916992 0.35499998927116394 3.9994475841522217
10.430000305175781 0.39800000190734863 3.784425973892212
10.468999862670898 0.38999998569488525 3.9719152450561523
10.64799976348877 0.4259999990463257 3.6475393772125244
10.552000045776367 0.6970000267028809 4.017907619476318
10.588000297546387 0.4300000071525574 2.218196392059326
10.789999961853027 0.5770000219345093 5.6234130859375
10.734000205993652 0.6499999761581421 3.6812896728515625
10.369999885559082 0.41999998688697815 1.6904408931732178
10.588000297546387 0.5509999990463257 4.425883769989014
10.239999771118164 0.4359999895095825 2.5234808921813965
10.774999618530273 0.656000018119812 1.3212956190109253
10.288000106811523 0.5460000038146973 2.792543888092041
10.64900016784668 0.75 2.897343635559082
10.670999526977539 0.7459999918937683 2.0137240886688232
10.767000198364258 0.3930000066757202 7.11213493347168
10.78499984741211 0.6349999904632568 3.784425973892212
10.729000091552734 0.44600000977516174 2.588212728500366
10.741999626159668 0.7409999966621399 3.8994200229644775
10.614999771118164 0.6330000162124634 3.3573763370513916
10.241999626159668 0.44999998807907104 0.8590134978294373
10.375 0.5199999809265137 2.2387211322784424
10.425000190734863 0.7879999876022339 5.128613471984863
10.541999816894531 0.6949999928474426 7.762470722198486
10.381999969482422 0.3490000069141388 6.194410800933838
10.74899959564209 0.7799999713897705 1.3740419149398804
10.461000442504883 0.6380000114440918 2.910717010498047
10.527000427246094 0.703000009059906 0.4613175690174103
10.661999702453613 0.5849999785423279 1.8155156373977661
10.241999626159668 0.7139999866485596 6.095369338989258
10.633999824523926 0.6589999794960022 3.5974934101104736
10.690999984741211 0.7789999842643738 5.6234130859375
10.423999786376953 0.722000002861023 3.076096773147583
10.746999740600586 0.38499999046325684 10.209393501281738
10.435999870300293 0.6439999938011169 4.764309406280518
10.329000473022461 0.6050000190734863 3.8636698722839355
10.668000221252441 0.6349999904632568 2.1379621028900146
10.383000373840332 0.4790000021457672 2.108628273010254
10.51200008392334 0.46299999952316284 2.697739362716675
10.663000106811523 0.3799999952316284 4.207266330718994
10.782999992370605 0.4129999876022339 3.572728157043457
10.677000045776367 0.46299999952316284 4.017907619476318
10.791999816894531 0.6029999852180481 0.7638357877731323
10.743000030517578 0.6890000104904175 3.2062692642211914
10.322999954223633 0.7929999828338623 3.9264492988586426
10.36299991607666 0.2639999985694885 5.727960586547852
10.630000114440918 0.7329999804496765 3.6559481620788574
10.373000144958496 0.4740000069141388 5.176068305969238
10.605999946594238 0.6380000114440918 4.775292873382568
10.734999656677246 0.5600000023841858 2.2284350395202637
10.689000129699707 0.2919999957084656 4.9431071281433105
10.704000473022461 0.4339999854564667 5.470159530639648
10.368000030517578 0.5120000243186951 2.6001594066619873
10.277999877929688 0.28600001335144043 3.9719152450561523
10.680000305175781 0.5529999732971191 1.4060475826263428
10.253000259399414 0.5139999985694885 3.9719152450561523
10.668000221252441 0.4050000011920929 5.610479831695557
10.694000244140625 0.2720000147819519 3.2809526920318604
10.743000030517578 0.5809999704360962 6.109420299530029
10.487000465393066 0.5770000219345093 3.3189446926116943
10.345999717712402 0.4339999854564667 2.8773982524871826
10.729000091552734 0.5910000205039978 3.4753615856170654
10.791000366210938 0.5189999938011169 5.370318412780762
10.711999893188477 0.6700000166893005 2.999162435531616
10.520999908447266 0.7089999914169312 3.191537857055664
10.70199966430664 0.527999997138977 7.37904167175293
10.555000305175781 0.6520000100135803 3.0060760974884033
10.413000106811523 0.5379999876022339 1.6634126901626587
10.248000144958496 0.3230000138282776 0.5407543182373047
10.697999954223633 0.32600000500679016 4.864071846008301
10.605999946594238 0.25200000405311584 6.309573650360107
10.607999801635742 0.7900000214576721 3.491403102874756
10.746000289916992 0.36000001430511475 6.471426010131836
10.701000213623047 0.7670000195503235 5.5207743644714355
10.369999885559082 0.6779999732971191 3.981071949005127
10.35099983215332 0.6970000267028809 4.570882320404053
10.446999549865723 0.640999972820282 4.602565765380859
10.664999961853027 0.652999997138977 2.3280913829803467
10.265000343322754 0.3140000104904175 1.6330519914627075
10.496999740600586 0.28999999165534973 2.958012342453003
10.581000328063965 0.39399999380111694 3.6643757820129395
10.791000366210938 0.4350000023841858 3.4673686027526855
10.420000076293945 0.7179999947547913 3.1117162704467773
10.621999740600586 0.36399999260902405 4.9203948974609375
10.366999626159668 0.6520000100135803 8.749836921691895
10.4350004196167 0.3400000035762787 4.539416313171387
10.689000129699707 0.593999981880188 4.456562519073486
10.53600025177002 0.36800000071525574 4.830588340759277
10.715999603271484 0.24400000274181366 4.375220775604248
10.48799991607666 0.4059999883174896 4.1879353523254395
10.49899959564209 0.3970000147819519 1.552386999130249
10.446999549865723 0.5799999833106995 4.027170658111572
10.3100004196167 0.43299999833106995 3.564511299133301
10.487000465393066 0.4009999930858612 1.4190574884414673
10.460000038146973 0.6240000128746033 3.539973497390747
10.605999946594238 0.24400000274181366 4.988844871520996
10.45300006866455 0.5389999747276306 6.194410800933838
10.732999801635742 0.5580000281333923 6.456542491912842
10.562000274658203 0.5529999732971191 4.055085182189941
10.295999526977539 0.7289999723434448 8.053784370422363
10.340999603271484 0.5220000147819519 2.218196392059326
10.531000137329102 0.6790000200271606 4.688133716583252
10.788000106811523 0.7059999704360962 4.036454200744629
10.324999809265137 0.7580000162124634 3.3419504165649414
10.312999725341797 0.703000009059906 3.732501745223999
10.378999710083008 0.7649999856948853 2.8906798362731934
10.303000450134277 0.6690000295639038 4.255984306335449
10.208000183105469 0.652999997138977 3.3036954402923584
10.413000106811523 0.6389999985694885 2.951209306716919
10.604999542236328 0.6420000195503235 13.614444732666016
10.35099983215332 0.3930000066757202 5.370318412780762
10.682000160217285 0.5950000286102295 3.6559481620788574
10.60099983215332 0.6320000290870667 2.0370419025421143
10.61400032043457 0.4860000014305115 4.477133274078369
10.737000465393066 0.23800000548362732 5.997910499572754
10.460000038146973 0.6510000228881836 5.105050086975098
10.63700008392334 0.4490000009536743 3.732501745223999
10.680999755859375 0.4180000126361847 2.1527817249298096
10.729999542236328 0.5400000214576721 5.188000202178955
10.605999946594238 0.6790000200271606 2.594179391860962
10.303999900817871 0.492000013589859 0.8433347344398499
10.720999717712402 0.5329999923706055 2.6061534881591797
10.33899974822998 0.5989999771118164 6.295062065124512
10.6899995803833 0.6639999747276306 7.603262424468994
10.666000366210938 0.4580000042915344 2.864177942276001
10.512999534606934 0.703000009059906 5.662393093109131
10.791999816894531 0.7300000190734863 3.221068859100342
10.729000091552734 0.7829999923706055 6.760829448699951
10.661999702453613 0.210999995470047 5.794287204742432
10.567000389099121 0.609000027179718 3.6307804584503174
10.241000175476074 0.7149999737739563 1.479108452796936
10.371000289916992 0.24799999594688416 3.273406744003296
10.45199966430664 0.5590000152587891 2.360478162765503
10.545999526977539 0.6570000052452087 5.7016425132751465
10.484999656677246 0.3630000054836273 4.764309406280518
10.468999862670898 0.4779999852180481 3.1117162704467773
10.597999572753906 0.29899999499320984 8.016779899597168
10.569999694824219 0.6179999709129333 3.380648136138916
10.583999633789062 0.7509999871253967 3.8994200229644775
10.779999732971191 0.7269999980926514 4.655860900878906
10.744000434875488 0.6159999966621399 4.570882320404053
10.550999641418457 0.2720000147819519 1.5452544689178467
10.425999641418457 0.296999990940094 2.910717010498047
10.406000137329102 0.6480000019073486 2.233572244644165
10.576000213623047 0.6959999799728394 8.20351505279541
10.562999725341797 0.6790000200271606 9.727471351623535
10.392000198364258 0.7400000095367432 4.236429214477539
10.659000396728516 0.699999988079071 5.847900867462158
10.668999671936035 0.3569999933242798 10.11579418182373
10.633000373840332 0.34700000286102295 3.273406744003296
10.505000114440918 0.640999972820282 1.931968331336975
10.244000434875488 0.6240000128746033 6.180164337158203
10.781999588012695 0.5669999718666077 6.151768207550049
10.314000129699707 0.7739999890327454 4.808393478393555
10.753000259399414 0.7770000100135803 2.0090928077697754
10.473999977111816 0.5019999742507935 3.191537857055664
10.37600040435791 0.367000013589859 2.8906798362731934
10.494000434875488 0.45100000500679016 1.7139573097229004
10.54699993133545 0.7229999899864197 5.874893665313721
10.447999954223633 0.30000001192092896 4.2953643798828125
10.597999572753906 0.4449999928474426 5.058246612548828
10.730999946594238 0.5289999842643738 7.144962787628174
10.467000007629395 0.7129999995231628 5.105050086975098
10.232000350952148 0.4350000023841858 3.0130059719085693
10.432000160217285 0.7369999885559082 2.6546056270599365
10.729000091552734 0.6690000295639038 3.749730110168457
10.522000312805176 0.7509999871253967 2.1677041053771973
10.545999526977539 0.7540000081062317 4.255984306335449
10.684000015258789 0.5799999833106995 4.2461957931518555
10.779999732971191 0.4970000088214874 5.116818428039551
10.317000389099121 0.5720000267028809 1.6672471761703491
10.416999816894531 0.6000000238418579 3.2885165214538574
10.373000144958496 0.40799999237060547 2.9308931827545166
10.562999725341797 0.5730000138282776 3.9264492988586426
10.27400016784668 0.7789999842643738 0.6823387145996094
10.444999694824219 0.4560000002384186 1.4028136730194092
10.682000160217285 0.6290000081062317 2.766941547393799
10.767000198364258 0.7070000171661377 3.8725764751434326
10.579000473022461 0.5709999799728394 4.1879353523254395
10.211999893188477 0.32600000500679016 2.697739362716675
10.347000122070312 0.6320000290870667 2.857590436935425
10.248000144958496 0.6460000276565552 6.9502434730529785
10.319999694824219 0.3149999976158142 5.116818428039551
10.696999549865723 0.7200000286102295 5.888436317443848
10.524999618530273 0.5139999985694885 5.188000202178955
10.687999725341797 0.4699999988079071 4.216965198516846
10.791000366210938 0.3720000088214874 5.559042453765869
10.331999778747559 0.21899999678134918 2.9308931827545166
10.72700023651123 0.7540000081062317 3.6812896728515625
10.63599967956543 0.5370000004768372 3.9264492988586426
10.72599983215332 0.6299999952316284 9.289663314819336
10.401000022888184 0.6899999976158142 6.486343860626221
10.751999855041504 0.7170000076293945 2.985382556915283
10.76200008392334 0.5540000200271606 3.4197943210601807
10.656000137329102 0.7250000238418579 3.4593935012817383
10.625 0.6919999718666077 6.8076934814453125
10.472999572753906 0.33000001311302185 5.211946964263916
10.588000297546387 0.5789999961853027 3.6057863235473633
10.468000411987305 0.33799999952316284 8.472273826599121
10.432000160217285 0.796999990940094 1.6032453775405884
10.517000198364258 0.4959999918937683 4.742419719696045
10.274999618530273 0.6100000143051147 6.918309211730957
10.315999984741211 0.28600001335144043 3.4833731651306152
10.237000465393066 0.7400000095367432 9.594006538391113
10.395999908447266 0.574999988079071 1.7298164367675781
10.70199966430664 0.6449999809265137 10.092527389526367
10.722000122070312 0.5680000185966492 3.758373975753784
10.774999618530273 0.32499998807907104 5.164163589477539
10.38700008392334 0.6869999766349792 5.741164684295654
10.666999816894531 0.6769999861717224 3.0408852100372314
10.741000175476074 0.5799999833106995 7.161434650421143
10.6850004196167 0.621999979019165 6.98232364654541
10.454000473022461 0.7480000257492065 2.904022693634033
10.593000411987305 0.2759999930858612 4.764309406280518
10.725000381469727 0.6159999966621399 8.128305435180664
10.54699993133545 0.5740000009536743 1.492794394493103
10.472999572753906 0.75 3.4753615856170654
10.531000137329102 0.5189999938011169 1.5703628063201904
10.741999626159668 0.746999979019165 7.311391353607178
10.26099967956543 0.6970000267028809 4.139996528625488
10.531000137329102 0.6119999885559082 8.128305435180664
10.605999946594238 0.6819999814033508 0.6918309926986694
10.321999549865723 0.6140000224113464 4.570882320404053
10.694000244140625 0.2150000035762787 5.767664432525635
10.60099983215332 0.4659999907016754 3.723917007446289
10.694999694824219 0.7319999933242798 3.732501745223999
10.557999610900879 0.4129999876022339 4.645152568817139
10.39799976348877 0.7149999737739563 0.685488224029541
10.586999893188477 0.7730000019073486 2.72270131111145
10.562000274658203 0.6050000190734863 3.8725764751434326
10.40999984741211 0.3540000021457672 1.8836491107940674
10.388999938964844 0.765999972820282 1.0839269161224365
10.293999671936035 0.49399998784065247 3.828247547149658
10.3100004196167 0.5019999742507935 1.9543395042419434
10.593000411987305 0.5609999895095825 2.760577917098999
10.446000099182129 0.3840000033378601 3.3962528705596924
10.715999603271484 0.25200000405311584 6.8076934814453125
10.77400016784668 0.4790000021457672 7.888601303100586
10.781000137329102 0.7749999761581421 4.56036901473999
10.57800006866455 0.20800000429153442 4.395416259765625
10.526000022888184 0.5830000042915344 2.588212728500366
10.571999549865723 0.7820000052452087 0.5357966423034668
10.383000373840332 0.6190000176429749 4.083193778991699
10.206999778747559 0.3269999921321869 1.2882494926452637
10.265999794006348 0.3310000002384186 3.2583670616149902
10.758999824523926 0.22100000083446503 5.688529014587402
10.265000343322754 0.3440000116825104 2.552701234817505
10.234000205993652 0.7329999804496765 2.546830177307129
10.760000228881836 0.722000002861023 2.904022693634033
10.678999900817871 0.5649999976158142 3.749730110168457
10.506999969482422 0.5590000152587891 3.191537857055664
10.645000457763672 0.7749999761581421 4.345102310180664
10.675999641418457 0.6190000176429749 4.255984306335449
10.47599983215332 0.6520000100135803 4.036454200744629
10.769000053405762 0.703000009059906 6.067363262176514
10.53600025177002 0.6610000133514404 0.34994515776634216
10.607000350952148 0.6759999990463257 2.5061092376708984
10.340999603271484 0.7459999918937683 1.9678863286972046
10.208999633789062 0.7300000190734863 3.1260793209075928
10.791000366210938 0.49300000071525574 4.064433574676514
10.218999862670898 0.28600001335144043 1.4454398155212402
10.649999618530273 0.656000018119812 4.720630645751953
10.60099983215332 0.5889999866485596 2.864177942276001
10.274999618530273 0.6340000033378601 1.2133888006210327
10.295000076293945 0.7419999837875366 3.1260793209075928
10.79699993133545 0.6629999876022339 3.6307804584503174
10.402999877929688 0.40799999237060547 3.784425973892212
10.496999740600586 0.7950000166893005 2.9648313522338867
10.638999938964844 0.4490000009536743 3.775722026824951
10.463000297546387 0.45500001311302185 3.5156044960021973
10.496999740600586 0.5950000286102295 4.477133274078369
10.234999656677246 0.5659999847412109 5.714786529541016
10.689000129699707 0.6230000257492065 2.2233099937438965
10.569000244140625 0.7689999938011169 0.5236004590988159
10.225000381469727 0.5009999871253967 2.951209306716919
10.569000244140625 0.4269999861717224 4.864071846008301
10.720000267028809 0.6129999756813049 2.985382556915283
10.732000350952148 0.42800000309944153 2.897343635559082
10.675999641418457 0.7239999771118164 6.180164337158203
10.618000030517578 0.6790000200271606 0.4570881724357605
10.33899974822998 0.671999990940094 1.0303860902786255
10.633000373840332 0.5590000152587891 8.298508644104004
10.282999992370605 0.4169999957084656 2.48313307762146
10.654999732971191 0.6899999976158142 4.036454200744629
10.600000381469727 0.39899998903274536 2.8840315341949463
10.489999771118164 0.5759999752044678 5.807644367218018
10.270999908447266 0.777999997138977 3.9536662101745605
10.48900032043457 0.7739999890327454 2.5585858821868896
10.602999687194824 0.6819999814033508 2.985382556915283
10.644000053405762 0.7960000038146973 5.754399299621582
10.62399959564209 0.5370000004768372 4.819478511810303
10.501999855041504 0.4129999876022339 3.9536662101745605
10.696999549865723 0.7720000147819519 9.840110778808594
10.416999816894531 0.699999988079071 4.055085182189941
10.713000297546387 0.5929999947547913 5.0466132164001465
10.730999946594238 0.6930000185966492 2.1627185344696045
10.585000038146973 0.33500000834465027 8.035261154174805
10.696999549865723 0.4350000023841858 4.581418991088867
10.430999755859375 0.6690000295639038 2.8248801231384277
10.628999710083008 0.7770000100135803 5.000345230102539
10.722000122070312 0.7409999966621399 5.5207743644714355
10.260000228881836 0.5360000133514404 1.9588446617126465
10.465999603271484 0.5419999957084656 1.819700837135315
10.645000457763672 0.7360000014305115 3.1117162704467773
10.314000129699707 0.7139999866485596 4.9773712158203125
10.345999717712402 0.7319999933242798 3.1332857608795166
10.37600040435791 0.4339999854564667 3.1260793209075928
10.616999626159668 0.4830000102519989 3.539973497390747
10.72700023651123 0.5249999761581421 7.726806163787842
10.522000312805176 0.7749999761581421 3.4040818214416504
10.741999626159668 0.5609999895095825 7.362070560455322
10.39799976348877 0.5799999833106995 3.1045596599578857
10.784000396728516 0.6380000114440918 4.4668354988098145
10.300000190734863 0.6579999923706055 4.159106254577637
10.232000350952148 0.781000018119812 0.8749837875366211
10.635000228881836 0.7799999713897705 5.597576141357422
10.458000183105469 0.7329999804496765 2.728977680206299
10.795000076293945 0.656000018119812 6.516283988952637
10.473999977111816 0.48399999737739563 2.0796966552734375
10.239999771118164 0.7009999752044678 6.412095546722412
10.498000144958496 0.6140000224113464 4.909078598022461
10.33899974822998 0.41600000858306885 3.2809526920318604
10.791999816894531 0.7369999885559082 4.036454200744629
10.305000305175781 0.6230000257492065 1.8492685556411743
10.704000473022461 0.5809999704360962 6.471426010131836
10.74899959564209 0.5360000133514404 4.405548572540283
10.592000007629395 0.7570000290870667 8.356030464172363
10.767000198364258 0.7279999852180481 2.9648313522338867
10.515000343322754 0.5360000133514404 1.4689263105392456
10.776000022888184 0.6119999885559082 3.69828200340271
10.361000061035156 0.4000000059604645 2.985382556915283
10.538000106811523 0.7670000195503235 2.1478304862976074
10.51200008392334 0.44999998807907104 4.197589874267578
10.727999687194824 0.5699999928474426 4.120975494384766
10.663000106811523 0.6140000224113464 4.6665940284729
10.717000007629395 0.5569999814033508 5.571857452392578
10.616999626159668 0.6710000038146973 2.5585858821868896
10.595000267028809 0.6100000143051147 5.14043664932251
10.562999725341797 0.7509999871253967 4.395416259765625
10.723999977111816 0.7110000252723694 9.908319473266602
10.444000244140625 0.34599998593330383 5.457578659057617
10.645000457763672 0.30000001192092896 3.1117162704467773
10.520000457763672 0.671999990940094 4.623810291290283
10.53600025177002 0.4950000047683716 2.673006296157837
10.550000190734863 0.38999998569488525 4.1783037185668945
10.36400032043457 0.7860000133514404 4.528975963592529
10.258000373840332 0.656000018119812 1.5135612487792969
10.489999771118164 0.30799999833106995 5.164163589477539
10.680000305175781 0.7319999933242798 1.7906057834625244
10.449000358581543 0.460999995470047 1.4125375747680664
10.559000015258789 0.3269999921321869 3.801893711090088
10.65999984741211 0.7829999923706055 0.8241381049156189
10.788000106811523 0.5830000042915344 4.197589874267578
10.201000213623047 0.4830000102519989 2.0137240886688232
10.607999801635742 0.781000018119812 2.798981189727783
10.734999656677246 0.6119999885559082 3.5974934101104736
10.79699993133545 0.33399999141693115 4.325138092041016
10.237000465393066 0.6579999923706055 1.8071740865707397
10.682000160217285 0.6570000052452087 11.402499198913574
10.5649995803833 0.3779999911785126 2.108628273010254
10.595000267028809 0.492000013589859 5.688529014587402
10.741999626159668 0.6039999723434448 3.4040818214416504
10.706000328063965 0.6190000176429749 2.5763211250305176
10.734000205993652 0.6570000052452087 7.0307230949401855
10.593000411987305 0.7839999794960022 9.141133308410645
10.772000312805176 0.6029999852180481 3.221068859100342
10.473999977111816 0.4819999933242798 5.675446033477783
10.788000106811523 0.3529999852180481 10.543869018554688
10.312999725341797 0.6650000214576721 2.857590436935425
10.736000061035156 0.7860000133514404 4.79733419418335
10.472000122070312 0.5950000286102295 4.59197998046875
10.746999740600586 0.6290000081062317 2.958012342453003
10.607999801635742 0.7200000286102295 2.360478162765503
10.520000457763672 0.4000000059604645 5.093308925628662
10.302000045776367 0.6620000004768372 1.3121999502182007
10.480999946594238 0.6909999847412109 4.549880504608154
10.609000205993652 0.7260000109672546 6.652731895446777
10.79800033569336 0.2840000092983246 4.6665940284729
10.26099967956543 0.48100000619888306 4.79733419418335
10.621000289916992 0.7089999914169312 3.1260793209075928
10.399999618530273 0.39100000262260437 7.655966281890869
10.357000350952148 0.6800000071525574 20.98940086364746
10.675000190734863 0.6790000200271606 6.501297473907471
10.701000213623047 0.6800000071525574 10.64142894744873
10.39799976348877 0.6660000085830688 3.118889570236206
10.699000358581543 0.6589999794960022 9.571940422058105
10.361000061035156 0.7620000243186951 3.5563132762908936
10.411999702453613 0.6079999804496765 6.6374311447143555
10.656000137329102 0.718999981880188 5.23600435256958
10.699999809265137 0.656000018119812 1.7021585702896118
10.505000114440918 0.5699999928474426 1.8281002044677734
10.680000305175781 0.7789999842643738 4.415704250335693
10.680999755859375 0.4449999928474426 2.937649726867676
10.293000221252441 0.6949999928474426 7.095777988433838
10.60099983215332 0.5360000133514404 3.9902491569519043
10.331000328063965 0.3659999966621399 2.642408609390259
10.586999893188477 0.421999990940094 9.682778358459473
10.63599967956543 0.6930000185966492 2.5061092376708984
10.428000450134277 0.6650000214576721 8.689604759216309
10.765999794006348 0.628000020980835 2.8707807064056396
10.727999687194824 0.5 4.325138092041016
10.432000160217285 0.5210000276565552 3.828247547149658
10.394000053405762 0.6290000081062317 2.5234808921813965
10.623000144958496 0.7400000095367432 7.533555030822754
10.331000328063965 0.4659999907016754 1.1402497291564941
10.362000465393066 0.746999979019165 3.732501745223999
10.553000450134277 0.7480000257492065 4.688133716583252
10.263999938964844 0.6430000066757202 3.8994200229644775
10.269000053405762 0.3100000023841858 5.7016425132751465
10.347999572753906 0.6259999871253967 4.677351474761963
10.361000061035156 0.718999981880188 2.773319959640503
10.350000381469727 0.6980000138282776 3.0060760974884033
10.427000045776367 0.3779999911785126 5.081593990325928
10.571999549865723 0.460999995470047 3.3036954402923584
10.404000282287598 0.765999972820282 2.0370419025421143
10.482999801635742 0.7419999837875366 5.069906711578369
10.314000129699707 0.6890000104904175 14.256077766418457
10.788999557495117 0.7329999804496765 7.998342514038086
10.687999725341797 0.21199999749660492 9.931159973144531
10.637999534606934 0.6790000200271606 1.811340093612671
10.413999557495117 0.6779999732971191 4.497798442840576
10.36400032043457 0.7120000123977661 5.420009136199951
10.345000267028809 0.6629999876022339 3.019951581954956
10.211999893188477 0.7900000214576721 5.188000202178955
10.531000137329102 0.6919999718666077 3.4673686027526855
10.588000297546387 0.6430000066757202 2.8510184288024902
10.395000457763672 0.6259999871253967 4.355118751525879
10.543999671936035 0.47699999809265137 3.4994518756866455
10.744000434875488 0.5839999914169312 2.2387211322784424
10.54699993133545 0.2549999952316284 5.649369239807129
10.597000122070312 0.6850000023841858 3.564511299133301
10.652000427246094 0.3580000102519989 5.370318412780762
10.651000022888184 0.652999997138977 3.1477482318878174
10.458000183105469 0.5849999785423279 2.0276827812194824
10.666999816894531 0.5320000052452087 2.5409727096557617
10.63700008392334 0.7239999771118164 4.425883769989014
10.762999534606934 0.38499999046325684 0.719448983669281
10.767000198364258 0.656000018119812 1.0423173904418945
10.468000411987305 0.7799999713897705 3.962780237197876
10.503000259399414 0.43799999356269836 2.3067471981048584
10.48799991607666 0.4300000071525574 2.4660391807556152
10.531999588012695 0.7319999933242798 3.8636698722839355
10.35200023651123 0.7870000004768372 3.507518768310547
10.52299976348877 0.6800000071525574 2.6061534881591797
10.479999542236328 0.35100001096725464 3.1768739223480225
10.791000366210938 0.5649999976158142 6.025595664978027
10.406999588012695 0.609000027179718 5.345643520355225
10.795999526977539 0.7059999704360962 3.9994475841522217
10.26200008392334 0.6480000019073486 2.971665859222412
10.53600025177002 0.7059999704360962 6.98232364654541
10.765999794006348 0.6570000052452087 5.807644367218018
10.76200008392334 0.40799999237060547 3.828247547149658
10.484999656677246 0.4169999957084656 2.728977680206299
10.472999572753906 0.5759999752044678 7.311391353607178
10.704999923706055 0.3569999933242798 5.296634197235107
10.645000457763672 0.6909999847412109 2.1928048133850098
10.755000114440918 0.6019999980926514 5.559042453765869
10.404999732971191 0.6779999732971191 2.7101917266845703
10.647000312805176 0.48899999260902405 6.591739177703857
10.626999855041504 0.6930000185966492 2.805433750152588
10.368000030517578 0.7900000214576721 10.069316864013672
10.508000373840332 0.5910000205039978 9.289663314819336
10.72700023651123 0.7960000038146973 2.1527817249298096
10.357000350952148 0.40799999237060547 3.097419261932373
10.581999778747559 0.6729999780654907 2.254239082336426
10.626999855041504 0.7139999866485596 5.741164684295654
10.67199993133545 0.20200000703334808 4.325138092041016
10.687999725341797 0.6549999713897705 3.749730110168457
10.711000442504883 0.5389999747276306 4.017907619476318
10.614999771118164 0.2939999997615814 8.974287986755371
10.79800033569336 0.7599999904632568 4.508166790008545
10.496999740600586 0.43299999833106995 7.244359970092773
10.770000457763672 0.6119999885559082 8.6696195602417
10.572999954223633 0.42800000309944153 2.7797133922576904
10.477999687194824 0.6600000262260437 2.697739362716675
10.484000205993652 0.6990000009536743 1.4256075620651245
10.668000221252441 0.703000009059906 2.128139019012451
10.795000076293945 0.46700000762939453 5.407543182373047
10.340999603271484 0.5720000267028809 3.0130059719085693
10.607000350952148 0.6949999928474426 3.6812896728515625
10.428999900817871 0.3529999852180481 4.830588340759277
10.555999755859375 0.4560000002384186 8.7902250289917
10.244000434875488 0.6290000081062317 3.3265955448150635
10.520000457763672 0.675000011920929 5.970353126525879
10.526000022888184 0.44999998807907104 6.095369338989258
10.586000442504883 0.5619999766349792 6.652731895446777
10.795000076293945 0.4020000100135803 7.079458236694336
10.763999938964844 0.7789999842643738 5.23600435256958
10.260000228881836 0.699999988079071 4.102040767669678
10.375 0.4749999940395355 14.927945137023926
10.612000465393066 0.7200000286102295 4.655860900878906
10.595000267028809 0.39899998903274536 4.28548526763916
10.380999565124512 0.6299999952316284 3.0408852100372314
10.45300006866455 0.4819999933242798 4.375220775604248
10.788999557495117 0.41600000858306885 4.497798442840576
10.303000450134277 0.6759999990463257 4.59197998046875
10.711000442504883 0.7210000157356262 8.375292778015137
10.22599983215332 0.37700000405311584 8.279420852661133
10.569000244140625 0.4189999997615814 5.395106315612793
10.685999870300293 0.2549999952316284 4.909078598022461
10.682999610900879 0.5320000052452087 6.081349849700928
10.734999656677246 0.6919999718666077 7.014553070068359
10.435999870300293 0.24400000274181366 4.4668354988098145
10.439000129699707 0.5540000200271606 3.427678108215332
10.428000450134277 0.7960000038146973 2.103778600692749
10.263999938964844 0.7039999961853027 3.8815035820007324
10.413999557495117 0.6800000071525574 3.7068073749542236
10.505999565124512 0.5630000233650208 4.255984306335449
10.364999771118164 0.781000018119812 3.0269134044647217
10.597000122070312 0.6899999976158142 1.4454398155212402
10.635000228881836 0.6759999990463257 5.321082592010498
10.680999755859375 0.4059999883174896 6.109420299530029
10.612000465393066 0.24400000274181366 5.164163589477539
10.758000373840332 0.7910000085830688 4.9773712158203125
10.71399974822998 0.257999986410141 5.888436317443848
10.72599983215332 0.7120000123977661 3.9355010986328125
10.279000282287598 0.7379999756813049 1.3335214853286743
10.581000328063965 0.5720000267028809 5.296634197235107
10.32800006866455 0.7059999704360962 2.264644145965576
10.663999557495117 0.7979999780654907 3.6140987873077393
10.373000144958496 0.6159999966621399 10.543869018554688
10.39900016784668 0.7549999952316284 3.191537857055664
10.793000221252441 0.46799999475479126 3.962780237197876
10.626999855041504 0.3199999928474426 5.754399299621582
10.46500015258789 0.753000020980835 6.516283988952637
10.684000015258789 0.781000018119812 4.425883769989014
10.532999992370605 0.718999981880188 2.703958511352539
10.791000366210938 0.5680000185966492 5.767664432525635
10.692999839782715 0.5070000290870667 3.9719152450561523
10.414999961853027 0.5699999928474426 5.345643520355225
10.633999824523926 0.5320000052452087 2.449063301086426
10.324000358581543 0.765999972820282 4.4668354988098145
10.654999732971191 0.4699999988079071 3.564511299133301
10.663000106811523 0.7160000205039978 1.5667510032653809
10.218000411987305 0.23000000417232513 2.2080047130584717
10.477999687194824 0.5260000228881836 5.984116077423096
10.605999946594238 0.26499998569488525 3.9174187183380127
10.274999618530273 0.2809999883174896 1.3121999502182007
10.782999992370605 0.6890000104904175 3.8815035820007324
10.376999855041504 0.5490000247955322 2.1134889125823975
10.77400016784668 0.7670000195503235 2.118361234664917
10.6899995803833 0.531000018119812 3.890451192855835
10.79699993133545 0.5260000228881836 6.109420299530029
10.79800033569336 0.7599999904632568 5.23600435256958
10.680000305175781 0.7429999709129333 4.149539947509766
10.668000221252441 0.753000020980835 2.4154608249664307
10.369999885559082 0.4830000102519989 2.5822601318359375
10.62399959564209 0.48100000619888306 3.672822952270508
10.675000190734863 0.45399999618530273 4.786301136016846
10.73900032043457 0.5929999947547913 2.5234808921813965
10.487000465393066 0.2809999883174896 3.5156044960021973
10.307999610900879 0.7680000066757202 3.118889570236206
10.435999870300293 0.5080000162124634 2.8707807064056396
10.684000015258789 0.6079999804496765 3.793149709701538
10.276000022888184 0.7950000166893005 2.0230190753936768
10.25 0.4399999976158142 2.471724271774292
10.774999618530273 0.7570000290870667 4.487453937530518
10.21500015258789 0.6729999780654907 2.6485002040863037
10.409000396728516 0.5630000233650208 7.244359970092773
10.680999755859375 0.7580000162124634 3.2809526920318604
10.41100025177002 0.7210000157356262 3.758373975753784
10.38700008392334 0.4690000116825104 1.721868634223938
10.623000144958496 0.6819999814033508 6.039486408233643
10.776000022888184 0.7310000061988831 2.8707807064056396
10.652999877929688 0.7179999947547913 1.1091748476028442
10.493000030517578 0.4740000069141388 2.065380096435547
10.590999603271484 0.3370000123977661 3.8636698722839355
10.28600025177002 0.2630000114440918 3.427678108215332
10.569000244140625 0.7360000014305115 4.415704250335693
10.623000144958496 0.24899999797344208 7.277797698974609
10.753999710083008 0.7059999704360962 4.055085182189941
10.411999702453613 0.7099999785423279 4.9203948974609375
10.66100025177002 0.3540000021457672 5.470159530639648
10.75100040435791 0.7799999713897705 0.34514373540878296
10.506999969482422 0.5979999899864197 2.8248801231384277
10.585000038146973 0.6589999794960022 5.058246612548828
10.442999839782715 0.3179999887943268 3.9719152450561523
10.621999740600586 0.32600000500679016 3.564511299133301
10.42199993133545 0.6639999747276306 2.0370419025421143
10.432999610900879 0.7879999876022339 4.931738376617432
10.729000091552734 0.5550000071525574 3.3189446926116943
10.458000183105469 0.734000027179718 2.065380096435547
10.661999702453613 0.7120000123977661 5.152286529541016
10.22599983215332 0.4569999873638153 1.2882494926452637
10.718000411987305 0.3109999895095825 4.786301136016846
10.48900032043457 0.5899999737739563 6.576578617095947
10.633000373840332 0.699999988079071 3.4040818214416504
10.765000343322754 0.3970000147819519 5.5847015380859375
10.628000259399414 0.5210000276565552 2.500345468521118
10.744000434875488 0.421999990940094 2.9444217681884766
10.486000061035156 0.5640000104904175 4.0086669921875
10.468999862670898 0.7689999938011169 4.226686000823975
10.741999626159668 0.6520000100135803 2.8906798362731934
10.572999954223633 0.6819999814033508 2.269864797592163
10.284000396728516 0.6200000047683716 2.7415740489959717
10.755999565124512 0.546999990940094 2.3280913829803467
10.718999862670898 0.7760000228881836 4.226686000823975
10.623000144958496 0.7009999752044678 4.528975963592529
10.609999656677246 0.5699999928474426 5.023425579071045
10.312999725341797 0.7210000157356262 3.854783773422241
10.409000396728516 0.6610000133514404 3.0478949546813965
10.42300033569336 0.34299999475479126 9.311078071594238
10.331999778747559 0.7289999723434448 1.479108452796936
10.534000396728516 0.37700000405311584 4.9773712158203125
10.607999801635742 0.33899998664855957 3.6897757053375244
10.423999786376953 0.5429999828338623 6.668067932128906
10.605999946594238 0.7720000147819519 3.6897757053375244
10.640999794006348 0.2630000114440918 10.023053169250488
10.350000381469727 0.3869999945163727 3.228494167327881
10.652999877929688 0.38999998569488525 4.226686000823975
10.684000015258789 0.4129999876022339 4.385307312011719
10.434000015258789 0.4189999997615814 3.5237085819244385
10.362000465393066 0.5720000267028809 5.000345230102539
10.564000129699707 0.7269999980926514 1.415793776512146
10.36400032043457 0.5770000219345093 5.970353126525879
10.319000244140625 0.6380000114440918 2.679168462753296
10.668999671936035 0.7369999885559082 5.116818428039551
10.597000122070312 0.5680000185966492 5.597576141357422
10.583000183105469 0.49300000071525574 3.191537857055664
10.607000350952148 0.2759999930858612 6.137619972229004
10.383000373840332 0.4819999933242798 3.19889497756958
10.383999824523926 0.734000027179718 2.7797133922576904
10.76200008392334 0.7269999980926514 2.254239082336426
10.725000381469727 0.5490000247955322 5.22396183013916
10.791000366210938 0.2809999883174896 5.370318412780762
10.753999710083008 0.6349999904632568 4.602565765380859
10.779000282287598 0.7829999923706055 6.237348556518555
10.633999824523926 0.4350000023841858 5.956621170043945
10.206999778747559 0.5400000214576721 1.0641430616378784
10.234999656677246 0.24300000071525574 2.61216139793396
10.527000427246094 0.7089999914169312 2.992264747619629
10.659000396728516 0.38199999928474426 6.237348556518555
10.774999618530273 0.7570000290870667 2.8840315341949463
10.682999610900879 0.6899999976158142 5.741164684295654
10.437000274658203 0.7940000295639038 3.6559481620788574
10.491999626159668 0.5139999985694885 3.775722026824951
10.553999900817871 0.6420000195503235 1.4387985467910767
10.553000450134277 0.5239999890327454 3.758373975753784
10.236000061035156 0.718999981880188 2.3014416694641113
10.597999572753906 0.6299999952316284 2.6001594066619873
10.418000221252441 0.546999990940094 5.533500671386719
10.71399974822998 0.6840000152587891 3.672822952270508
10.675000190734863 0.7480000257492065 2.409905433654785
10.560999870300293 0.492000013589859 5.345643520355225
10.354999542236328 0.6819999814033508 8.830798149108887
10.51099967956543 0.4449999928474426 3.801893711090088
10.753000259399414 0.5649999976158142 3.784425973892212
10.795000076293945 0.7350000143051147 7.7090349197387695
10.553000450134277 0.7379999756813049 6.266138553619385
10.265999794006348 0.7720000147819519 5.176068305969238
10.404000282287598 0.5440000295639038 5.211946964263916
10.246000289916992 0.6230000257492065 5.49540901184082
10.687999725341797 0.7519999742507935 1.111731767654419
10.390000343322754 0.43700000643730164 1.7338039875030518
10.73900032043457 0.6119999885559082 4.3052659034729
10.574000358581543 0.7509999871253967 2.535128593444824
10.628000259399414 0.7599999904632568 3.4434993267059326
10.38599967956543 0.3619999885559082 1.7418068647384644
10.611000061035156 0.6370000243186951 5.188000202178955
10.74899959564209 0.625 4.655860900878906
10.644000053405762 0.7760000228881836 3.944573163986206
10.321999549865723 0.4410000145435333 2.404362916946411
10.723999977111816 0.6159999966621399 4.083193778991699
10.286999702453613 0.765999972820282 2.2803421020507812
10.793000221252441 0.35499998927116394 4.909078598022461
10.506999969482422 0.5339999794960022 7.961594104766846
10.557000160217285 0.6190000176429749 7.7983012199401855
10.46500015258789 0.7149999737739563 1.5848932266235352
10.57800006866455 0.7480000257492065 7.22769832611084
10.432000160217285 0.4390000104904175 3.1405086517333984
10.720000267028809 0.49399998784065247 5.984116077423096
10.333000183105469 0.40799999237060547 2.074913501739502
10.251999855041504 0.4440000057220459 2.4945948123931885
10.54699993133545 0.7699999809265137 6.44169282913208
10.538999557495117 0.531000018119812 2.624218463897705
10.692999839782715 0.7379999756813049 4.830588340759277
10.416000366210938 0.7300000190734863 5.152286529541016
10.720000267028809 0.6240000128746033 1.3583134412765503
10.37399959564209 0.6790000200271606 5.069906711578369
10.741999626159668 0.7900000214576721 2.844460964202881
10.303999900817871 0.4099999964237213 4.31519079208374
10.722000122070312 0.746999979019165 6.668067932128906
10.692999839782715 0.7760000228881836 4.9203948974609375
10.722999572753906 0.7799999713897705 7.0307230949401855
10.729000091552734 0.7300000190734863 8.709635734558105
10.776000022888184 0.5019999742507935 3.8459177017211914
10.645999908447266 0.6480000019073486 5.741164684295654
10.642999649047852 0.7049999833106995 2.108628273010254
10.321999549865723 0.6669999957084656 6.081349849700928
10.649999618530273 0.6399999856948853 2.065380096435547
10.583999633789062 0.5770000219345093 4.742419719696045
10.607999801635742 0.6000000238418579 4.111497402191162
10.652999877929688 0.6290000081062317 5.284452438354492
10.727999687194824 0.7570000290870667 3.6812896728515625
10.479999542236328 0.6399999856948853 1.9275249242782593
10.532999992370605 0.5569999814033508 2.5409727096557617
10.758999824523926 0.7049999833106995 2.937649726867676
10.72700023651123 0.7889999747276306 6.123504161834717
10.741999626159668 0.367000013589859 5.767664432525635
10.696999549865723 0.75 1.150800347328186
10.618000030517578 0.7170000076293945 4.487453937530518
10.593000411987305 0.35199999809265137 2.1577444076538086
10.640000343322754 0.5389999747276306 5.874893665313721
10.581999778747559 0.7429999709129333 13.335214614868164
10.404000282287598 0.4779999852180481 3.2583670616149902
10.522000312805176 0.6930000185966492 3.672822952270508
10.442999839782715 0.75 2.0941123962402344
10.274999618530273 0.6790000200271606 0.8375293016433716
10.762999534606934 0.7549999952316284 2.728977680206299
10.751999855041504 0.42500001192092896 3.221068859100342
10.560999870300293 0.7360000014305115 4.28548526763916
10.654000282287598 0.7350000143051147 5.984116077423096
10.79800033569336 0.628000020980835 7.4301910400390625
10.656000137329102 0.4410000145435333 5.420009136199951
10.520999908447266 0.7459999918937683 3.7153522968292236
10.581000328063965 0.6140000224113464 4.44631290435791
10.555999755859375 0.781000018119812 3.758373975753784
10.326000213623047 0.40700000524520874 4.255984306335449
10.380000114440918 0.7609999775886536 5.714786529541016
10.430000305175781 0.3319999873638153 2.0323569774627686
10.748000144958496 0.4790000021457672 7.396052837371826
10.755000114440918 0.6830000281333923 3.0478949546813965
10.515999794006348 0.7889999747276306 3.1622776985168457
10.569999694824219 0.6520000100135803 4.6665940284729
10.397000312805176 0.3630000054836273 1.6106456518173218
10.368000030517578 0.5210000276565552 0.8491804599761963
10.543000221252441 0.6899999976158142 5.6234130859375
10.572999954223633 0.628000020980835 5.211946964263916
10.253000259399414 0.6480000019073486 2.1978600025177
10.425000190734863 0.6809999942779541 2.1577444076538086
10.574000358581543 0.4959999918937683 5.105050086975098
10.206000328063965 0.7680000066757202 6.918309211730957
10.319999694824219 0.7799999713897705 3.589219331741333
10.520999908447266 0.2930000126361847 4.808393478393555
10.39799976348877 0.3499999940395355 1.6368165016174316
10.269000053405762 0.7620000243186951 9.16220474243164
10.437000274658203 0.6349999904632568 3.169567346572876
10.614999771118164 0.7950000166893005 5.559042453765869
10.605999946594238 0.699999988079071 3.2960972785949707
10.72599983215332 0.5320000052452087 3.8106579780578613
10.503999710083008 0.30799999833106995 6.251727104187012
10.413000106811523 0.6589999794960022 4.425883769989014
10.26200008392334 0.5529999732971191 0.5457578301429749
10.723999977111816 0.675000011920929 6.6374311447143555
10.505999565124512 0.503000020980835 2.1777098178863525
10.357000350952148 0.7549999952316284 3.944573163986206
10.772000312805176 0.6669999957084656 3.2960972785949707
10.51200008392334 0.5490000247955322 2.2855987548828125
10.208999633789062 0.5989999771118164 4.436086654663086
10.67199993133545 0.7289999723434448 2.673006296157837
10.725000381469727 0.3970000147819519 5.727960586547852
10.515999794006348 0.7450000047683716 2.3014416694641113
10.631999969482422 0.4399999976158142 2.792543888092041
10.423999786376953 0.4390000104904175 3.6140987873077393
10.72700023651123 0.6869999766349792 3.097419261932373
10.6899995803833 0.7329999804496765 2.992264747619629
10.633000373840332 0.7789999842643738 2.409905433654785
10.220999717712402 0.6200000047683716 1.2618275880813599
10.585000038146973 0.7200000286102295 3.1768739223480225
10.791000366210938 0.7789999842643738 6.501297473907471
10.536999702453613 0.7889999747276306 3.6140987873077393
10.696000099182129 0.7590000033378601 8.570379257202148
10.659000396728516 0.7910000085830688 4.59197998046875
10.428999900817871 0.593999981880188 3.9902491569519043
10.592000007629395 0.7720000147819519 3.5974934101104736
10.586999893188477 0.5019999742507935 3.0619635581970215
10.777999877929688 0.6779999732971191 3.372873067855835
10.520000457763672 0.703000009059906 4.0457587242126465
10.699000358581543 0.7400000095367432 5.321082592010498
10.755999565124512 0.5960000157356262 7.550922870635986
10.37600040435791 0.7580000162124634 3.019951581954956
10.779999732971191 0.746999979019165 3.2809526920318604
10.569000244140625 0.6480000019073486 6.109420299530029
10.753999710083008 0.43700000643730164 4.645152568817139
10.696999549865723 0.5659999847412109 3.2960972785949707
10.758000373840332 0.6759999990463257 6.668067932128906
10.567999839782715 0.5249999761581421 3.221068859100342
10.567999839782715 0.6579999923706055 4.954501628875732
10.331999778747559 0.6830000281333923 1.655769944190979
10.75100040435791 0.6800000071525574 4.2953643798828125
10.487000465393066 0.5950000286102295 3.0619635581970215
10.755999565124512 0.6610000133514404 6.622164726257324
10.571999549865723 0.43799999356269836 2.564484119415283
10.640999794006348 0.6830000281333923 3.3113110065460205
10.644000053405762 0.6919999718666077 1.4454398155212402
10.79800033569336 0.550000011920929 5.211946964263916
10.770000457763672 0.5920000076293945 4.055085182189941
10.713000297546387 0.6330000162124634 5.407543182373047
10.741000175476074 0.5929999947547913 3.572728157043457
10.64900016784668 0.4099999964237213 6.98232364654541
10.602999687194824 0.4309999942779541 3.5809645652770996
10.635000228881836 0.46299999952316284 4.965922832489014
10.46399974822998 0.7730000019073486 2.426609992980957
10.78499984741211 0.5920000076293945 4.405548572540283
10.543999671936035 0.6880000233650208 5.333348751068115
10.6850004196167 0.722000002861023 5.420009136199951
10.595000267028809 0.6110000014305115 7.328245639801025
10.541999816894531 0.6200000047683716 5.248075008392334
10.741000175476074 0.25099998712539673 5.727960586547852
10.373000144958496 0.5929999947547913 5.9429216384887695
10.673999786376953 0.26499998569488525 4.602565765380859
10.467000007629395 0.515999972820282 1.6405898332595825
10.482999801635742 0.671999990940094 3.9264492988586426
10.795999526977539 0.5889999866485596 4.988844871520996
10.762999534606934 0.7179999947547913 3.758373975753784
10.756999969482422 0.44999998807907104 4.345102310180664
10.375 0.5860000252723694 0.6531305313110352
10.614999771118164 0.4519999921321869 1.9998618364334106
10.239999771118164 0.4339999854564667 3.539973497390747
10.37600040435791 0.6380000114440918 1.6710906028747559
10.395999908447266 0.6039999723434448 3.118889570236206
10.369000434875488 0.6069999933242798 4.497798442840576
10.515999794006348 0.5090000033378601 5.445026397705078
10.253000259399414 0.6830000281333923 3.3036954402923584
10.305000305175781 0.39399999380111694 2.8906798362731934
10.543000221252441 0.46000000834465027 3.944573163986206
10.744000434875488 0.5550000071525574 4.017907619476318
10.463000297546387 0.6159999966621399 2.951209306716919
10.723999977111816 0.6600000262260437 3.221068859100342
10.59000015258789 0.4620000123977661 5.5207743644714355
10.708999633789062 0.7329999804496765 1.7741894721984863
10.652000427246094 0.7409999966621399 4.027170658111572
10.704000473022461 0.6980000138282776 4.083193778991699
10.407999992370605 0.5199999809265137 3.243396043777466
10.593999862670898 0.5839999914169312 8.035261154174805
10.751999855041504 0.5889999866485596 5.533500671386719
10.74899959564209 0.5899999737739563 6.123504161834717
10.458000183105469 0.5709999799728394 1.7179083824157715
10.449999809265137 0.25699999928474426 5.874893665313721
10.732999801635742 0.4790000021457672 2.500345468521118
10.39900016784668 0.6679999828338623 4.415704250335693
10.607999801635742 0.7599999904632568 4.9773712158203125
10.531999588012695 0.33399999141693115 1.629296064376831
10.732000350952148 0.5090000033378601 5.902011394500732
10.630000114440918 0.5550000071525574 4.864071846008301
10.244000434875488 0.6349999904632568 1.8749945163726807
10.361000061035156 0.26100000739097595 4.036454200744629
10.218999862670898 0.4740000069141388 2.500345468521118
10.78499984741211 0.7670000195503235 5.834450721740723
10.350000381469727 0.7540000081062317 3.5563132762908936
10.381999969482422 0.7639999985694885 1.273503065109253
10.717000007629395 0.7730000019073486 5.011872291564941
10.541999816894531 0.503000020980835 4.528975963592529
10.791999816894531 0.6890000104904175 4.027170658111572
10.465999603271484 0.7020000219345093 2.5763211250305176
10.517999649047852 0.6230000257492065 2.642408609390259
10.503000259399414 0.43299999833106995 2.074913501739502
10.687000274658203 0.5649999976158142 4.28548526763916
10.652000427246094 0.6290000081062317 3.3962528705596924
10.772000312805176 0.7620000243186951 7.194489479064941
10.737000465393066 0.5849999785423279 6.998420238494873
10.788999557495117 0.6110000014305115 3.6643757820129395
10.616000175476074 0.5649999976158142 4.405548572540283
10.545999526977539 0.3479999899864197 4.197589874267578
10.75100040435791 0.5649999976158142 4.31519079208374
10.795999526977539 0.5239999890327454 7.780364990234375
10.28499984741211 0.6129999756813049 2.8119008541107178
10.71500015258789 0.6190000176429749 5.482769966125488
10.430000305175781 0.7440000176429749 2.805433750152588
10.631999969482422 0.5019999742507935 4.570882320404053
10.201000213623047 0.546999990940094 2.2803421020507812
10.305999755859375 0.7580000162124634 2.0941123962402344
10.432999610900879 0.48500001430511475 2.546830177307129
10.776000022888184 0.367000013589859 4.335109233856201
10.350000381469727 0.5830000042915344 3.3265955448150635
10.585000038146973 0.6549999713897705 2.264644145965576
10.699999809265137 0.6959999799728394 4.345102310180664
10.588000297546387 0.6240000128746033 13.243414878845215
10.78499984741211 0.7350000143051147 2.3988327980041504
10.79800033569336 0.5379999876022339 2.432204008102417
10.725000381469727 0.7110000252723694 2.349632740020752
10.366000175476074 0.7080000042915344 6.3386969566345215
10.793000221252441 0.7089999914169312 5.754399299621582
10.637999534606934 0.6740000247955322 3.076096773147583
10.628999710083008 0.4699999988079071 4.549880504608154
10.435999870300293 0.6159999966621399 4.2461957931518555
10.40999984741211 0.7960000038146973 4.864071846008301
10.732999801635742 0.492000013589859 5.284452438354492
10.64900016784668 0.3659999966621399 5.248075008392334
10.395999908447266 0.550000011920929 3.69828200340271
10.690999984741211 0.4269999861717224 3.9084091186523438
10.432999610900879 0.6890000104904175 2.344228744506836
10.73900032043457 0.42800000309944153 4.375220775604248
10.543000221252441 0.7749999761581421 3.4753615856170654
10.793000221252441 0.6800000071525574 4.2657952308654785
10.73799991607666 0.5529999732971191 8.053784370422363
10.616000175476074 0.4580000042915344 2.624218463897705
10.732999801635742 0.7699999809265137 4.092606544494629
10.793999671936035 0.42899999022483826 4.9773712158203125
10.307000160217285 0.36000001430511475 4.139996528625488
10.223999977111816 0.7179999947547913 11.803207397460938
10.380000114440918 0.5580000281333923 3.5481340885162354
10.317999839782715 0.6330000162124634 3.854783773422241
10.668999671936035 0.6480000019073486 4.073802947998047
10.335000038146973 0.7879999876022339 2.142890691757202
10.343000411987305 0.7879999876022339 2.269864797592163
10.723999977111816 0.6000000238418579 2.773319959640503
10.734000205993652 0.6589999794960022 4.0457587242126465
10.449999809265137 0.5320000052452087 3.944573163986206
10.538000106811523 0.6840000152587891 11.246049880981445
10.706000328063965 0.6869999766349792 1.0139113664627075
10.77400016784668 0.722000002861023 7.277797698974609
10.479999542236328 0.640999972820282 1.6943378448486328
10.64900016784668 0.6019999980926514 3.6559481620788574
10.447999954223633 0.5669999718666077 1.629296064376831
10.788999557495117 0.7200000286102295 8.749836921691895
10.71500015258789 0.6510000228881836 3.6307804584503174
10.75 0.27300000190734863 5.559042453765869
10.210000038146973 0.6890000104904175 4.841723918914795
10.682000160217285 0.652999997138977 3.828247547149658
10.60200023651123 0.7699999809265137 6.095369338989258
10.425000190734863 0.7279999852180481 5.7016425132751465
10.333999633789062 0.7689999938011169 0.6982324123382568
10.461000442504883 0.4009999930858612 2.290867805480957
10.428999900817871 0.5929999947547913 2.5585858821868896
10.48799991607666 0.7839999794960022 4.518558979034424
10.720000267028809 0.6000000238418579 5.248075008392334
10.76099967956543 0.5360000133514404 4.425883769989014
10.557999610900879 0.4339999854564667 2.449063301086426
10.687000274658203 0.7170000076293945 2.7542285919189453
10.640000343322754 0.5360000133514404 11.939881324768066
10.71399974822998 0.734000027179718 1.6519618034362793
10.666999816894531 0.6010000109672546 2.2594358921051025
10.772000312805176 0.718999981880188 7.481695175170898
10.711999893188477 0.41200000047683716 5.407543182373047
10.550000190734863 0.5789999961853027 3.539973497390747
10.338000297546387 0.7490000128746033 5.984116077423096
10.753000259399414 0.6119999885559082 2.0137240886688232
10.656999588012695 0.7300000190734863 0.9616122841835022
10.248000144958496 0.6570000052452087 1.9498445987701416
10.640000343322754 0.6549999713897705 3.0831878185272217
10.494000434875488 0.7609999775886536 4.965922832489014
10.696999549865723 0.23600000143051147 6.8076934814453125
10.770999908447266 0.48500001430511475 4.3651580810546875
10.506999969482422 0.5609999895095825 2.070141315460205
10.777000427246094 0.7490000128746033 5.420009136199951
10.62600040435791 0.7020000219345093 4.8752851486206055
10.279999732971191 0.5860000252723694 5.333348751068115
10.562999725341797 0.6499999761581421 4.786301136016846
10.604000091552734 0.7409999966621399 5.035006523132324
10.621000289916992 0.625 3.349654197692871
10.791000366210938 0.5220000147819519 2.4434306621551514
10.711999893188477 0.777999997138977 4.120975494384766
