144747.02+005518.0 221.9459381 0.921689 0.2964
090654.53+021315.2 136.7272339 2.2208979 2.0153
133413.63+022932.1 203.5568133 2.4922507 2.917
151216.53+430012.4 228.0689043 43.0034471 2.125
010612.02+005220.3 16.5501095 0.8723128 0.257
113701.68+000438.1 174.2570121 0.077262 2.292
223746.11+020758.3 339.4421543 2.1328623 2.534
014235.36+012334.0 25.6473419 1.3927863 2.0093
135918.63+024115.5 209.8276441 2.6876408 2.162
020440.94-022043.1 31.1705996 -2.3453114 2.2083
234954.68-000009.6 357.4778442 -0.002669 1.3945
123939.06+003439.8 189.9127808 0.57774 2.139
132352.75-020101.7 200.9698029 -2.0171571 0.2231
143459.73+421640.1 218.7489128 42.277832 1.3197
141453.39+421745.4 213.7224744 42.2959688 1.6305
101720.35+011529.5 154.334812 1.2582105 2.285
020412.38-070331.1 31.0516166 -7.0586511 3.107
123128.60+013524.0 187.8691711 1.590018 0.5249
010605.35-005950.8 16.5223274 -0.997458 1.8569
123916.97+014654.2 189.8207397 1.781744 2.1227
022146.50+020806.0 35.4437588 2.1350261 1.2222
233526.63-010634.9 353.860997 -1.1097213 2.61
235513.65+025225.5 358.8068961 2.8737736 1.0458
023806.13-030155.6 39.5255519 -3.0321236 0.77
014446.92+000735.2 26.1955081 0.1264593 2.482
145705.66+430856.7 224.2735964 43.1491049 2.301
221511.68+044918.4 333.798685 4.8218014 2.229
151548.67+430420.5 228.9528198 43.0723763 0.5275
011547.17-004646.3 18.9465603 -0.7795554 0.9875
124808.68+014312.5 192.0361682 1.7201582 2.273
022715.34-015516.9 36.8139411 -1.9213806 1.3246
223407.77+002043.4 338.5324141 0.3453969 2.341
142228.70+013530.9 215.6195999 1.5919227 2.742
013221.31+001605.1 23.0887976 0.2680902 1.5164
221545.77-002405.7 333.9407429 -0.4015949 2.547
013633.63+000819.8 24.1401367 0.138842 1.0494
152039.69+421111.1 230.165388 42.1864422 0.485
113613.37+033840.9 174.0557251 3.6447001 1.1874
022430.27-005139.7 36.1261582 -0.8610407 2.725
143754.71-015312.1 219.4779663 -1.886722 1.3128
144145.09+023743.0 220.4378815 2.6286371 1.1601
220417.99+043412.2 331.0749831 4.570057 2.525
110542.72+020250.8 166.428009 2.0474639 0.4547
155257.34+432738.7 238.2389221 43.4607697 1.1171
020151.65+012902.5 30.4652391 1.4840289 0.1554
140034.70+004733.4 210.1446228 0.792621 0.3616
160930.52+414701.7 242.3771962 41.783815 2.989
115302.69+011027.8 178.2612248 1.1744163 0.576
224120.23+000608.3 340.3343289 0.1023213 0.857
122012.23+024316.8 185.0509768 2.7213515 3.211
145331.62+021928.5 223.3817686 2.3246 2.805
095139.64-004948.5 147.915203 -0.8301575 0.627
020009.10+012848.5 30.0379175 1.4801458 1.4876
220235.76+065828.7 330.6490039 6.9746394 2.293
014426.34-001122.7 26.1097836 -0.1896511 3.0614
105716.18+033930.0 164.3174407 3.6583377 2.211
222341.49-010046.8 335.9228937 -1.0130166 0.864
021249.47+003448.6 33.2061653 0.580188 1.2133
092436.90-002355.1 141.1537598 -0.3986649 0.796
021958.59+023116.9 34.9941385 2.5213739 3.311
133222.62+034739.9 203.0942688 3.794435 1.4379
085156.74+005727.2 132.9864384 0.9575745 0.593
230556.46+013757.0 346.4852726 1.6325115 2.926
110556.27+003203.4 166.4844761 0.5342816 2.39
001105.57+002653.5 2.773221 0.448203 0.4546
103014.06-012343.4 157.5586075 -1.3954057 4.01
135351.75+024653.4 208.4656369 2.7815246 0.74
010748.49-000740.4 16.9520658 -0.1278899 0.2954
003800.44+022033.6 9.5018617 2.3426849 0.7491
015343.74-005559.8 28.432284 -0.9332966 2.017
001551.46+005856.4 3.9644543 0.9823599 0.693
095437.03+044956.7 148.6543089 4.8324184 3.49
111125.81+035122.9 167.8575509 3.8563775 2.273
020130.46-004448.9 30.3769424 -0.7469284 1.4915
233201.42-005655.2 353.0059509 -0.948675 1.0259
132833.25-021858.1 202.1385498 -2.316149 1.5825
121745.76+022109.5 184.4406891 2.352654 0.2785
150038.39+024511.5 225.1599912 2.7532117 2.583
101422.78+003112.3 153.5949532 0.5201027 0.935
152343.21+424800.7 230.9300563 42.8002036 0.703
003646.73+004958.9 9.19473 0.8330417 1.6955
162438.11+433114.8 246.1588004 43.5207783 2.606
220045.56+035916.7 330.1898739 3.9879728 0.667
111105.61-004038.4 167.7733917 -0.677348 1.0591
023253.38-055918.6 38.22241666666666 -5.9885 -99
143822.97-015557.9 219.5957294 -1.9327577 3.568
001206.26+023704.7 3.0261044 2.6179833 1.5316
222129.86+000429.8 335.3744356 0.0749579 2.499
124108.16-014646.2 190.2840002 -1.7795236 2.507
020124.46+021406.4 30.3519472 2.2351307 0.769
013303.49-001255.3 23.2645832 -0.2153639 1.7675
221951.03+010310.2 334.9626465 1.052838 0.6361
000325.20-004420.5 0.8550023 -0.7390404 0.866
094437.99+035935.7 146.1583252 3.9932721 1.332
234718.40-000956.0 356.8266946 -0.165564 2.641
085752.41+025520.0 134.468407 2.9222493 2.934
132528.52+031930.4 201.368837 3.3251357 2.706
143012.35+430333.0 217.5514779 43.0591785 2.729
102614.83+040730.6 156.5618233 4.1251908 1.671
022103.73+003517.6 35.2655451 0.58823 1.3222
144137.18-001324.9 220.4049377 -0.2235957 3.622
221350.39-003748.7 333.459965 -0.6302177 1.614
085821.56-002412.2 134.5898699 -0.4034126 2.24
134826.86-005943.9 207.1119537 -0.995528 0.234
160141.11+421538.6 240.4213013 42.2607418 2.138
084625.25+012846.3 131.6052349 1.4795541 0.509
022612.96+025202.3 36.5540061 2.867328 1.7971
234101.24+013650.9 355.2552074 1.614142 0.708
221101.45+001449.0 332.756073 0.246971 1.5081
161550.59+442104.1 243.9608307 44.3511505 0.4386
100719.31+030554.5 151.8304749 3.0984919 1.3593
022640.08+022006.2 36.6670148 2.3350587 1.1377
022045.29+011252.8 35.1887321 1.214677 1.6549
004134.28+003555.9 10.3928665 0.5988698 0.8137
013210.43+005241.4 23.0434854 0.8781842 1.045
163538.78+423816.9 248.9116058 42.6380424 1.1271
123821.66+010518.6 189.590281 1.0885192 3.159
144752.01+001005.0 221.9667278 0.1680828 2.462
232610.23-010427.8 351.5426437 -1.0744104 2.541
003701.33+001546.2 9.255566 0.2628572 1.155
092310.01+020438.4 140.7917243 2.0773378 2.243
235237.62+030006.1 358.1567523 3.0016987 1.943
235123.97+020923.9 357.8498968 2.1566589 0.9081
001113.76+002032.3 2.8073409 0.3423231 2.955
090900.80-004021.6 137.2533639 -0.6726753 2.253
145722.02+025342.5 224.3417816 2.895144 1.9255
220811.56+023830.1 332.0482069 2.641707 3.179
104030.77+050932.7 160.128212 5.1590946 2.941
093413.78-010913.7 143.5574432 -1.1538286 2.97
085403.26+041812.2 133.5135956 4.3034058 0.4646
104122.84-005618.4 160.3451843 -0.938452 0.4973
013341.35-004516.6 23.4223111 -0.7546236 3.273
021448.54-010043.7 33.702257 -1.012156 3.0296
135944.20+012809.8 209.9342041 1.469391 1.0968
131812.29+015624.1 199.5512412 1.9400422 2.556
092802.64+053404.9 142.0110016 5.5680318 1.3538
144927.24+431644.0 222.3635406 43.2788925 0.3393
141114.28-013348.8 212.8095216 -1.5635568 2.783
143545.28-015447.6 218.9387041 -1.9132441 2.522
221042.18+004703.0 332.6757812 0.784174 1.8587
124942.72+033432.0 192.4280323 3.5755651 1.825
015749.67-021558.0 29.4569903 -2.2661279 0.8548
105722.86+001311.9 164.3452647 0.2199927 2.342
090133.42+031412.4 135.3892822 3.2367971 0.4586
123824.90+001834.5 189.6037702 0.309607 2.152
001453.95+003547.6 3.7248178 0.5965707 2.96
145113.57+030341.0 222.8065491 3.061415 0.393
120642.90-002805.3 181.6787648 -0.4681532 2.305
232821.40-004045.2 352.0892029 -0.679236 2.0862
235852.60+000052.1 359.719201 0.014486 1.7986
231152.90-001335.0 347.9704285 -0.226392 0.3478
003737.55+010952.9 9.4064582 1.1647202 1.7686
220718.43-001723.1 331.8268127 -0.289751 0.7086
020559.29-030301.0 31.4970712 -3.050292 0.4313
233713.66+005610.8 354.3069458 0.936338 0.7078
235142.45+025734.2 357.926897 2.9595219 0.5426
162805.14+443331.6 247.0214373 44.5587778 0.755
011748.20+024850.6 19.4508691 2.8140562 1.56
222328.66+064420.7 335.8694429 6.7391046 0.776
152750.12+422035.5 231.9588623 42.3432007 0.7846
104109.85+001051.8 160.2910452 0.1810714 2.261
142038.32+035257.6 215.1596985 3.8826821 2.1375
133144.44-001252.4 202.9351734 -0.2145773 0.801
115403.00+003154.0 178.5125122 0.531668 0.4481
000913.63-000112.6 2.3068134 -0.020171 0.633
022656.91-013214.6 36.7371662 -1.5374019 2.64
091741.12+001729.0 139.4213562 0.29141 1.1739
022837.60+003010.2 37.1566885 0.5028563 1.015
220957.98+022219.5 332.4915991 2.3721085 0.743
093411.51+002952.0 143.5479584 0.497796 1.9177
010107.50-001132.8 15.2812757 -0.1924518 1.274
145802.46+434031.4 224.5102874 43.6754126 2.1362
022933.30+005004.8 37.3887832 0.8346684 1.392
020433.71-045931.2 31.1404674 -4.9920037 2.568
132451.81-002843.8 201.2158863 -0.4788538 2.497
084118.84+014423.7 130.3285133 1.739935 2.489
101811.09+030043.5 154.5462494 3.012099 0.5404
150053.30+434343.3 225.222092 43.7287079 1.7491
003912.62+004118.8 9.8026068 0.6885785 2.1813
122349.29+021449.1 185.9554138 2.2469931 0.4084
020428.38+020815.7 31.1182861 2.1377099 1.1847
110556.18+031243.1 166.4841156 3.2119861 0.3532
235335.91-010639.3 358.3996277 -1.1109329 1.2966
123316.63+003901.3 188.3193266 0.6503721 0.784
144009.57+023137.4 220.039908 2.5270576 2.199
224002.10+062358.4 340.0087612 6.3995717 3.435
011314.17+011023.9 18.3090761 1.173306 1.6985
022950.46-000227.3 37.4602521 -0.0409194 1.722
221115.06-000030.9 332.8127747 -0.008605 0.4778
023049.21+011951.6 37.7050425 1.3310174 1.5569
145347.46+003927.0 223.4477844 0.657523 1.0905
142926.71-013527.4 217.3612995 -1.5909607 0.799
140139.46+025721.3 210.4144444 2.9559402 0.25
220132.66+030733.9 330.3860992 3.1261033 2.553
012340.08-000623.9 20.9170122 -0.1066393 1.3779
141907.10+430437.6 214.7795905 43.0771335 1.7582
015122.14-002625.8 27.8422781 -0.4405206 2.301
001750.24+023759.4 4.4593613 2.6331802 1.9157
145757.91-010601.0 224.4913048 -1.1002985 2.174
232930.16-000752.7 352.3757019 -0.131321 0.8608
113417.31+011316.5 173.5721283 1.221253 0.8335
023130.05+003611.7 37.8752092 0.6032711 1.212
145001.68+022006.7 222.5070343 2.335207 0.5199
134144.89+022017.0 205.437048 2.3380738 3.252
091258.20+014457.1 138.2425091 1.7492029 2.436
003000.32-001705.8 7.5013606 -0.2849527 1.934
092115.29-004507.2 140.313736 -0.752026 1.2492
095827.20+041723.4 149.613337 4.2898416 2.53
231739.42+011534.4 349.4142841 1.259567 2.302
144546.17+000616.7 221.4423981 0.104647 0.6112
140259.92+034333.7 210.7497046 3.7260325 2.83
121936.45-022244.6 184.9018868 -2.3790626 2.3
024125.73-011235.8 40.3572182 -1.2099477 1.0626
132652.05+041451.1 201.7168884 4.2475328 1.7199
012836.06+000228.2 22.1502703 0.0411792 1.089
085008.33+023523.0 132.5347439 2.5897232 2.559
084358.64+033950.4 130.9943424 3.6640168 2.37
221227.74+005140.5 333.1156006 0.861267 1.7725
010733.11-001332.8 16.8879944 -0.2257939 1.234
022238.84-004404.6 35.6618567 -0.7346361 2.629
000047.43+004337.1 0.197663 0.7269782 1.1764
020234.72-011014.7 30.6446701 -1.1707658 1.4536
120121.33+023102.3 180.3389092 2.5173297 2.883
000129.98+001911.3 0.3749295 0.3198331 1.9599
015536.88-003603.9 28.9036903 -0.60111 0.3861
020452.73-010822.4 31.2197489 -1.1395573 2.579
125825.08+044129.4 194.6045074 4.691504 2.4288
130047.68+041320.4 195.1986859 4.2223515 2.358
143158.17-005500.4 217.9924033 -0.916779 2.287
234348.33+000202.8 355.9513855 0.034122 1.8117
143005.73+443922.7 217.5239149 44.6563191 2.773
125258.75-004236.1 193.244812 -0.71003 1.3731
142931.58+012123.5 217.3815918 1.356547 1.5188
022325.00-003612.6 35.854187 -0.603514 0.4778
084856.08+011540.0 132.2336884 1.261119 0.6457
014024.09+022701.8 25.1003791 2.4505081 1.3972
013013.72+003713.7 22.5572064 0.6204828 0.741
135003.07-022616.5 207.5128326 -2.4379201 1.8359
023123.53-005230.0 37.8480761 -0.8750131 1.95
222319.91+010619.4 335.8329771 1.1054115 2.386
122913.10+033218.7 187.3046084 3.5385428 2.362
222029.54+004401.3 335.1231079 0.733711 0.6206
084608.67+021555.3 131.5361328 2.2653639 1.2163
233718.11+004811.0 354.3254741 0.803072 0.711
133243.13+010146.3 203.1797485 1.029536 1.1019
021026.46+022557.3 32.6102754 2.4325884 3.224
132752.60+035916.1 201.9691925 3.9878249 1.7473
142239.88+420220.3 215.6661741 42.0389822 3.233
010335.35-005527.3 15.8972984 -0.9242518 0.2657
162236.67+415256.0 245.652808 41.8822495 1.137
124854.40+041151.4 192.2266998 4.1976228 1.1205
014945.33-003257.4 27.4389107 -0.5492796 1.8191
131459.86+015640.7 198.7494276 1.9446413 2.305
091247.59-004717.3 138.1983318 -0.7881638 2.875
130822.59+011535.7 197.094162 1.259927 0.5107
004112.41+011128.9 10.3017178 1.191363 1.7556
230453.61-010924.4 346.2233857 -1.1567879 2.229
020836.33+021653.2 32.1513911 2.2814524 2.0081
144245.50+041619.4 220.6895905 4.2720671 2.0118
020553.63-025719.2 31.4734633 -2.9553371 1.271
232743.72+002837.0 351.9321899 0.476946 0.5237
134436.14+003323.7 206.1506136 0.5566087 1.429
013621.54+021747.4 24.0897534 2.2965213 1.4854
091443.03+004634.8 138.6793213 0.776343 1.8612
003946.87+003452.8 9.9453049 0.581358 0.6624
161433.77+443842.9 243.6407318 44.645256 1.3028
132255.63+033659.4 200.7317927 3.616515 2.703
124934.84+015808.0 192.3951721 1.9689 0.9639
085137.30+045156.6 132.9054565 4.865747 0.397
224019.88+001632.6 340.0828552 0.275733 0.863
154941.70+440458.5 237.4237823 44.0829391 0.3728
100935.02+004536.5 152.3959351 0.760158 1.2352
002735.62+001938.5 6.8984262 0.3273659 2.0448
112548.79+004547.1 171.4532998 0.7630922 3.258
150114.50-011839.7 225.3104248 -1.311053 0.6452
144551.13-000650.3 221.4630737 -0.113997 0.6258
133520.80-000223.6 203.8366733 -0.0399141 0.968
135356.74+022228.5 208.4864197 2.374598 1.3018
104517.83+001304.0 161.3243118 0.2177782 0.453
020656.11+011930.2 31.7338148 1.3250826 0.4506
093027.60+003804.0 142.6150223 0.6344699 1.84
142557.61+433418.7 216.4900604 43.5718887 1.1332
092919.16+041414.2 142.3298492 4.2372808 0.371
221540.44+035849.7 333.9185161 3.9804729 3.211
234631.04-001732.5 356.6293589 -0.2923628 2.452
225206.51+003514.7 343.0271596 0.5874181 3.074
230744.05+002428.4 346.9335632 0.407907 1.5732
235132.46+024328.3 357.8852821 2.7245288 1.4286
013439.27+001731.5 23.66366 0.292104 1.6626
001018.41+002513.3 2.5767328 0.4203614 1.0494
012916.14-003211.4 22.3172533 -0.5365004 1.837
224413.58+055600.4 341.056612 5.9334676 2.437
222148.07+072632.9 335.4502997 7.4424972 0.761
224524.31+021755.4 341.3512972 2.2987441 3.156
131210.01+024314.7 198.0417238 2.7207557 2.662
020001.50-034401.6 30.0062893 -3.7338023 1.8932
132144.15+035243.8 200.4339812 3.8788445 2.197
231230.69-000125.3 348.1278992 -0.023718 1.6897
122353.61+050320.9 185.9733953 5.0558204 2.445
142457.23+031141.4 216.2384949 3.194854 1.2099
015903.74-003016.6 29.7656018 -0.5046132 2.888
090257.75+011111.8 135.7406311 1.186617 1.0417
140622.44-011230.8 211.5935364 -1.2085561 1.1541
131441.57+024032.6 198.673237 2.6757264 0.805
143822.22+041647.9 219.5925905 4.2799973 0.728
163216.75+421210.7 248.069831 42.2029725 2.255
001403.54+022922.6 3.5147565 2.489629 1.6874
001222.48-002356.2 3.0936737 -0.3989637 1.2472
102408.35-003854.3 156.0348254 -0.6484195 2.241
013928.16-000225.2 24.8673477 -0.0403392 2.0517
125156.49+015249.7 192.9854126 1.880474 0.3295
093209.46+024351.6 143.0394287 2.731019 1.0036
021907.28-034434.6 34.7803595 -3.7429583 1.047
220910.38-001601.5 332.2932739 -0.267085 1.0867
095407.58+023833.3 148.5315999 2.6425898 2.035
124153.74+003648.0 190.4739385 0.6133509 2.08
000135.17+021104.8 0.3965713 2.184694 1.4711
015604.78+021320.8 29.0199224 2.2224656 1.581
231849.15-011437.9 349.7048282 -1.2438834 2.715
125506.90+035243.7 193.7787909 3.8788062 2.33
021510.94-010209.6 33.7955886 -1.0360029 2.2745
233359.64+010156.1 353.4985035 1.0322724 2.525
143604.88+423242.1 219.0203547 42.5450443 1.375
022125.31+013053.7 35.3554937 1.5149324 2.1834
145313.37+012256.7 223.3057251 1.38244 1.9199
013407.16+014055.6 23.5298548 1.6821369 1.4621
223151.82-010149.4 337.9659424 -1.030414 1.0522
225111.19+005944.2 342.7966507 0.9956158 3.864
141526.99+035717.3 213.8624927 3.9548105 2.352
114337.95+004927.9 175.9081317 0.824431 2.113
003614.26+020354.9 9.0594564 2.0652707 2.4479
134005.94-005012.5 205.0247736 -0.8368328 2.38
231854.69-012725.9 349.7278854 -1.4572141 2.336
152133.11+421628.7 230.3879754 42.2746473 2.445
011153.18+001332.3 17.9715941 0.2256557 0.3716
233743.11-010421.9 354.4296275 -1.072777 2.146
114643.22+023014.5 176.6801199 2.5040446 2.284
151155.48+442013.0 227.9811893 44.3369456 3.265
105234.88+002713.1 163.1453714 0.4536433 2.163
125456.86-021811.1 193.7369575 -2.3031022 0.609
022558.98-022515.1 36.4957533 -2.420871 1.7961
133709.29+011351.1 204.2887115 1.230886 1.8944
130953.52+050443.3 197.4730054 5.0787132 2.468
151434.38+434507.1 228.643284 43.7519957 2.533
001115.06+015734.7 2.8127686 1.9596427 1.0628
221457.47+070055.4 333.7394727 7.0153957 0.721
114809.83-011445.1 177.0409742 -1.2458653 2.684
000439.97-000146.4 1.166559 -0.029582 0.5829
021907.35-022715.2 34.780649 -2.454234 1.1836
144107.41+021106.5 220.2808838 2.185147 1.1969
093750.13+020827.1 144.4588776 2.1408739 1.6917
001441.27+021251.3 3.671967 2.2142631 3.6915
140033.34-005840.6 210.1389389 -0.9779593 2.378
102518.76-003558.9 156.3281676 -0.5996951 2.49
002023.18-001110.6 5.0965881 -0.186299 1.6416
013108.16-002726.7 22.7840214 -0.457427 0.4443
143553.98-022156.9 218.9749567 -2.36582 1.706
001904.83+003436.5 4.770144 0.576825 2.117
134515.80+041115.9 206.315867 4.1877715 2.428
003547.37+021541.9 8.9474102 2.2616535 0.84
022945.81-045156.3 37.440875 -4.865638888888888 -99
112144.76+011421.9 170.4365234 1.2394381 1.2921
085429.67+031935.2 133.6236572 3.3264711 0.3856
013816.71-003151.1 24.5696463 -0.5308815 1.0724
233442.59-012217.1 353.677471 -1.3714441 0.822
020647.58+004919.3 31.6982594 0.8220417 1.8395
130550.51-012331.5 196.460495 -1.392101 0.2498
002447.06-003304.0 6.1960872 -0.5511148 0.731
023651.11+015828.1 39.2129992 1.9744932 2.363
114756.23-001318.8 176.9843032 -0.2218947 2.591
144742.94-015919.6 221.9289168 -1.9887993 3.106
120725.77-023024.5 181.8573761 -2.5068181 0.8641
084036.44+000804.9 130.1518539 0.1347106 2.5
235332.19+020938.3 358.3841491 2.1606459 0.5158
220842.95-010403.0 332.1789701 -1.0675247 3.969
144638.87-003805.8 221.6619873 -0.634954 1.9266
220812.37+012606.4 332.0515752 1.4351299 2.574
115414.98+023655.2 178.5624447 2.61534 3.331
092946.83+000158.2 142.4451458 0.0328369 3.06
225830.62-000714.4 344.627594 -0.12068 0.5933
022719.72-035820.1 36.832166666666666 -3.9722500000000003 -99
141637.44+003352.2 214.1560211 0.564521 0.4336
010419.83+022012.3 16.0826629 2.3367669 1.6011
234400.35-005733.3 356.0014904 -0.9592657 2.361
020025.62-010041.6 30.1067826 -1.0115578 0.4788
010829.26+000027.3 17.1219357 0.0075938 2.4294
144308.16-004913.4 220.7840118 -0.820399 1.3722
085157.62+013036.0 132.9901056 1.5100069 2.365
023525.30+022618.7 38.8554289 2.4385376 1.041
024024.24-005259.8 40.1010379 -0.8832861 1.021
090500.09+033609.1 136.2503843 3.6025519 0.79
095556.29+033503.6 148.984545 3.584352 0.777
230524.47+005209.7 346.3519592 0.869377 1.8499
010144.09+022427.1 15.4337134 2.4075357 1.7852
235022.34+023723.1 357.5930925 2.6230937 3.224
023546.83+024814.3 38.9451633 2.8039931 0.5767
022453.78-011359.2 36.2241138 -1.2331148 0.927
130055.53+040551.8 195.231415 4.0977406 0.295
023054.68-000636.7 37.7278469 -0.110206 1.028
022225.92+003401.7 35.6080001 0.5671636 1.236
233455.93+011422.7 353.7330627 1.239643 1.9145
022009.85-005642.6 35.0410714 -0.9451921 2.343
144501.19+424641.2 221.2549816 42.7781111 2.37
113826.12-003220.9 174.608848 -0.5391607 3.022
120619.12-010027.3 181.5796814 -1.007607 0.5386
090033.55+025727.9 135.1398243 2.9577692 2.236
143452.74-002828.0 218.7197571 -0.474471 2.2553
142749.77+415918.7 216.9573988 41.98853 2.1619
084852.78+011532.1 132.2199197 1.2589305 2.675
141645.65+434256.3 214.1902301 43.7156474 2.416
094132.90+000731.1 145.387085 0.125333 0.4889
221520.44+050718.6 333.835205 5.1218482 1.003
023433.98+013818.4 38.6416171 1.6384514 1.3913
000453.83+001546.0 1.2243156 0.2627827 2.862
134722.75+015504.9 206.8448181 1.9180371 0.3986
141238.21+422521.0 213.1592338 42.4225063 1.9394
101106.12+043627.7 152.775528 4.6077189 0.8654
130029.01+004637.2 195.1209106 0.777023 1.8653
010512.72-003242.0 16.3030056 -0.5450079 1.6091
115007.07+001627.1 177.5294585 0.2741946 2.3
153342.05+442106.5 233.4252401 44.3518096 3.042
115815.42-014709.7 179.5642746 -1.7860517 2.305
143049.07+430829.6 217.7044753 43.1415666 2.197
231402.87+001430.2 348.5119799 0.2417368 1.405
093344.15+005314.9 143.4339905 0.887475 1.1035
021423.02+022013.2 33.5959511 2.3370188 1.3284
112753.39-020142.7 171.9724968 -2.0285502 2.292
021217.84-002522.1 33.0743657 -0.4228196 2.785
123101.66+031118.2 187.7569373 3.188395 1.334
002702.36+004120.5 6.7598388 0.6890325 1.6331
023228.58+022730.4 38.1191143 2.4584561 1.264
023013.99+011243.5 37.5583008 1.2120899 0.69
012716.17-003557.6 21.817378 -0.5993524 0.3713
144639.98-010922.9 221.6666107 -1.156388 0.6806
023247.76+013539.5 38.1990185 1.5943116 1.4838
002830.42-000818.7 7.1267651 -0.1385445 1.7642
023722.32-034048.4 39.3430324 -3.6801386 1.4797
001255.15+023439.5 3.2298213 2.577654 0.413
231148.54+004426.0 347.9522705 0.740569 2.1995
000730.77+022435.2 1.8782495 2.4097845 3.559
220851.96-010603.7 332.2165222 -1.101055 0.3518
145202.39+433318.0 223.0099676 43.5550227 1.756
162029.46+420420.7 245.1227875 42.0724258 1.4695
094943.34+000536.2 147.4305878 0.093404 0.422
235359.81+013541.3 358.4992498 1.5948098 2.0054
004022.40+005939.6 10.0933462 0.994355 2.563
224718.31+000419.3 341.8262939 0.072045 1.7037
235643.35+001428.0 359.1806335 0.241131 0.6131
020921.15+011701.9 32.3381381 1.2838798 1.7207
145000.93+025423.8 222.503891 2.906621 0.4311
085036.26+025427.9 132.651086 2.9077678 2.629
091941.56+020654.7 139.9232049 2.1152208 2.783
220906.91+004543.9 332.2788086 0.762209 0.4461
115805.22-022204.1 179.5217629 -2.367809 2.683
092217.02+002038.7 140.5709292 0.3441056 3.324
223514.15+002102.1 338.8089834 0.3505834 2.545
144759.86+022510.8 221.9994354 2.4196739 0.6777
023044.13-041021.3 37.6838936 -4.1726037 2.177
130931.03+051745.3 197.379313 5.2959192 3.08
104134.32-004832.8 160.3930348 -0.8091138 2.724
003011.26-004147.8 7.5469353 -0.6966215 1.04
120825.70+053538.0 182.1071167 5.5938902 0.8014
220325.00-004002.8 330.8542052 -0.6674681 2.569
234252.36-003915.2 355.7182007 -0.654238 0.4041
154942.53+425132.2 237.4272125 42.8589624 2.664
161142.35+435752.7 242.92649 43.9646446 2.818
003141.05+014600.3 7.9210516 1.7667519 0.9745
093752.34+032448.9 144.4681018 3.4136002 3.082
022552.11-024029.9 36.4671271 -2.6749988 1.6983
234509.42-005506.7 356.2892761 -0.918536 1.3544
090751.99-011646.7 136.9666531 -1.2796512 0.726
003318.27+001617.1 8.3261586 0.2714355 3.36
010241.37-000731.8 15.672375 -0.1255011 2.9464
120117.10+010046.0 180.3212786 1.0127848 2.384
014028.40-004555.9 25.1183512 -0.7655369 2.731
220202.38-005123.9 330.5099487 -0.856665 0.8321
233846.86+003215.1 354.695282 0.537541 2.1016
114120.26+002256.7 175.3344441 0.3824308 2.201
142720.52-015935.0 216.835519 -1.9930705 1.612
093431.42-022508.7 143.6309468 -2.419094 1.954
152112.96+441452.5 230.3040009 44.2479286 1.1995
231229.50+023948.3 348.1229329 2.6634328 2.257
230954.90-011113.0 347.4787598 -1.186964 1.6472
093159.42+033622.0 142.9975891 3.6061349 0.3239
090613.75+041923.1 136.5572976 4.3230931 0.945
142237.24+424821.8 215.6552051 42.8060609 1.4082
230322.74-001438.2 345.8447813 -0.2439687 3.222
114953.64+010953.0 177.4735256 1.1647232 0.656
014612.42-001547.6 26.5517812 -0.2632283 1.2788
222902.03+031024.7 337.2584907 3.173542 0.809
231847.34-001748.1 349.6972747 -0.2967088 2.508
085833.47+010123.8 134.6394864 1.0232859 2.986
121912.94+035142.2 184.8039424 3.8617324 2.552
143050.28-012848.4 217.7095189 -1.4801161 3.109
154139.45+423025.4 235.4143931 42.5070753 2.276
013131.25-001443.8 22.8802344 -0.2455058 3.378
013930.63-001307.7 24.877665 -0.2188073 0.2552
132736.60+000305.4 201.9025252 0.0515271 2.151
022159.71-014512.0 35.4988043 -1.7533342 2.36
145337.45+435735.3 223.4060491 43.9598303 1.8059
225902.38+003221.7 344.7599182 0.539368 1.4649
104802.22+050301.0 162.009288 5.0502815 2.278
020425.44+003741.6 31.106012 0.6282253 1.9921
011435.02-011746.6 18.645946 -1.2962778 1.7526
083226.29+045236.8 128.1095428 4.8768902 0.6466
224428.92-000502.4 341.120525 -0.0840089 3.007
125141.90+031140.9 192.9246216 3.1947091 1.2233
094957.97+021652.7 147.4915621 2.2813058 2.243
163551.52+420538.0 248.9647064 42.093895 1.5632
011943.78-010328.2 19.9324294 -1.0578571 1.8304
221126.42+020305.8 332.8601051 2.0516129 2.205
125130.91+022100.9 192.8788147 2.35027 0.7084
150740.92+445331.5 226.9205322 44.8921089 0.314
235032.25+004615.6 357.6344081 0.7710067 3.4949
021308.30-024234.6 33.2846118 -2.7096309 1.2394
135212.20-021248.4 208.0508728 -2.2134459 1.7429
215832.59+063640.6 329.6357931 6.6113036 0.712
111347.70+023830.3 168.4487762 2.6417651 1.16
115733.72+023142.1 179.3905019 2.5283824 2.836
011836.62-010044.8 19.6526069 -1.0124503 2.486
161537.01+444151.2 243.9042294 44.6975612 2.797
102343.55+004214.0 155.9314649 0.7039107 2.773
010507.29+002440.5 16.2803822 0.411269 1.7733
012551.64+002020.8 21.4651934 0.3391386 0.52
124226.73+000956.3 190.6114076 0.1656613 3.069
085056.94+014711.0 132.7372742 1.786389 0.4127
222112.97+010115.7 335.3040771 1.021054 2.0063
233718.07+002550.6 354.3253174 0.430744 2.0533
222225.73+042033.0 335.6072136 4.3425255 3.712
022105.64-044101.5 35.2735048 -4.6837584 0.199
140356.10-013620.4 210.9837774 -1.605684 2.469
021352.67-021129.4 33.4694674 -2.191526 2.78
215949.70+062426.2 329.9571227 6.4072799 2.243
111520.28+024928.3 168.8345184 2.824553 0.7194
132555.08+035346.1 201.4795074 3.8961451 0.6808
134507.93-001900.9 206.2830658 -0.316923 0.4189
090420.07+004458.2 136.0836502 0.7495199 2.303
221751.04-004604.6 334.462677 -0.767959 1.5211
021526.83-041906.8 33.8618061 -4.3185654 1.047
022930.21+023958.8 37.3759044 2.6663353 1.305
234521.96+003754.4 356.3415062 0.6317982 1.083
223204.96-001636.6 338.0206744 -0.2768443 2.585
014528.23-003049.6 26.3676254 -0.5137861 1.7937
083313.28+015019.9 128.3053437 1.8388653 2.453
145501.43+422037.6 223.7559639 42.3437998 2.09
123503.09-003602.2 188.7628932 -0.6006298 2.694
022015.14+025025.3 35.0631208 2.8403763 2.325
143327.12+043547.6 218.3630061 4.596583 2.34
000844.04+001501.1 2.1835015 0.2503116 2.38
230222.23-002203.0 345.5926514 -0.367515 0.614
135249.15+033730.7 208.204819 3.6251999 0.513
133855.04-010229.9 204.7293549 -1.041666 1.2942
233823.40+005534.5 354.5975342 0.926261 2.0852
012922.84+014329.7 22.3451791 1.7249227 0.8258
023828.87-051339.6 39.6202994 -5.2276684 1.9505
222057.44+000329.8 335.2393377 0.0582941 2.26
131056.16+020933.8 197.7340388 2.1594061 2.745
115019.14+011134.1 177.5797657 1.1928222 2.79
015450.31-004815.9 28.709636 -0.8044173 1.4856
134155.24+023629.3 205.4802054 2.6081642 0.819
121405.12+010205.1 183.5213623 1.034775 0.4927
150257.02+023917.7 225.7376099 2.6549289 1.1724
162634.31+431017.4 246.6429973 43.1715219 2.45
013346.58-004729.5 23.4440994 -0.791532 1.7455
092322.92+002056.2 140.8455392 0.3489722 1.947
125344.63+024323.0 193.4359996 2.7230829 2.37
233109.20-010120.2 352.7883456 -1.0222854 2.392
142917.72+013714.5 217.3238678 1.620703 0.3109
223716.43+023232.6 339.3184799 2.5424052 3.261
015909.22+000736.3 29.7884236 0.1267698 1.418
015243.14+002039.6 28.1797886 0.344346 0.5776
234623.42+010918.1 356.5975952 1.15503 0.5089
103132.17+015640.3 157.8840596 1.9445386 2.233
011924.10-004151.3 19.8504312 -0.697596 3.043
110123.21+031631.5 165.3467102 3.2754321 1.5425
224548.56+004620.0 341.4523699 0.7722327 2.304
111151.51+032106.7 167.9646451 3.3518635 2.673
225342.32+061752.8 343.4263514 6.2980013 2.285
023553.87-000537.3 38.9744949 -0.0937084 2.637
023629.70+020327.5 39.1237648 2.057661 2.0223
094603.37+015948.3 146.5140474 1.9967716 2.535
020434.12-021540.6 31.1422031 -2.2612867 2.423
222506.62-005022.4 336.2775879 -0.839579 1.2048
023536.57-011608.6 38.9024122 -1.2690589 1.2897
083050.35-003050.4 127.7098145 -0.5140182 2.259
105723.86+044019.3 164.3494263 4.6720452 1.2859
090550.30+003948.1 136.4595947 0.663373 0.3538
230712.99+001821.7 346.8041523 0.3060492 1.0
223405.88+011333.0 338.5245361 1.2258379 1.6458
000723.16+002559.2 1.8465273 0.4331302 1.8405
232201.35+000035.3 350.5056586 0.009827 3.863
223326.59+003715.4 338.3608318 0.6209606 2.21
230251.92+024915.0 345.7163659 2.8208544 1.417
022409.47-033431.2 36.0394643 -3.5753339 0.831
102216.25+052745.5 155.5677185 5.4626532 0.9908
021949.67+012714.8 34.9569632 1.4541117 1.4497
163313.01+434447.4 248.3042145 43.7465019 0.9207
113457.29+035204.7 173.7387085 3.8679931 0.5674
020819.68-020944.6 32.0820278 -2.1623912 1.81
232443.06+023922.7 351.1794263 2.6563241 0.939
225324.37+045635.1 343.3515679 4.9430944 2.265
094313.05+034904.2 145.8043986 3.8178437 2.375
092725.37-011652.9 141.8557153 -1.2813637 2.178
023334.49-055135.2 38.39370833333332 -5.8597777777777775 -99
224614.59+013537.6 341.5607943 1.5937817 2.893
220713.35-000805.5 331.8056641 -0.134877 0.5168
014052.65+002830.1 25.2193859 0.4750278 1.2076
234311.93-005034.3 355.7997437 -0.842873 0.7869
012354.49+010020.1 20.977059 1.0055956 1.8001
093956.66-021520.6 144.9861157 -2.2557233 2.526
135009.49+000156.0 207.5395802 0.0322291 2.379
114602.78+003445.4 176.5116009 0.5793027 3.04
022458.46+010632.5 36.2436095 1.109032 0.621
221956.72+004332.4 334.9863586 0.72567 0.8779
120109.98+025554.3 180.2915991 2.9317572 1.887
012819.61+000048.3 22.0817254 0.0134412 2.1068
114222.52+012443.8 175.5938416 1.4121799 0.4809
120242.56+035707.5 180.677335 3.9521016 2.587
150018.88+431842.1 225.078702 43.311712 3.315
225049.03-013126.0 342.7043199 -1.523895 2.333
021756.39+022227.5 34.4849593 2.3743113 1.8052
124604.03-010954.6 191.5168177 -1.1651768 1.737
225834.36+002014.9 344.6431934 0.3374769 1.379
000150.39+023830.2 0.4599938 2.6417337 0.949
121024.13+033849.8 182.6005554 3.6471729 1.6607
101940.90+044359.6 154.9204191 4.7332322 2.288
143231.19-003742.8 218.1299896 -0.628561 1.8205
002710.23+003346.0 6.7926611 0.562794 0.7927
001115.69+011459.2 2.815378 1.249787 0.5802
001520.50+001654.5 3.8354439 0.2818113 0.784
220411.48-000519.9 331.0478516 -0.088872 2.0145
150038.01+430343.4 225.1584093 43.0620753 2.4668
023236.82-03591.66 38.15341666666666 -3.9837944444444444 -99
150936.70+445430.1 227.4029215 44.9083619 1.563
001401.62-002600.5 3.506772 -0.4334848 2.0067
12486.427+011602.5 192.0267792 1.267387 2.1141
095620.13-005938.6 149.0838928 -0.994069 0.9172
020326.33-055531.5 30.8597278 -5.9254359 0.429
085244.38+050325.6 133.1849365 5.0571232 1.7542
144938.90+434317.1 222.4121094 43.7214317 1.1665
120127.71+022059.4 180.3654812 2.349844 2.395
002952.42-001325.3 7.4684304 -0.2237128 1.7155
114921.99+010025.4 177.3416458 1.007082 3.188
122652.42-005316.0 186.7184488 -0.8877977 2.612
022601.65-030128.7 36.5068832 -3.0246399 1.113
222041.31-005015.5 335.1721255 -0.8376481 2.602
131343.31+030333.6 198.4304853 3.0593334 1.626
113803.73+031457.8 174.5155792 3.249393 2.4427
143556.24+420409.7 218.9843746 42.0693866 1.793
110206.61+022115.3 165.5275807 2.3542561 0.515
022240.40-021737.8 35.6683453 -2.2938483 1.8438
000508.37+010806.4 1.284879 1.1351219 1.3131
120417.10+003653.7 181.0712855 0.6149404 2.179
021621.53-032359.7 34.0897223 -3.3999276 2.112
003031.86-000609.9 7.6327696 -0.1027577 1.2705
093446.27+003137.3 143.6928099 0.5270544 2.638
133733.71+011249.9 204.3904653 1.2138712 2.985
222327.52+033902.0 335.8647012 3.6505562 0.35
024009.25-010642.3 40.0385513 -1.111771 1.8108
224854.76+055444.6 342.2281703 5.9124114 2.393
093310.54-014645.3 143.2939442 -1.7792667 0.74
142824.52+420321.5 217.1021767 42.0559934 2.414
010436.63+005654.7 16.1526508 0.9485287 2.565
225622.82-001809.9 344.0950928 -0.302753 1.0482
083057.75+002700.2 127.7406592 0.450061 2.34
232555.33+004109.9 351.4805603 0.686087 1.178
003833.46+015214.2 9.6394477 1.8706339 1.79
154116.65+430251.0 235.3194087 43.0475263 2.268
154824.74+431954.2 237.1030917 43.3317287 0.697
012202.05+003644.3 20.5085774 0.6123204 1.6492
222347.77+073535.6 335.9490663 7.5932403 2.501
223525.16-002529.7 338.8548584 -0.424925 1.6538
022638.74+012709.6 36.6614506 1.4526695 0.736
145806.94+431606.2 224.5289191 43.2683919 1.9531
144718.50+001716.7 221.8271114 0.2879857 2.289
124110.55-000441.7 190.2939655 -0.0782527 2.33
090743.72+043508.0 136.9322052 4.5855589 1.4824
235227.93+021128.3 358.1163829 2.1912022 2.259
020948.84-004337.3 32.4535141 -0.727049 0.8675
122726.90-001003.9 186.8621216 -0.167764 1.5398
221158.06+061614.2 332.9919198 6.2706189 2.41
154415.71+442545.5 236.0654906 44.4293184 1.92
142012.80+430637.6 215.0533376 43.1104448 1.7769
114749.92+003759.4 176.9580381 0.6331794 0.609
222647.89+061113.7 336.6995441 6.1871399 2.68
143832.01+033829.9 219.633379 3.6416485 2.912
002953.15+003543.8 7.4714901 0.595505 2.2046
104837.40-002813.6 162.1558438 -0.4704582 4.03
132050.56-004020.9 200.2107048 -0.6724836 0.776
133854.62-022152.0 204.7276171 -2.3644633 2.198
022346.50+011526.8 35.9437549 1.2574464 2.421
162540.29+445036.6 246.4178844 44.8435194 0.689
021322.86-042134.3 33.3452727 -4.3595391 1.91
221141.98+050219.8 332.9249323 5.0388353 0.78
235926.14-002451.7 359.8589193 -0.4143883 1.8218
021652.47-002335.3 34.2186356 -0.393165 0.3045
222220.43+015723.3 335.5851399 1.9564858 0.65
015254.72+010211.6 28.2280374 1.0365747 0.932
221648.18+054211.9 334.2007548 5.7033202 2.449
011011.78-002643.9 17.5491116 -0.4455487 0.6964
161042.83+442949.4 242.6784725 44.4970763 2.477
130222.65+034534.9 195.5943853 3.7597134 2.483
022224.64+012718.3 35.6026888 1.4550887 2.07
020325.40+030501.3 30.8558392 3.0837158 2.445
022935.76+014046.4 37.3990269 1.6795798 1.8951
131002.91+000625.3 197.5121307 0.107049 0.5343
162003.80+424017.5 245.0158458 42.6715353 2.244
022254.94-043508.0 35.7289523 -4.5855646 1.222
105302.94+033355.8 163.2622631 3.5655272 2.861
090535.77-004039.8 136.3990784 -0.677725 0.794
134128.33-003120.4 205.3680618 -0.5223368 0.415
021900.59-053120.9 34.7524765 -5.5224864 1.162
133303.35+000451.3 203.2639618 0.080941 1.5112
134900.22-005449.7 207.2509215 -0.9138165 2.421
000955.88-010335.3 2.4828345 -1.0598217 1.9981
023541.19+020126.4 38.9216311 2.0240104 1.9281
144231.90+423921.5 220.6329476 42.6559766 2.28
221926.32-004612.9 334.8596802 -0.770273 1.0089
101419.40-002834.2 153.5808716 -0.476181 0.3585
154231.78+443316.9 235.6324474 44.5547192 2.068
160026.01+423230.8 240.1083984 42.5419006 1.9893
132821.08-014210.4 202.087864 -1.7029144 2.365
000427.91+023820.4 1.116323 2.6390049 1.084
083242.18+004442.7 128.1757904 0.7452177 2.935
012743.94+003048.3 21.9331171 0.513438 1.5263
141103.31-010829.4 212.7638261 -1.1415135 3.104
000602.17-005358.1 1.5090441 -0.899494 1.8554
235930.06+000839.5 359.8752747 0.144315 0.57
100716.69+030438.7 151.8195441 3.0774332 2.127
143950.83+033200.4 219.9618297 3.533468 0.646
002143.06-003021.7 5.4294189 -0.5060372 3.505
010724.36-002133.7 16.851528 -0.3593731 1.0291
120623.64+044938.5 181.5985035 4.8273746 2.37
000347.44-010301.4 0.9476992 -1.0504068 0.58
161306.95+441215.0 243.2789633 44.2041943 2.821
020549.43-010306.0 31.4559609 -1.0516848 1.7525
090553.07-000733.3 136.4711304 -0.125943 1.5776
135758.96+025346.8 209.4957001 2.8963456 3.301
122107.66-011952.9 185.2819331 -1.3313734 2.73
015508.07+005010.8 28.7836637 0.8363348 1.7407
094421.69+000327.0 146.0903931 0.057517 1.0446
215927.96+054159.8 329.8665114 5.699955 2.562
013653.21+003050.4 24.2217469 0.514024 1.2471
230451.68+005135.1 346.2153374 0.8597634 4.166
143058.84+003505.3 217.7451935 0.584816 0.3738
125750.88-013241.5 194.4620056 -1.544884 1.1961
022516.39-032058.4 36.3183254 -3.3495618 1.171
220501.19+003122.8 331.2549744 0.523022 1.652
230149.68-003322.1 345.4570312 -0.556164 2.0059
160121.25+424548.1 240.3385568 42.7633802 0.958
114220.26-001216.3 175.5844283 -0.204532 2.501
143144.54+420948.6 217.935609 42.1635061 1.0
115614.70+032731.5 179.0612822 3.4587687 0.806
021821.29+015709.1 34.5887166 1.9525444 0.842
010607.50+002911.3 16.5312877 0.4864901 1.767
114852.36+001700.6 177.2181762 0.2835139 2.195
015755.81-000535.2 29.4825518 -0.0931181 1.225
021020.43-034226.1 32.5851283 -3.7072626 0.2435
220516.42-003346.4 331.3184417 -0.5629009 1.95
000157.44+030147.6 0.4893385 3.0299075 0.444
100024.98+050850.3 150.1040858 5.1473194 2.265
154759.04+420855.5 236.9960327 42.1487656 2.7442
233544.22-002359.2 353.9342651 -0.399805 2.0895
141235.36+004104.1 213.1473541 0.684476 0.5645
021838.98-053238.2 34.6624181 -5.5439568 0.47
123143.09+002846.2 187.9295827 0.4795249 3.214
144407.63-010152.7 221.0318065 -1.0313276 4.54
225147.82+001640.5 342.9492798 0.27794 0.4097
011033.46+000830.9 17.6394539 0.141923 0.4685
235515.79-002842.0 358.8157959 -0.478355 1.9232
122110.21-001205.2 185.292572 -0.201455 1.0619
022048.33-002833.5 35.2013855 -0.475994 1.545
225420.93+001347.3 343.5872487 0.2298136 0.932
133243.96+033744.9 203.183197 3.6291521 0.9924
152220.22+431631.6 230.5842885 43.2754547 2.236
110710.08+030117.5 166.792038 3.0215299 1.9043
133806.59-012412.8 204.5274658 -1.403573 0.4515
125532.37+035358.4 193.8849153 3.8995648 3.075
012920.46-002206.3 22.3352645 -0.3684252 1.7078
021414.17-013708.8 33.5590627 -1.6191139 2.1739
220133.49+001624.9 330.3895762 0.2735988 0.921
235708.25+003107.7 359.2843983 0.5188191 1.339
090240.23+031151.4 135.6676331 3.197614 1.8975
021045.41-051847.5 32.6892182 -5.3132139 0.429
022916.51-001121.8 37.3187957 -0.189394 0.66
001000.31+003720.0 2.5013181 0.622237 0.8904
091608.57-015941.6 139.0357147 -1.9949065 2.299
023606.55-020410.3 39.0273079 -2.069539 1.3019
100636.66+021320.9 151.6527555 2.2224753 1.057
235251.87+003814.9 358.216156 0.637497 0.2728
001346.52+003402.8 3.4438441 0.567472 0.2738
023700.30-010130.6 39.2512703 -1.0251679 0.344
233806.61+000631.2 354.5275724 0.108684 0.924
124310.79-003640.8 190.7949829 -0.611338 2.0556
230933.26+022828.0 347.3885902 2.4744486 2.877
010249.02-010544.8 15.7042608 -1.095801 1.0368
010123.64+010045.3 15.348515 1.0126029 0.2749
084710.40-001302.6 131.7933655 -0.217406 0.6269
094713.15+024743.6 146.8047943 2.7954681 0.6415
150544.60+025352.6 226.4358521 2.8979571 1.0432
123242.97-000916.4 188.1790775 -0.154572 2.355
011431.13-010829.2 18.6297325 -1.1414652 2.161
163238.76+423313.9 248.1615295 42.5538673 1.7135
225616.67-003357.8 344.0694885 -0.566076 1.6484
011728.83+023309.9 19.3701448 2.552761 1.7552
102439.39-020600.5 156.1641419 -2.1001533 2.215
023915.64-010352.9 39.8151868 -1.0647181 1.5
011720.55-010337.8 19.3356438 -1.060514 1.0111
222929.45+010438.4 337.3727417 1.077335 1.4447
091645.56+010013.9 139.1898499 1.00388 1.2198
002705.84-003756.6 6.7743589 -0.632392 1.068
102258.15-004052.1 155.7423096 -0.681142 1.7563
222834.27+004115.9 337.1428169 0.6877601 2.375
010731.89+011348.7 16.8828865 1.2302041 1.3641
021122.21-014126.3 32.8425638 -1.6906586 3.051
235817.79-002419.8 359.5741311 -0.4055259 1.399
115110.89+004532.3 177.7953876 0.7589757 2.255
154303.03+430902.3 235.7626339 43.150666 2.513
022316.74-052147.4 35.8197739 -5.3631683 1.916
010301.13-004407.0 15.7547119 -0.7352926 1.1697
120309.61+043333.5 180.7900757 4.5593109 2.974
083340.23+034947.4 128.4176592 3.8298387 2.388
222444.62+065500.4 336.1859198 6.9168035 2.412
142526.50-004421.5 216.3604431 -0.739329 0.5674
012753.22-003524.8 21.9717731 -0.590233 2.0623
221759.58+060426.3 334.4982726 6.0739751 2.572
002438.45-005022.1 6.1602106 -0.8394789 0.4945
152445.62+440949.5 231.190094 44.1637611 1.2103
145411.91+000341.5 223.5496521 0.061539 1.7091
001455.62+021104.2 3.7317565 2.1845167 2.129
125216.06+003141.1 193.066925 0.528084 1.2573
111006.87+033107.1 167.5286338 3.518664 2.808
092554.15+043159.7 141.4756317 4.5332732 0.8726
220034.89-010847.3 330.1454163 -1.14648 1.0602
092040.95+035933.1 140.1706478 3.9925308 1.577
234925.88+021119.8 357.3578349 2.188834 1.3826
220753.56+045312.1 331.9731739 4.8867021 2.948
093859.23+020925.8 144.7467957 2.157182 1.41
142808.27+044825.9 217.0344696 4.8072181 1.702
145535.24+041938.1 223.8968489 4.3272685 3.033
084700.66+010710.4 131.7527592 1.1195705 1.696
140830.38+442915.3 212.1265882 44.4875843 1.9831
142944.25+042202.6 217.4343872 4.3674002 1.1484
113219.32+003739.0 173.0805069 0.6275226 0.683
001357.87+001708.5 3.491141 0.2857034 0.917
092811.87+000525.8 142.0494843 0.090513 1.9178
011716.18+021649.5 19.3174289 2.2804337 1.0491
022744.22-061756.1 36.9342911 -6.2989253 2.066
143135.79-022330.4 217.8991597 -2.3917848 2.988
145202.22+032414.7 223.0092624 3.4041018 0.692
012559.21+001828.7 21.496709 0.3079772 1.2843
022329.26-045451.9 35.8719527 -4.9144221 0.605
013459.19+003017.4 23.7466372 0.5048442 3.16
142152.73-012441.7 215.4697356 -1.4116096 0.73
022655.45-015733.6 36.7310585 -1.9593494 2.0892
220422.46+073138.3 331.0936082 7.5273197 2.988
233225.33+000042.5 353.1055605 0.0118288 3.259
023344.40-015042.8 38.4350307 -1.8452475 0.2864
023537.04+022804.9 38.9043725 2.4680481 2.1488
123150.92+033926.0 187.962204 3.6572299 1.8619
084432.20+010337.5 131.1341858 1.060432 1.4109
021322.99-042134.3 33.3458307 -4.3595282 1.9053
133617.95+041018.7 204.0747986 4.1718812 0.7102
101719.42+010534.6 154.3309428 1.0929657 0.92
015057.41+022320.4 27.739216 2.3890173 1.747
084539.86+004140.3 131.416106 0.6945304 2.325
015654.09+022830.8 29.2253866 2.475244 2.235
120704.31+051256.3 181.7679917 5.2156424 0.897
114641.46-020404.6 176.6727905 -2.0679619 1.93
235637.86+005859.3 359.1577626 0.9831625 2.349
023651.36+021427.0 39.2140013 2.2408576 0.9252
020318.87-062321.3 30.828645 -6.3892674 2.16
224712.58-002449.3 341.8024368 -0.4136988 0.89
141003.70+015901.8 212.5154419 1.983843 1.5975
135619.16+001813.3 209.0798485 0.3036981 2.289
163241.75+444914.7 248.1739765 44.8207531 2.089
220239.30+000650.0 330.6637878 0.11389 2.1376
012446.76+012418.3 21.1948552 1.4051018 0.9202
140509.10-000652.4 211.2879181 -0.114582 0.9922
000257.94+024837.7 0.7414341 2.8104955 1.6841
233635.74-010733.7 354.1489563 -1.126036 1.2929
135917.69-015145.9 209.8237159 -1.8627711 3.091
000508.85+002608.2 1.286901 0.435638 0.6661
011424.76+004113.7 18.603196 0.6871435 1.8795
085850.15+045527.9 134.7089691 4.924437 1.4241
235120.82-011920.1 357.8367618 -1.3222702 1.2307
232641.07-002512.0 351.6711344 -0.4200199 2.595
022724.52+010556.2 36.8522005 1.0989628 1.682
145327.33+022542.5 223.3639043 2.4284831 2.621
113238.41+011811.7 173.1600494 1.3032579 0.4942
022832.82-042245.9 37.1367515 -4.3794409 1.7557
142904.39+012229.7 217.2683105 1.374935 0.4202
223122.92-000618.4 337.84552 -0.105117 0.55
105715.58+041159.4 164.3149331 4.1998554 2.654
131152.14+031511.7 197.9672746 3.2532708 2.336
123514.36+030416.7 188.8098531 3.0713325 2.195
020019.11+023446.3 30.0796476 2.5795283 1.4478
022913.08+010959.3 37.3045319 1.1664921 2.914
104444.82-012018.2 161.1867578 -1.3383936 0.184
001621.28+012118.2 4.088685 1.3550795 0.8968
022219.46-025129.6 35.5810882 -2.85823 1.296
230756.56-011000.4 346.9857008 -1.1667947 0.592
092158.92+034235.7 140.4955139 3.7099271 0.3248
091628.21+013318.7 139.117569 1.555217 2.0932
022803.02+005636.2 37.0125908 0.9433997 2.091
001803.59+015921.8 4.5149757 1.9893939 1.7422
141526.07+000448.5 213.8586346 0.0801516 0.707
130319.59+024141.6 195.8316487 2.6949092 3.236
145108.53-013833.0 222.7855651 -1.6425185 2.39
121322.46+002446.7 183.3435992 0.4129747 2.727
235232.07-001503.9 358.1336365 -0.251096 1.7286
020928.55-012455.9 32.3689594 -1.4155385 1.784
220608.58+000039.0 331.5357666 0.010859 1.6284
022254.06-004251.4 35.7252808 -0.714304 1.0003
222627.98+002638.2 336.6166051 0.4439521 1.487
222515.32+070106.0 336.3138417 7.0183385 0.777
010500.10+015249.8 16.2504281 1.8805065 2.201
092622.26+004700.3 141.5927824 0.7834438 0.806
125002.35+013542.0 192.5098203 1.5950272 2.905
103737.45+005836.6 159.4060682 0.9768442 2.113
000219.11+002232.9 0.579628 0.375815 0.5467
124452.63-020302.1 191.2192948 -2.0505979 2.334
011244.07+015103.2 18.1836376 1.8509147 0.9157
015952.14+024548.5 29.9672663 2.7634775 2.0642
002421.90+013622.3 6.091265 1.6062069 1.5212
161541.53+423823.5 243.9230515 42.6398614 0.912
012900.57+005027.3 22.2524071 0.8409373 0.5263
012402.01+010341.6 21.0083936 1.0615648 2.748
011907.05+010203.2 19.7793922 1.034246 0.5601
012917.92+003527.2 22.3246966 0.5908889 1.8634
150414.02+020112.0 226.0584271 2.0200112 2.476
022159.43+001617.6 35.4976565 0.2715668 3.6421
023446.10+022026.0 38.6920909 2.3405821 1.9764
100239.65+002927.9 150.6652152 0.4910855 2.299
083216.99+040405.2 128.070816 4.068119 1.116
105126.74+030538.5 162.8614502 3.094038 1.4671
110536.22+031952.4 166.4009399 3.3312371 0.922
150752.83+425305.4 226.9701559 42.8848498 2.196
221931.53+052009.7 334.8813829 5.3360364 0.904
100547.80+013348.4 151.4491882 1.563452 2.0594
001921.23-000011.3 4.8384628 -0.003156 0.9353
144114.45+031047.2 220.3102444 3.1797925 2.794
090212.77+044451.9 135.5532227 4.747766 1.628
084723.03+014346.8 131.84597 1.7296787 2.454
111829.41+041349.9 169.6225632 4.230532 2.447
011047.95+002444.4 17.6998105 0.4123351 2.631
101444.48-015244.2 153.6853543 -1.878968 3.697
022409.07+030750.1 36.0377926 3.1306072 0.8856
142221.80+444751.8 215.5908338 44.7977488 0.4732
115550.89+011955.8 178.9620514 1.3321871 1.1875
000515.59-012409.1 1.3149859 -1.4025434 1.706
140002.40+030056.6 210.0100098 3.015723 0.4364
023502.79-001606.9 38.7616396 -0.2685909 2.173
224215.95-005326.2 340.5664966 -0.8906303 3.378
122336.32+024417.8 185.9013748 2.7382819 3.433
230528.72+030840.2 346.3696911 3.1445075 1.776
023604.48+001506.5 39.0186986 0.2518106 0.677
111022.39-005544.5 167.5933075 -0.929035 0.2571
163512.25+435717.5 248.8010433 43.9548778 2.489
000119.36+010524.7 0.3307035 1.0902159 2.305
224108.48-010937.3 340.2853561 -1.1603756 2.16
000537.24+023258.3 1.4051867 2.5495371 1.3251
222935.45+021208.3 337.3977108 2.2023318 0.722
143316.38+005145.5 218.3182526 0.862659 2.7665
234100.71+011438.3 355.2529834 1.2439856 2.826
085939.69+010104.2 134.91539 1.017851 1.7684
220929.13+055716.4 332.3714121 5.9545831 1.279
021832.12-012407.9 34.6338663 -1.4022183 1.3138
020316.63+014025.2 30.8193076 1.6736737 1.152
000837.66-010313.7 2.1569272 -1.0538155 1.3697
015450.25-004818.0 28.70941 -0.8050156 1.4758
095449.80-004350.3 148.7075043 -0.730653 1.293
084703.82+004241.7 131.7659303 0.711591 2.26
090347.33+002026.2 135.9472351 0.340634 0.4124
110245.36+044806.3 165.6890411 4.8017702 0.32
003756.25+010949.1 9.4844031 1.1636552 1.7445
090207.03+013013.3 135.5293115 1.5037146 2.54
235333.56+022820.5 358.3898712 2.4723742 1.2284
112402.31-015042.9 171.0096529 -1.8452701 1.1
094234.37+033221.6 145.6432087 3.5393405 3.197
215947.30-011201.5 329.947113 -1.200428 1.9726
100701.56+052315.4 151.7565308 5.3876171 0.539
103422.73+032835.0 158.5947266 3.476404 0.6259
215824.40+035217.5 329.6017058 3.8715395 2.207
155644.94+441253.6 239.1872711 44.2149048 1.8702
235344.01+005216.9 358.4334106 0.871363 0.6533
150152.93+440421.2 225.470572 44.0725708 1.5266
220228.65+004901.9 330.6194153 0.817198 0.6655
014722.58-002856.3 26.8440976 -0.4823306 2.4614
010349.19+001827.4 15.9549843 0.307632 1.6597
020815.56-013200.9 32.0648629 -1.5336005 1.4867
222050.95-001744.5 335.2123298 -0.2957136 1.604
000329.74+020047.2 0.8739451 2.0131312 2.26
143301.76+430447.5 218.2573378 43.0798802 1.3823
105409.83+042435.6 163.540982 4.4099096 2.714
091410.60+003619.1 138.5441729 0.6053107 0.854
001012.71+014840.4 2.5529937 1.8112331 1.2119
114336.49-002852.1 175.9020831 -0.4811624 0.95
003454.63-002048.2 8.727626 -0.3467313 1.1438
134854.62+003445.4 207.2276183 0.5792962 0.863
015929.08+022630.4 29.8711729 2.4417881 1.9947
225301.27+060258.7 343.2553117 6.0496622 2.313
022840.46-05497.36 37.16858333333333 -5.818711111111111 -99
222713.99-005958.5 336.8083148 -0.9996013 2.228
230432.60+023124.6 346.1358707 2.5235075 2.457
094122.71+051821.5 145.3446503 5.3059959 1.5467
100859.54+035104.4 152.2481232 3.851229 1.7458
141313.01+023248.3 213.3042266 2.5467509 2.534
100247.14+002052.9 150.6964305 0.348054 2.219
002131.13+015214.9 5.3797266 1.8708073 2.29
114056.80-002329.9 175.2366993 -0.3916529 3.603
142800.89+441925.2 217.0037167 44.3236779 2.183
235945.20+001615.5 359.9383697 0.2709739 2.648
162845.69+442413.2 247.1904144 44.4036865 0.4364
123003.25+050649.7 187.5135803 5.1138301 1.546
140640.19-010806.2 211.6674698 -1.1350618 0.798
145201.59-011945.3 223.0066528 -1.329258 1.8709
001525.98+002328.6 3.858269 0.391293 1.7488