array([ 0.82012882, 49.34820125,  4.91618842])
array([ 0.87685371, 50.44097342,  5.33667756])
array([ 0.77768118, 48.84884513,  5.02829736])
array([ 0.79264758, 50.01594353,  5.00826977])
array([ 0.97630861, 50.64946264,  5.86752997])
array([ 0.92822184, 49.90752679,  5.47112408])
array([ 0.85926243, 48.84884366,  5.19590583])
array([ 0.6650122 , 49.57269446,  4.85896758])
array([ 0.90620082, 50.74334066,  5.10483202])
array([ 0.72880814, 48.60653124,  5.106807  ])
array([ 0.94016047, 50.74678441,  5.30690862])
array([ 1.04521515, 49.99979667,  5.12819962])
array([ 0.83957811, 50.70312906,  5.4711243 ])
array([ 0.78921302, 50.25911393,  5.12126665])
array([ 0.99841278, 50.58012489,  5.25016937])
array([ 0.6626203 , 48.99354936,  5.18585111])
array([ 0.77096202, 49.64854317,  4.946396  ])
array([ 0.83111676, 51.88072996,  5.28679051])
array([ 0.69304748, 48.73018956,  4.55745795])
array([ 0.73433244, 49.83736243,  5.10483204])
array([ 0.92205461, 50.18192475,  5.22144006])
array([ 0.8831706 , 50.03846879,  5.23242487])
array([ 0.83509915, 50.69290918,  5.31497828])
array([ 0.79443754, 49.83065377,  5.13838769])
array([ 0.84344769, 48.6203771 ,  4.96761137])
array([ 0.84511031, 50.98188516,  5.01335231])
array([ 1.12372153, 51.09938812,  5.55488252])
array([ 0.67679556, 50.01594402,  4.77119239])
array([ 0.80313361, 50.0714265 ,  5.39299152])
array([ 0.9498623 , 51.52663315,  5.30147235])
array([ 0.96774951, 50.55224357,  5.13480799])
array([ 0.86302994, 49.429076  ,  4.98274267])
array([ 0.67394914, 50.15077936,  5.2097993 ])
array([ 0.64543341, 46.96274249,  4.99934345])
array([ 0.58330418, 49.34609123,  4.81941013])
array([ 0.88935279, 50.87930696,  5.56022785])
array([ 0.76249789, 49.57268758,  4.99765778])
array([ 0.79049931, 49.51481029,  5.48968601])
array([ 0.76730951, 48.6706881 ,  5.0732909 ])
array([ 0.90982838, 50.95422516,  5.53310289])
array([ 0.87783828, 49.87364533,  4.92303763])
array([ 1.01028178, 51.2771902 ,  5.10483214])
array([ 1.04745406, 51.3730093 ,  5.05194308])
array([ 0.7224691 , 48.52553083,  4.8313944 ])
array([ 0.71308943, 49.57268736,  4.91485104])
array([ 0.85466344, 50.60855854,  5.22319385])
array([ 0.91945035, 53.02866277,  4.80059872])
array([ 0.75255181, 49.64854141,  4.8035583 ])
array([ 0.80831821, 49.99979515,  5.67626341])
array([ 0.69303905, 49.99540216,  5.01053503])
array([ 0.76643459, 51.31750748,  5.21818176])
array([ 0.90344735, 50.56256281,  4.92306209])
array([ 0.75826922, 47.24728817,  4.9230618 ])
array([ 0.78014109, 51.42887111,  5.12184521])
array([ 0.83726201, 48.99355152,  5.33012723])
array([ 0.76308699, 49.87364315,  5.4711227 ])
array([ 0.72303503, 49.57268873,  4.97949417])
array([ 0.72967859, 48.10335537,  5.47112074])
array([ 0.8538239 , 50.53195995,  5.23822177])
array([ 0.71298227, 49.1110614 ,  4.38449935])
array([ 1.0344778 , 51.1209316 ,  5.83466295])
array([ 0.83811596, 49.87365203,  5.0735498 ])
array([ 0.90376526, 51.52497025,  5.4404831 ])
array([ 0.81398908, 50.67442163,  5.04571863])
array([ 0.81243138, 50.22102395,  4.88383788])
array([ 0.65952857, 47.87996272,  4.46647656])
array([ 1.15450215, 51.44073436,  4.91712784])
array([ 0.74502   , 48.4413972 ,  5.25160692])
array([ 0.71057016, 48.11559184,  5.01335349])
array([ 0.90642796, 51.03634706,  5.70288396])
array([ 0.72365458, 50.41062693,  4.79241907])
array([ 1.04461344, 52.46200612,  5.27179604])
array([ 0.99716502, 51.47767577,  5.10483204])
array([ 0.72212435, 50.67442206,  4.78791626])
array([ 0.90219812, 50.99639318,  5.69984922])
array([ 0.70568254, 48.88713435,  4.97696978])
array([ 0.88736257, 49.57268624,  4.93531889])
array([ 0.8097708 , 50.57754563,  5.19590477])
array([ 0.77219626, 51.03645397,  5.28778537])
array([ 0.88023132, 50.55223613,  5.32587227])
array([ 0.90609507, 50.90877677,  5.14086608])
array([ 0.90121955, 51.22329741,  5.79823934])
array([ 0.77787985, 48.84884496,  5.08613421])
array([ 0.68194815, 49.2164059 ,  4.59290477])
array([ 0.91765654, 51.76817143,  5.42534353])
array([ 0.63169189, 48.33285565,  4.11182457])
array([ 0.69862219, 49.18979613,  4.92306109])
array([ 0.7842882 , 49.57284053,  5.07229054])
array([ 0.72426096, 48.99356359,  4.38449991])
array([ 0.7311398 , 49.57268912,  5.187788  ])
array([ 0.66289922, 49.2227355 ,  5.30386881])
array([ 0.80119992, 50.44254306,  4.92306103])
array([ 0.7426989 , 50.17548837,  4.90000503])
array([ 0.76700479, 51.01754349,  4.64903023])
array([ 0.75656971, 48.88714762,  5.22383714])
array([ 0.76535843, 48.27468559,  5.03157641])
array([ 0.85885752, 50.40117593,  5.33232745])
array([ 0.8374406 , 49.98420805,  4.74880585])
array([ 0.76742842, 48.65793048,  4.90668647])
array([ 0.89179386, 50.30775371,  5.05178654])
array([ 0.69216988, 49.76443801,  5.05360063])
array([ 0.85056151, 50.84519028,  4.49552162])
array([ 1.05475253, 49.48030725,  5.61591854])
array([ 0.7672579 , 50.30775569,  5.02471413])
array([ 0.80388033, 51.09591909,  5.59048416])
array([ 0.73672808, 51.9519385 ,  5.26809919])
array([ 1.00513195, 52.15895839,  5.26381963])
array([ 0.65892698, 48.67068814,  5.38690299])
array([ 0.92345602, 51.86346081,  5.07742309])
array([ 0.87299834, 51.03634507,  4.3844345 ])
array([ 0.98115754, 51.27565736,  5.47104951])
array([ 0.91473041, 49.86649645,  4.96761389])
array([ 0.81169676, 50.5691548 ,  5.17376614])
array([ 1.15062235, 50.50551947,  5.35068007])
array([ 0.66928632, 46.91209092,  5.07843484])
array([ 0.84082384, 49.48625715,  5.01335332])
array([ 0.73569333, 48.88714873,  4.18915141])
array([ 0.65720267, 48.0499082 ,  4.0916133 ])
array([ 0.64488127, 47.24728921,  4.68333159])
array([ 1.02228958, 51.68106151,  4.7595392 ])
array([ 0.89597052, 50.69810853,  5.58555083])
array([ 0.74043378, 48.67068765,  4.67648322])
array([ 0.8185393 , 49.89286537,  4.83139112])
array([ 0.93248322, 50.87565249,  6.12533769])
array([ 0.68465325, 49.76444003,  5.34610419])
array([ 1.14150988, 51.15874915,  5.62929961])
array([ 0.76464015, 49.99332416,  5.05026785])
array([ 0.86322583, 49.12727235,  5.0477031 ])
array([ 0.76379941, 49.64854469,  4.85045276])
array([ 1.01002172, 52.4620082 ,  5.34915753])
array([ 0.77808574, 48.76370562,  4.96761386])
array([ 0.82862293, 49.31795344,  5.78823564])
array([ 0.8962514 , 50.85818859,  5.11646077])
array([ 0.9449222 , 50.67442236,  5.28510192])
array([ 0.72358806, 48.53829669,  4.83928388])
array([ 0.85824615, 49.83585921,  5.34209286])
array([ 0.6832795 , 48.25092567,  5.19590498])
array([ 0.97118409, 49.93243402,  5.20303302])
array([ 0.7471112 , 48.84884301,  4.84453395])
array([ 0.81366826, 49.84207698,  5.03144275])
array([ 0.7255974 , 49.77783105,  4.92314816])
array([ 0.68425401, 49.29153147,  4.71255932])
array([ 0.89111854, 50.84048236,  5.25396814])
array([ 0.62338426, 48.67068811,  4.91490436])
array([ 0.72143919, 50.28236742,  4.93267108])
array([ 0.65458457, 48.80829708,  4.60319685])
array([ 0.84766049, 49.57268707,  4.82829608])
array([ 0.86189655, 48.36090317,  4.46647856])
array([ 0.86307289, 52.08118975,  5.22574621])
array([ 0.96706182, 51.58721277,  5.38749611])
array([ 0.80157588, 50.00054464,  5.09284675])
array([ 0.7639209 , 50.4905737 ,  5.03144416])
array([ 0.82734343, 52.88708583,  4.48020637])
array([ 0.99052017, 51.03634322,  5.63894913])
array([ 0.80839368, 48.68990455,  5.17825905])
array([ 0.72100564, 48.84884386,  4.7057292 ])
array([ 0.87420803, 49.76443935,  5.37552789])
array([ 0.73197046, 49.57268863,  5.61698319])
array([ 0.76173862, 52.14860914,  5.39342351])
array([ 0.87143403, 50.30775059,  5.28204612])
array([ 0.73709079, 48.78109377,  4.76581106])
array([ 0.94178323, 50.80624511,  5.32978081])
array([ 0.86712176, 50.23319303,  4.90938484])
array([ 0.84727922, 48.99356324,  5.64307226])
array([ 0.89833504, 50.70632112,  5.43845297])
array([ 0.90204879, 51.25575388,  4.97892408])
array([ 0.99513045, 51.69435942,  5.2867909 ])
array([ 0.7579375 , 50.88199568,  5.48587681])
array([ 0.86940466, 51.40387752,  5.11015616])
array([ 0.73831019, 51.03639773,  4.83139449])
array([ 1.03642626, 50.3077522 ,  5.60576397])
array([ 0.92451943, 50.88808528,  5.50695663])
array([ 0.74199711, 51.416617  ,  5.65170557])
array([ 0.72359554, 49.57268743,  4.86613187])
array([ 0.74428392, 50.07284271,  4.83986017])
array([ 0.91504737, 51.40387635,  5.25835873])
array([ 0.86562254, 48.44460557,  5.71944257])
array([ 1.03570696, 51.76819064,  4.93613729])
array([ 0.84492863, 48.40721917,  5.1478433 ])
array([ 0.62684383, 47.30409393,  4.47395607])
array([ 0.85287134, 51.71481211,  5.34519866])
array([ 0.84440125, 51.30974031,  4.88204002])
array([ 0.88509925, 51.11946917,  5.31304821])
array([ 0.82369034, 50.74678087,  5.0289183 ])
array([ 0.87723567, 49.83034985,  5.35294651])
array([ 0.89132226, 52.4620016 ,  5.10483153])
array([ 0.88168114, 51.76817337,  5.55302727])
array([ 0.89974701, 49.94658965,  4.94627291])
array([ 0.7681606 , 49.67716151,  5.41809494])
array([ 0.78981379, 51.16121292,  4.67130635])
array([ 0.76017934, 50.12385702,  5.53725747])
array([ 0.7998021 , 49.74901976,  4.82105585])
array([ 0.79576881, 49.61257286,  4.95166206])
array([ 0.70834671, 49.80788297,  4.83139246])
array([ 0.92756605, 51.13529499,  5.18053259])
array([ 0.69163444, 48.84884351,  4.67617321])
array([ 0.83981542, 50.54019858,  5.22453951])
array([ 0.64408902, 51.0363445 ,  4.9531388 ])
array([ 0.79587141, 49.81086521,  5.0450407 ])
array([ 0.79083961, 50.52971165,  5.16833833])
array([ 0.96533572, 52.46200619,  5.29452082])
array([ 0.71662853, 48.64516859,  4.31556247])
array([ 0.80759494, 48.8488451 ,  5.26485903])
array([ 0.67561429, 50.20652882,  4.5438898 ])
array([ 0.82976278, 49.15226365,  4.10215604])
array([ 0.80592114, 49.88850968,  5.01335344])
array([ 0.79784005, 51.64435796,  4.96761426])
array([ 0.88362179, 50.8581885 ,  4.92306192])
array([ 0.75426587, 48.84885839,  5.12710136])
array([ 0.81781727, 50.10136426,  4.55795692])
array([ 0.71784167, 50.51998316,  5.11287233])
array([ 0.63777386, 47.94204606,  4.92306017])
array([ 0.96955027, 52.46200326,  5.35942514])
array([ 0.79771424, 49.57269381,  5.10483197])
array([ 0.65308867, 48.11551044,  4.62982429])
array([ 0.75496379, 48.44607217,  4.92306218])
array([ 0.72209932, 49.47037617,  4.38449909])
array([ 0.94844757, 51.88778271,  5.25016734])
array([ 0.95113183, 51.48288023,  5.65391061])
array([ 0.82682229, 48.78046131,  5.27306885])
array([ 0.85284797, 50.857058  ,  5.21730684])
array([ 0.88593595, 50.30775131,  5.1188979 ])
array([ 0.74514893, 48.48891864,  5.0252966 ])
array([ 0.77305639, 50.03847151,  5.07510472])
array([ 0.87470369, 51.16517472,  4.75818665])
array([ 0.97201449, 52.01784958,  5.47112267])
array([ 0.9077021 , 50.55223274,  5.37431883])
array([ 0.75237234, 48.41646486,  4.81068031])
array([ 0.81572425, 49.21637648,  4.99805098])
array([ 0.76038436, 48.11550074,  4.61254456])
array([ 0.96796996, 50.69413369,  4.95285244])
array([ 0.86911734, 50.30775553,  5.02272115])
array([ 0.72496299, 49.57268797,  4.90401586])
array([ 0.69824065, 48.26663277,  4.44894192])
array([ 0.88175723, 50.23713349,  4.79087365])
array([ 0.72789971, 50.55224141,  4.96420336])
array([ 0.93212559, 51.18682235,  5.3793391 ])
array([ 0.82804805, 50.46539992,  4.53096254])
array([ 0.78253603, 50.41095159,  5.0803256 ])
array([ 0.86809731, 50.33663108,  5.01670462])
array([ 0.93910555, 50.41055033,  5.42048485])
array([ 1.06065281, 52.60442247,  5.61039892])
array([ 0.50003801, 47.57695629,  3.00840595])
array([ 0.84739622, 49.21637735,  5.25488025])
array([ 1.02616863, 51.58721146,  5.43423456])
array([ 0.82201767, 50.14023228,  4.38449697])
array([ 0.84681189, 52.13408911,  4.07402463])
array([ 0.6549158 , 46.64537325,  4.57454905])
array([ 0.76064602, 48.99355316,  5.04645973])
array([ 0.8366284 , 51.2756567 ,  5.04760915])
array([ 0.9142816 , 50.88455991,  4.91015082])
array([ 0.91028623, 51.13779488,  5.72275193])
array([ 0.83915031, 49.64854084,  5.1271006 ])
array([ 0.64097454, 48.99358935,  3.65635744])
array([ 0.79695249, 49.5726882 ,  4.86326009])
array([ 0.74677246, 50.06903115,  3.97873233])
array([ 0.88663423, 49.91940234,  4.72488381])
array([ 0.91934811, 50.17550257,  4.94474455])
array([ 0.70860487, 49.21637575,  5.52132312])
array([ 0.79254622, 49.40704727,  5.12351655])
array([ 0.84575488, 51.32294879,  5.70484314])
array([ 0.85218195, 48.01951663,  5.19590615])
array([ 0.76994316, 49.57290294,  5.19020992])
array([ 0.80903036, 50.01824128,  5.01568603])
array([ 0.7962079 , 51.07735592,  5.19590594])
array([ 0.74203969, 48.99354897,  4.58956585])
array([ 0.83842281, 50.5256706 ,  5.10483193])
array([ 0.74940051, 48.84884281,  5.39323909])
array([ 0.70427551, 48.83212021,  4.92305984])
array([ 0.78161751, 49.57268666,  4.59612789])
array([ 0.89302181, 50.62004391,  5.11309554])
array([ 0.79446379, 50.53806122,  5.03158048])
array([ 0.8574568 , 50.67445874,  5.03158926])
array([ 0.86152783, 49.98903379,  5.37355208])
array([ 0.68185163, 50.99641538,  4.80652735])
array([ 0.85926919, 49.57283509,  5.35942505])
array([ 0.90724683, 48.84884402,  5.567378  ])
array([ 0.85634846, 49.6096416 ,  5.12012386])
array([ 0.78127546, 50.17651501,  4.64365907])
array([ 0.87619514, 50.12768073,  4.38448395])
array([ 0.74700769, 47.51278045,  4.98839906])
array([ 0.82060486, 50.22102512,  6.09837146])
array([ 0.8661894 , 49.97561175,  5.23889777])
array([ 0.97488511, 49.5726888 ,  5.39780034])
array([ 0.76492892, 50.03846999,  5.63475212])
array([ 0.86036791, 50.67442328,  4.75903221])
array([ 0.85100883, 51.30493875,  5.2832534 ])
array([ 0.68110457, 48.46866982,  4.43644864])
array([ 0.88106799, 50.43288401,  4.8313932 ])
array([ 0.85374832, 49.91763057,  4.92306075])
array([ 0.93394457, 49.26399257,  5.93479614])
array([ 0.73665847, 49.44795412,  5.33232801])
array([ 0.9123056 , 51.03634887,  4.98630195])
array([ 0.92012262, 50.74678708,  5.11407484])
array([ 0.64879569, 50.30775937,  4.89635311])
array([ 0.92859129, 50.41054516,  5.36468343])
array([ 0.95731718, 52.06169375,  4.48269103])
array([ 0.80344422, 49.83639787,  5.74278097])
array([ 0.72934441, 50.35774126,  4.43620971])
array([ 0.79721345, 52.46200206,  4.82681378])
array([ 0.92483503, 50.55224475,  5.14407855])
array([ 0.82972499, 48.88713202,  5.36683112])
array([ 0.8446187 , 50.12099651,  4.92306198])
array([ 0.9248183 , 50.85819227,  5.23941896])
array([ 0.81424628, 50.42176621,  4.92306129])
array([ 0.83606987, 49.57269114,  4.81507185])
array([ 0.73370531, 48.67068925,  4.8197817 ])
array([ 0.90452535, 51.03634365,  5.4168944 ])
array([ 0.79966972, 49.73393166,  5.19590519])
array([ 0.77802232, 49.57268734,  5.25016921])
array([ 1.00076878, 53.44139466,  5.56722473])
array([ 0.88518491, 51.2692381 ,  4.95751235])
array([ 0.7886176 , 50.63299521,  5.23329635])
array([ 0.82303649, 51.24306792,  4.59151281])
array([ 0.79932972, 50.59343798,  5.18003664])
array([ 0.78038572, 50.24399372,  5.26805927])
array([ 0.84184512, 51.3730071 ,  5.17974983])
array([ 0.88694386, 50.30775118,  5.66386835])
array([ 0.6894055 , 48.11550162,  5.02560442])
array([ 0.85599964, 50.80934975,  5.37776957])
array([ 0.70227704, 50.30775083,  5.1544408 ])
array([ 0.9636705 , 49.57269923,  5.17323982])
array([ 0.98785159, 49.57268584,  5.32333648])
array([ 0.98649938, 51.33448407,  5.36628481])
array([ 0.66591943, 48.74008706,  5.32523557])
array([ 0.67291278, 50.55224288,  4.11742659])
array([ 0.83929697, 50.59724872,  5.16328187])
array([ 0.62715958, 49.31795101,  5.23240386])
array([ 0.86150032, 50.2667663 ,  5.28777618])
array([ 0.84266909, 48.11550264,  5.27052009])
array([ 0.80681205, 49.30923444,  5.22448389])
array([ 0.90693538, 50.88538913,  5.74277919])
array([ 0.76217405, 50.28702341,  4.92306216])
array([ 0.68120349, 48.48892524,  4.57319739])
array([ 0.8992336 , 49.78974484,  4.92306216])
array([ 0.75472243, 49.42920724,  5.19590598])
array([ 0.74526494, 48.84884293,  4.58579501])
array([ 0.70572958, 48.99355981,  5.30402415])
array([ 0.64125603, 50.49445907,  4.44641104])
array([ 0.8841524 , 51.22329373,  5.59568646])
array([ 0.75594091, 50.06608799,  5.05888892])
array([ 0.72781052, 49.76443797,  5.20117189])
array([ 0.87022865, 50.81150279,  5.03597298])
array([ 0.72785828, 47.85458194,  5.40870946])
array([ 0.75072386, 48.26669272,  5.00820894])
array([ 0.84312472, 50.5691482 ,  5.30892854])
array([ 0.69661624, 49.06410856,  4.7399145 ])
array([ 0.64656265, 48.52921705,  4.38449925])
array([ 0.68962026, 47.75771806,  4.59961512])
array([ 0.95717312, 51.4288701 ,  5.42973832])
array([ 0.80856157, 49.73596555,  5.24661819])
array([ 0.8041093 , 49.38261366,  5.21266596])
array([ 0.81520823, 50.31730859,  4.91840913])
array([ 0.84002165, 49.21637806,  5.38764502])
array([ 0.76466737, 48.99440727,  4.71694483])
array([ 0.57730861, 48.84884346,  4.56474412])
array([ 0.82014177, 49.34822966,  5.12502996])
array([ 0.71798106, 46.48318856,  4.26044477])
array([ 0.70366303, 48.21548207,  5.14763899])
array([ 0.94529637, 52.46200608,  5.03597334])
array([ 0.81956952, 49.89128325,  4.28958772])
array([ 0.79532864, 49.08815749,  5.28774275])
array([ 0.87463036, 52.19449506,  5.13737004])
array([ 0.9472259 , 50.19566622,  5.47112488])
array([ 0.89332535, 50.30779991,  5.37777047])
array([ 1.11618498, 51.58721389,  5.7392936 ])
array([ 0.90670079, 50.6256712 ,  5.28679043])
array([ 0.78072417, 48.84884326,  4.59411527])
array([ 0.86855709, 52.46200402,  5.47112446])
array([ 1.02967235, 50.76906065,  5.47112283])
array([ 0.81023138, 49.37164978,  4.78364343])
array([ 0.87016259, 51.66172313,  5.30389307])
array([ 0.91686816, 50.8581938 ,  5.54471768])
array([ 0.74298784, 51.95595622,  4.14730157])
array([ 0.83214159, 51.76543752,  4.70565274])
array([ 0.89709126, 51.49673459,  5.39343716])
array([ 0.86987156, 49.90571129,  5.0359725 ])
array([ 0.83031345, 47.99568726,  5.27127993])
array([ 0.73024273, 50.55223856,  5.14148049])
array([ 0.79610112, 50.35508261,  5.04233154])
array([ 0.7444284 , 48.38181751,  4.87994792])
array([ 0.8504207 , 51.49673037,  5.29766809])
array([ 0.95691793, 50.39078842,  5.47112452])
array([ 0.7510917 , 49.88380956,  5.10483133])
array([ 0.87187253, 50.08538495,  5.37720935])
array([ 0.82793487, 50.20179921,  5.56022857])
array([ 0.89167577, 50.91401087,  5.47112479])
array([ 0.87168929, 49.57268575,  4.91313606])
array([ 0.66464466, 49.97561172,  4.79365099])
array([ 0.99276617, 51.44319593,  5.04094152])
array([ 0.59415813, 48.11556572,  4.39786894])
array([ 0.92868399, 49.38732906,  4.8313933 ])
array([ 0.7432171 , 49.21637592,  5.07202918])
array([ 0.74799226, 49.40070939,  5.08257571])
array([ 0.76814288, 50.69691584,  5.47112481])
array([ 0.87246918, 50.73500678,  5.43273126])
array([ 0.77140562, 48.77434266,  5.17102295])
array([ 0.71417918, 49.09701535,  4.92910853])
array([ 0.77443147, 51.03634361,  5.23305996])
array([ 0.92550929, 50.1429762 ,  5.32181266])
array([ 0.85753507, 50.01594361,  5.25016896])
array([ 0.84075185, 49.76443829,  5.3643389 ])
array([ 0.73757886, 49.65090444,  5.02448071])
array([ 0.73267958, 49.8736586 ,  4.67130714])
array([ 0.74537664, 48.46868132,  5.32884605])
array([ 0.86138   , 50.11239407,  5.0218204 ])
array([ 0.64697919, 46.64537142,  5.02546227])
array([ 0.80035845, 50.99654357,  5.33101447])
array([ 0.84639122, 49.8187411 ,  5.68757854])
array([ 0.59815163, 47.48664761,  4.73653417])
array([ 0.9005143 , 50.41062475,  5.1105131 ])
array([ 0.6882034 , 48.11550392,  4.80215903])
array([ 0.63719588, 46.58243368,  5.14825157])
array([ 0.86813419, 50.07890348,  5.17460841])
array([ 0.78063702, 49.98367346,  5.38907626])
array([ 0.85633439, 50.55223088,  5.03975   ])
array([ 1.07266837, 52.22597987,  5.14370636])
array([ 0.82970976, 49.17252053,  5.08146336])
array([ 0.82870434, 50.17548818,  4.9239998 ])
array([ 0.79053078, 51.03634571,  4.76357872])
array([ 0.83087043, 50.73023256,  5.52016705])
array([ 0.80674065, 50.30775092,  4.98561457])
array([ 0.86818307, 49.67414668,  5.22063601])
array([ 0.64529765, 48.94472096,  4.84845337])
array([ 0.76672579, 48.63496187,  4.87013149])
array([ 0.64413388, 49.8242306 ,  4.13710421])
array([ 0.82514784, 50.40926184,  5.52652979])
array([ 0.81456692, 49.87364302,  5.06952988])
array([ 0.77941506, 49.57268782,  4.94505636])
array([ 1.03081395, 51.9458252 ,  4.9428103 ])
array([ 0.83748785, 51.6233958 ,  5.10482937])
array([ 0.88493272, 50.4004689 ,  4.62049651])
array([ 0.85511983, 50.01594336,  5.16709166])
array([ 0.78818773, 49.84833643,  5.15267034])
array([ 0.76507868, 49.64054121,  4.38449982])
array([ 0.71596771, 48.82728025,  5.10483199])
array([ 1.00653835, 51.10649395,  5.20789977])
array([ 0.72319841, 48.84884602,  5.17581697])
array([ 0.65664467, 49.94659805,  4.88464943])
array([ 0.90619858, 50.2460202 ,  5.36737093])
array([ 0.66149904, 48.11551041,  4.86776163])
array([ 0.88004714, 50.30775297,  5.21570329])
array([ 0.88184915, 50.06168326,  4.45407612])
array([ 0.88966779, 51.98182704,  4.76059174])
array([ 0.73008493, 48.54515576,  5.03144898])
array([ 1.00175449, 51.03648495,  5.32065856])
array([ 0.82747679, 49.21637544,  5.185929  ])
array([ 0.90820796, 49.57268605,  5.10483165])
array([ 1.00332984, 52.8416506 ,  5.3524888 ])
array([ 1.00444661, 51.03634901,  5.39612716])
array([ 0.87751235, 48.57063158,  5.36997607])
array([ 0.81313024, 50.72416379,  5.3735787 ])
array([ 0.96481867, 50.67445928,  5.27640332])
array([ 0.98119879, 51.00361045,  4.62272949])
array([ 0.76275972, 48.57987494,  5.3903939 ])
array([ 0.80170755, 51.0363467 ,  4.95276571])
array([ 0.88388644, 50.60917716,  5.64036141])
array([ 0.7234134 , 49.51480941,  5.30851748])
array([ 0.72463066, 48.19002469,  4.69417672])
array([ 0.7702446 , 47.76985491,  4.92306164])
array([ 0.77704138, 49.78824884,  4.67048944])
array([ 0.77919375, 49.76444064,  4.94851423])
array([ 0.85403377, 49.23749186,  5.19590594])
array([ 0.66928983, 47.16359454,  4.99784208])
array([ 0.78403189, 48.88801783,  4.94494438])
array([ 0.89887091, 51.62338763,  5.6517024 ])
array([ 0.8326266 , 49.79973143,  5.42118343])
array([ 0.96151499, 49.57268609,  5.61420113])
array([ 0.71356844, 50.30775534,  5.04489511])
array([ 0.75229342, 50.39123671,  4.73991605])
array([ 0.86277846, 50.03847041,  5.47112267])
array([ 1.03562838, 49.21637566,  5.7165992 ])
