array([ 2.27131638, 48.88276281,  5.02448804])
array([ 2.39313829, 49.67320512,  5.10483208])
array([ 2.35459336, 49.80538333,  4.92306226])
array([ 2.1984618 , 46.21034695,  5.10483064])
array([ 2.35249665, 48.99371125,  5.07954809])
array([ 2.5177528 , 48.6427902 ,  5.12567294])
array([ 2.42236957, 50.52627247,  4.87960236])
array([ 2.44150626, 47.94004673,  4.92306246])
array([ 2.4140805 , 49.89194908,  4.94474437])
array([ 2.3713179 , 49.97602095,  5.00166918])
array([ 2.40205496, 50.20570714,  5.12074454])
array([ 2.52253469, 51.95194392,  5.05889054])
array([ 2.35637999, 50.21293863,  5.12710153])
array([ 2.48085674, 53.66589573,  5.10483208])
array([ 2.3417249 , 48.87789683,  4.89620268])
array([ 2.61876044, 50.82035566,  5.05889056])
array([ 2.45172451, 51.26717462,  5.06389012])
array([ 2.44967808, 52.46200047,  5.19929635])
array([ 2.32766264, 51.32697597,  4.92306236])
array([ 2.48852338, 54.2174403 ,  5.30470004])
array([ 2.41476019, 50.29409654,  4.9475278 ])
array([ 2.2973423 , 47.68465774,  4.85923297])
array([ 2.33206988, 47.45132772,  5.02092273])
array([ 2.46191508, 52.72080415,  5.10483214])
array([ 2.25934567, 46.58160853,  4.85779732])
array([ 2.43758196, 53.79953124,  4.87346417])
array([ 2.58876644, 57.05509129,  5.09284765])
array([ 2.43412397, 51.71574202,  5.01335357])
array([ 2.6634546 , 47.23936609,  5.35390353])
array([ 2.24590659, 50.22959854,  4.82354972])
array([ 2.45850521, 56.86553076,  5.00579871])
array([ 2.36112121, 51.27328227,  5.09521445])
array([ 2.38337633, 48.79154518,  4.77028242])
array([ 2.23225045, 45.99342565,  4.55745799])
array([ 2.45249627, 47.0630792 ,  5.215404  ])
array([ 2.40163475, 50.95558456,  4.9230624 ])
array([ 2.3963706 , 49.10917969,  4.94175086])
array([ 2.37427618, 51.31380659,  4.8685238 ])
array([ 2.4792723 , 50.41074552,  5.07285602])
array([ 2.37067451, 51.95065275,  4.67696215])
array([ 2.31094373, 47.31703249,  4.81941015])
array([ 2.52580296, 55.39544192,  5.01335351])
array([ 2.46282224, 52.46200462,  4.87245306])
array([ 2.29492204, 47.49960923,  4.60634696])
array([ 2.38469999, 49.9146126 ,  4.91618853])
array([ 2.47134221, 54.17122555,  5.12710138])
array([ 2.57354135, 49.73030046,  5.16120701])
array([ 2.54194083, 52.68096962,  5.18168602])
array([ 2.39346714, 49.86217244,  4.90918623])
array([ 2.41089118, 55.24000351,  4.9228458 ])
array([ 2.37219273, 52.8006127 ,  5.10483214])
array([ 2.42938506, 49.93471363,  5.19590603])
array([ 2.47688518, 49.29428846,  5.10483214])
array([ 2.45883896, 48.87815902,  5.33232791])
array([ 2.45212181, 51.7681781 ,  4.94067695])
array([ 2.55717672, 47.04827835,  5.01075274])
array([ 2.5898724 , 55.96223189,  5.28679092])
array([ 2.50996671, 48.11551313,  5.19590614])
array([ 2.33445932, 52.17347854,  4.91590441])
array([ 2.45078454, 46.28975587,  4.98274275])
array([ 2.41307333, 53.05790417,  4.92306231])
array([ 2.34180462, 51.339269  ,  4.66838591])
array([ 2.28481456, 47.85097234,  5.00496796])
array([ 2.20433719, 45.82864326,  4.95107128])
array([ 2.4357788 , 48.48692272,  5.01841713])
array([ 2.46689022, 49.5726856 ,  5.16336044])
array([ 2.49678396, 46.64538008,  5.11872624])
array([ 2.51785469, 48.48457659,  5.19590617])
array([ 2.33778659, 48.26926175,  5.01767491])
array([ 2.39100867, 46.58148853,  5.03597156])
array([ 2.35571414, 48.04814122,  4.85366403])
array([ 2.43048989, 47.49962494,  5.09600526])
array([ 2.32951444, 44.92865051,  5.05889059])
array([ 2.46417047, 54.57119741,  5.18439481])
array([ 2.52544895, 50.4591009 ,  4.8558372 ])
array([ 2.49811949, 51.39496702,  4.88544192])
array([ 2.49109455, 52.68097643,  5.25016952])
array([ 2.45563821, 48.43449706,  5.18250438])
array([ 2.49247266, 49.35265544,  5.15260642])
array([ 2.2954087 , 47.99204343,  4.94416057])
array([ 2.43577603, 44.21444319,  5.19590584])
array([ 2.64561533, 50.40951222,  5.13838793])
array([ 2.37076522, 48.96432631,  5.03597358])
array([ 2.53629869, 53.50614689,  5.16798133])
array([ 2.60274945, 50.67442781,  5.26619341])
array([ 2.47753555, 52.86194444,  5.05180469])
array([ 2.64495563, 51.66051914,  5.10483214])
array([ 2.39730045, 52.25527721,  5.04535787])
array([ 2.46950604, 50.07531057,  5.17892277])
array([ 2.39559876, 52.46200974,  4.96228658])
array([ 2.30156392, 49.57269228,  4.95612874])
array([ 2.49955553, 44.29569151,  5.04311402])
array([ 2.520944  , 54.5713459 ,  4.98976401])
array([ 2.37377646, 48.9892857 ,  4.8522362 ])
array([ 2.43624936, 49.15293014,  5.01889675])
array([ 2.49053985, 55.39539506,  5.1693217 ])
array([ 2.62285708, 58.29088391,  5.12866522])
array([ 2.16452549, 46.24325019,  4.76975579])
array([ 2.40125556, 51.37252857,  4.8371402 ])
array([ 2.64029324, 58.29116197,  5.05218968])
array([ 2.29553942, 48.50681301,  4.88776938])
array([ 2.32554696, 48.97793614,  5.11564304])
array([ 2.29325618, 50.2869807 ,  4.92306233])
array([ 2.44608254, 54.25432123,  4.97666301])
array([ 2.40045073, 52.4620189 ,  4.71694531])
array([ 2.42495813, 51.65177524,  5.08782856])
array([ 2.44018323, 46.58158715,  5.04929462])
array([ 2.40864591, 52.95439843,  4.90699487])
array([ 2.62687982, 50.20568115,  5.29377601])
array([ 2.4053356 , 46.81657552,  5.28679101])
array([ 2.45887907, 45.83168673,  5.3138041 ])
array([ 2.56768622, 49.97310345,  5.15701747])
array([ 2.64099593, 52.26512011,  5.27435758])
array([ 2.24825365, 47.17173448,  4.79858093])
array([ 2.45018908, 51.03636766,  5.27432477])
array([ 2.44993367, 53.75753032,  5.08457706])
array([ 2.53346411, 55.39539252,  5.05889039])
array([ 2.51878268, 54.5711936 ,  4.99038278])
array([ 2.79740469, 51.9050649 ,  5.48128568])
array([ 2.42236062, 52.34498144,  5.10483214])
array([ 2.39689801, 48.9893251 ,  5.05889049])
array([ 2.27365381, 46.64542254,  4.94580325])
array([ 2.46775945, 51.1866454 ,  5.14511337])
array([ 2.39347034, 52.46206442,  4.95612882])
array([ 2.1573078 , 49.81086684,  4.82058632])
array([ 2.28879622, 44.79034597,  4.87242285])
array([ 2.3868068 , 50.34142952,  4.93900191])
array([ 2.42206034, 49.91342413,  5.19590621])
array([ 2.3394581 , 50.92926877,  4.98498907])
array([ 2.48941374, 52.40297715,  5.01335354])
array([ 2.39210452, 49.78768541,  5.10483204])
array([ 2.46069319, 46.01936777,  4.83139391])
array([ 2.364515  , 50.12755273,  5.17163761])
array([ 2.50465174, 54.32166488,  5.06013266])
array([ 2.36790183, 48.49592124,  4.7310592 ])
array([ 2.49475844, 53.31093249,  5.2263388 ])
array([ 2.50500612, 46.95932083,  5.12710125])
array([ 2.46044435, 49.85613155,  5.27649851])
array([ 2.36169857, 49.47068696,  4.88464915])
array([ 2.596312  , 54.04503292,  5.36214586])
array([ 2.54347254, 51.28061782,  5.17319298])
array([ 2.50333683, 51.12580587,  5.17825968])
array([ 2.38310585, 48.91910841,  5.08851   ])
array([ 2.51544301, 51.72147607,  4.8969549 ])
array([ 2.4285805 , 53.38830792,  4.92306236])
array([ 2.52711716, 56.32693962,  5.05601383])
array([ 2.42352588, 46.54184198,  4.92306244])
array([ 2.42536629, 47.21222019,  5.03457772])
array([ 2.25498859, 48.99361842,  4.7384679 ])
array([ 2.57251963, 54.39952891,  4.97821626])
array([ 2.23019775, 45.47307979,  4.84220556])
array([ 2.40174046, 50.5522438 ,  4.95023824])
array([ 2.23694392, 45.58076696,  4.87638521])
array([ 2.38588109, 49.31535058,  4.96291183])
array([ 2.63758148, 51.27093943,  5.17609085])
array([ 2.37458132, 50.11839081,  5.03597333])
array([ 2.49454367, 53.9478294 ,  4.91578925])
array([ 2.37381598, 46.58215291,  4.85519261])
array([ 2.48337916, 51.94573265,  5.1725676 ])
array([ 2.33738332, 47.04873086,  5.24356734])
array([ 2.37915995, 47.82143973,  5.21526098])
array([ 2.47288643, 50.12484267,  5.25236068])
array([ 2.43012801, 49.39971151,  5.04467475])
array([ 2.52727526, 48.84885385,  4.99220974])
array([ 2.37460575, 48.02316999,  5.14608302])
array([ 2.509135  , 53.17612742,  5.16557566])
array([ 2.74066416, 55.95851333,  5.28266382])
array([ 2.33392536, 45.93275739,  5.05584731])
array([ 2.2748195 , 43.01830115,  4.72432577])
array([ 2.37172455, 46.19639498,  5.05083228])
array([ 2.43615493, 49.07741959,  4.96761373])
array([ 2.51148088, 54.95146759,  5.05889043])
array([ 2.40432465, 49.32248544,  5.15326392])
array([ 2.61610566, 51.61290096,  5.27080303])
array([ 2.38662227, 50.67416752,  5.16120703])
array([ 2.45279412, 51.52537734,  5.08602231])
array([ 2.23442143, 46.08034373,  4.96403088])
array([ 2.37181628, 48.99355035,  5.0013161 ])
array([ 2.34276481, 48.86704028,  5.19590625])
array([ 2.22924827, 42.05575022,  4.96761428])
array([ 2.32297028, 46.58286027,  4.87403396])
array([ 2.33626378, 48.20717637,  4.92306248])
array([ 2.50045593, 51.6693837 ,  5.10133684])
array([ 2.30111152, 48.99718688,  4.68269141])
array([ 2.43292564, 50.29408438,  5.12710155])
array([ 2.35627955, 46.9752924 ,  4.7441505 ])
array([ 2.24525959, 46.64537666,  5.01362852])
array([ 1.93632911, 42.70150701,  4.19304088])
array([ 2.52600879, 49.01185674,  5.10483214])
array([ 2.48460449, 51.2305417 ,  5.11206291])
array([ 2.38886448, 50.71682848,  4.85366406])
array([ 2.309933  , 47.87140183,  4.83139136])
array([ 2.36131628, 50.13336152,  5.05889048])
array([ 2.38194002, 48.84895225,  4.73991597])
array([ 2.57773457, 47.78233116,  5.15381213])
array([ 2.21385411, 47.42814425,  4.79312275])
array([ 2.47846464, 55.39537829,  5.02353838])
array([ 2.19552468, 45.86517945,  4.6997441 ])
array([ 2.5246869 , 52.70633594,  5.13948971])
array([ 2.45897443, 50.96794471,  4.95733937])
array([ 2.49536604, 52.10753942,  4.96189191])
array([ 2.5681132 , 50.4104914 ,  5.15965096])
array([ 2.33612583, 49.53467069,  4.75631944])
array([ 2.36448343, 49.91227786,  5.15842477])
array([ 2.3650656 , 49.8370714 ,  4.99949388])
array([ 2.63499912, 48.48692788,  5.30742891])
array([ 2.23869109, 45.98274883,  5.02131361])
array([ 2.52888542, 53.30702455,  5.05889061])
array([ 2.58911112, 53.29308623,  5.28679105])
array([ 2.22336963, 43.40807569,  4.7310592 ])
array([ 2.55077822, 47.98254437,  5.00519262])
array([ 2.38508412, 45.25590647,  4.97854453])
array([ 2.61777554, 51.13561711,  5.39470434])
array([ 2.33197827, 51.69954851,  4.46989444])
array([ 2.43590116, 52.31109471,  5.28155821])
array([ 2.44202835, 44.91198907,  5.16684995])
array([ 2.47943383, 49.8663856 ,  4.94474407])
array([ 2.32725973, 51.37672809,  5.08711835])
array([ 2.46578224, 48.97283023,  5.10483215])
array([ 2.37630788, 49.62922785,  5.03597359])
array([ 2.39109271, 45.98820812,  5.23482979])
array([ 2.42854725, 47.57694149,  5.17543031])
array([ 2.37870836, 52.02881749,  5.06544221])
array([ 2.39670694, 50.82565744,  4.86081556])
array([ 2.53066436, 48.33285336,  5.1048321 ])
array([ 2.42910916, 47.28981549,  4.99038243])
array([ 2.38519209, 49.55754072,  4.92306249])
array([ 2.53430275, 48.98929456,  5.10483191])
array([ 2.37495112, 50.86212274,  5.11564302])
array([ 2.48058095, 49.57307128,  5.11562778])
array([ 2.43508708, 47.92877873,  5.10483201])
array([ 2.49743689, 47.68024191,  4.92306228])
array([ 2.45752162, 52.462138  ,  5.04618416])
array([ 2.31664806, 45.33323488,  5.04691834])
array([ 2.39848433, 46.58150817,  5.15870427])
array([ 2.37594087, 47.2472881 ,  5.02837702])
array([ 2.46168178, 47.64835945,  5.07381034])
array([ 2.37712571, 51.28977699,  4.86298427])
array([ 2.45069525, 53.26022052,  5.03144905])
array([ 2.47032124, 54.53116218,  5.10990031])
array([ 2.31491594, 53.21734964,  5.16120696])
array([ 2.37191163, 48.99355974,  4.8750402 ])
array([ 2.47768658, 49.64022246,  5.29792571])
array([ 2.42416968, 51.62339333,  4.9394645 ])
array([ 2.52600055, 54.35238085,  5.08602207])
array([ 2.31461436, 50.57139307,  4.97761501])
array([ 2.83317267, 52.46207748,  5.25016958])
array([ 2.26949364, 52.46200562,  5.06661793])
array([ 2.16568939, 48.6159882 ,  4.73991604])
array([ 2.40401279, 48.30023487,  5.10990036])
array([ 2.4220583 , 45.19769424,  5.09502586])
array([ 2.4128331 , 48.74285119,  4.99303594])
array([ 2.52658327, 53.7232479 ,  5.00285767])
array([ 2.36487065, 51.06534943,  4.92306227])
array([ 2.42584137, 53.41881451,  5.09573333])
array([ 2.38146126, 50.41051147,  4.93197784])
array([ 2.5296183 , 52.46204618,  5.23644177])
array([ 2.48931293, 52.46202589,  5.08276517])
array([ 2.36429348, 50.51231426,  4.85366399])
array([ 2.55582608, 51.9559145 ,  5.18010461])
array([ 2.65795463, 55.14190911,  5.27134996])
array([ 2.58494453, 50.0458665 ,  5.15260643])
array([ 2.4403142 , 43.73103503,  5.1173165 ])
array([ 2.46495378, 49.05750351,  5.12710154])
array([ 2.37278247, 52.46200714,  5.05161137])
array([ 2.39504328, 48.32827743,  5.25940864])
array([ 2.36176006, 50.10268348,  5.19590613])
array([ 2.47959371, 52.90660568,  5.09540513])
array([ 2.5696147 , 51.10996381,  5.33232804])
array([ 2.31738357, 46.1536095 ,  4.83089551])
array([ 2.44709042, 51.14460535,  5.31497845])
array([ 2.27516511, 44.40545004,  4.72617101])
array([ 2.07979261, 42.21795708,  4.84139195])
array([ 2.23488541, 47.02890915,  5.00946506])
array([ 2.40634255, 58.91499665,  5.07002856])
array([ 2.23066535, 45.93094933,  4.88776953])
array([ 2.3510876 , 51.16715363,  5.10483033])
array([ 2.15648537, 48.86737961,  4.79706836])
array([ 2.33104216, 48.99355714,  5.13208267])
array([ 2.64750666, 52.55882376,  5.25016962])
array([ 2.47533053, 51.27462727,  4.85366396])
array([ 2.50804076, 53.17616757,  5.1603964 ])
array([ 2.38612633, 53.13736916,  4.8579251 ])
array([ 2.38241536, 48.76155257,  4.96177205])
array([ 2.44818995, 51.46793404,  5.10483181])
array([ 2.30579281, 48.58465789,  5.20411978])
array([ 2.58509838, 51.09452142,  5.07142034])
array([ 2.36684446, 49.57273771,  5.18036353])
array([ 2.41640843, 51.3444861 ,  5.28679103])
array([ 2.33740793, 50.41054983,  4.87432225])
array([ 2.35071956, 47.58976359,  5.19590615])
array([ 2.34112769, 50.06903046,  4.83089545])
array([ 2.38701789, 54.1404253 ,  4.99736548])
array([ 2.45702556, 51.06535901,  5.02927539])
array([ 2.42165576, 46.9103876 ,  4.97892425])
array([ 2.41037959, 49.94291248,  4.86895613])
array([ 2.5879663 , 53.64782879,  5.17709591])
array([ 2.35990004, 53.05129779,  4.92306247])
array([ 2.31573228, 50.9614734 ,  5.07831504])
array([ 2.62445819, 52.196577  ,  5.31497847])
array([ 2.51646641, 51.41617958,  5.12710151])
array([ 2.34238642, 50.41050471,  4.81512379])
array([ 2.25232161, 49.57269236,  4.69759408])
array([ 2.48238623, 51.58356833,  4.99365863])
array([ 2.48120214, 48.95702961,  5.28679106])
array([ 2.46109523, 49.44399106,  4.97663744])
array([ 2.35670729, 44.78562395,  4.9296314 ])
array([ 2.34175706, 46.16134744,  4.93532608])
array([ 2.47589757, 54.73162803,  5.01986484])
array([ 2.44619715, 48.38889607,  5.20363669])
array([ 2.40955807, 49.76726899,  4.96118429])
array([ 2.47095013, 46.95931757,  5.10990039])
array([ 2.25076878, 46.29942757,  4.66879299])
array([ 2.49835445, 51.40392571,  5.21590051])
array([ 2.46302015, 51.0266917 ,  4.78545293])
array([ 2.10656982, 47.81255285,  4.55795612])
array([ 2.51162915, 55.74753953,  4.95321157])
array([ 2.33538453, 52.03987827,  4.94836581])
array([ 2.23891987, 48.11550832,  4.84220557])
array([ 2.32943496, 47.47566781,  4.88086921])
array([ 2.47812044, 53.31865421,  5.0258434 ])
array([ 2.4301366 , 50.74222857,  5.03127107])
array([ 2.16480839, 47.02887665,  4.87333858])
array([ 2.42981492, 51.49673196,  4.99817436])
array([ 2.41375423, 52.28732903,  5.0244882 ])
array([ 2.43128183, 50.08621168,  5.01335348])
array([ 2.30015722, 50.62569346,  5.10251417])
array([ 2.53340109, 52.46211197,  5.07248156])
array([ 2.23378051, 49.54729901,  4.68947415])
array([ 2.50859082, 52.3539232 ,  5.06528741])
array([ 2.41491694, 48.11556105,  5.1545929 ])
array([ 2.73271164, 55.98222936,  5.40053903])
array([ 2.38885381, 47.37974004,  4.92306245])
array([ 2.5672686 , 59.62033883,  5.10483205])
array([ 2.51208635, 56.86552228,  5.19590608])
array([ 2.23806062, 45.02471388,  4.99643664])
array([ 2.40437226, 52.09976463,  5.10003959])
array([ 2.31886839, 46.58242413,  4.93115189])
array([ 2.56976987, 57.32456716,  5.19590566])
array([ 2.49847084, 50.35902949,  4.90515689])
array([ 2.55713665, 55.39541649,  5.11970189])
array([ 2.32759686, 48.78044673,  4.80419192])
array([ 2.50917244, 51.61462723,  5.08711836])
array([ 2.55139744, 48.45633701,  5.30641503])
array([ 2.23802334, 50.74698569,  4.87834976])
array([ 2.46723634, 49.1245299 ,  5.27738607])
array([ 2.2880676 , 50.59586293,  5.05889048])
array([ 2.37127856, 52.46201783,  4.80802578])
array([ 2.3725673 , 48.67467157,  4.87064194])
array([ 2.26497056, 47.45365487,  4.67130705])
array([ 2.52310512, 60.30894653,  5.19590622])
array([ 2.43356905, 51.51124371,  5.17993457])
array([ 2.29350635, 50.39080862,  4.81368091])
array([ 2.45833394, 53.83882291,  5.2773689 ])
array([ 2.42214388, 48.08257873,  4.92306232])
array([ 2.27602625, 45.29915309,  4.68269123])
array([ 2.35650248, 51.03638327,  4.866719  ])
array([ 2.39570368, 48.50849247,  4.89912983])
array([ 2.34325784, 49.60494157,  5.01335348])
array([ 2.44874397, 53.26541989,  5.19590585])
array([ 2.64303086, 51.59214414,  5.35197977])
array([ 2.30644815, 46.64538684,  4.91864823])
array([ 2.46386813, 48.04335522,  5.08538484])
array([ 2.53231847, 52.78845008,  5.13743622])
array([ 2.36244891, 52.46203239,  4.62065458])
array([ 2.37249744, 48.05048266,  4.96177191])
array([ 2.39974237, 50.41271026,  4.97892429])
array([ 2.34761732, 53.4460831 ,  4.83139382])
array([ 2.55834938, 51.0363822 ,  5.1197213 ])
array([ 2.41062826, 47.52081274,  5.01335357])
array([ 2.41323486, 48.35225298,  5.06832064])
array([ 2.42609914, 49.89498172,  4.72782296])
array([ 2.2857723 , 48.11550136,  4.97536818])
array([ 2.49049722, 48.11550014,  5.03434874])
array([ 2.4637784 , 47.5172847 ,  5.26382026])
array([ 2.38287436, 48.88192582,  5.21974508])
array([ 2.53454669, 49.8302572 ,  5.33232799])
array([ 2.39414621, 49.61164886,  4.9903828 ])
array([ 2.36183656, 49.24882997,  5.06918653])
array([ 2.46981275, 47.34865621,  5.1959062 ])
array([ 2.34810246, 47.39318173,  5.01160592])
array([ 2.25844234, 49.82304264,  4.82298949])
array([ 2.75608666, 50.82530736,  5.47112498])
array([ 2.51554019, 53.60881065,  5.07381066])
array([ 2.38884816, 51.76851646,  5.17651522])
array([ 2.4240589 , 51.00411132,  4.88204027])
array([ 2.61130621, 54.02328492,  5.23323402])
array([ 2.39030155, 44.8576024 ,  5.42326018])
array([ 2.16519748, 48.5378978 ,  4.50374935])
array([ 2.41519233, 46.58212473,  5.25016953])
array([ 2.28797846, 46.58151196,  4.97961276])
array([ 2.3008763 , 49.57269233,  4.83139346])
array([ 2.32595073, 53.54035303,  4.92306245])
array([ 2.32196956, 51.67902268,  4.90265354])
array([ 2.20449773, 43.55257182,  4.55795239])
array([ 2.40828495, 47.27097772,  4.85366393])
array([ 2.61065465, 54.99847358,  5.12375105])
array([ 2.41893424, 45.02018251,  5.17825971])
array([ 2.37903033, 52.46200148,  4.8451989 ])
array([ 2.28647389, 41.06962846,  5.10990021])
array([ 2.26443947, 48.11550105,  4.94661443])
array([ 2.46699111, 55.66142017,  5.10483208])
array([ 2.24719438, 49.76443863,  4.57539776])
array([ 2.34992565, 48.1155259 ,  4.97035274])
array([ 2.56975173, 50.57602848,  5.03597365])
array([ 2.49781404, 51.88389022,  5.14294504])
array([ 2.31733645, 49.90512154,  4.98083044])
array([ 2.40510655, 47.20908851,  5.10483215])
array([ 2.41666543, 54.68276406,  4.8441083 ])
array([ 2.49689652, 54.35219628,  4.94324658])
array([ 2.49556789, 49.82303195,  4.97550899])
array([ 2.30290121, 45.02168291,  5.12197376])
array([ 2.44119464, 49.21639381,  5.32350477])
array([ 2.34230837, 46.29942229,  4.73325682])
array([ 2.37160121, 46.59458048,  5.218182  ])
array([ 2.46297009, 51.03635464,  5.05427685])
array([ 2.43207308, 52.46217674,  5.20244363])
array([ 2.22395756, 45.48715178,  4.95707543])
array([ 2.29871426, 51.28087597,  5.14408008])
array([ 2.31435588, 45.09569338,  4.86064654])
array([ 2.54296402, 54.0447804 ,  5.36830424])
array([ 2.34951629, 48.64755066,  4.88776933])
array([ 2.39324587, 42.2863457 ,  5.04790492])
array([ 2.64157729, 51.73128061,  5.00907741])
array([ 2.30839803, 45.35766978,  5.02258116])
array([ 2.44061493, 48.46307496,  5.09749929])
array([ 2.44782376, 45.48714023,  4.97211482])
array([ 2.32164305, 48.19183353,  4.85366401])
array([ 2.64907974, 52.14606427,  5.30928623])
array([ 2.40596068, 46.58150252,  5.03275733])
array([ 2.52098531, 52.46211979,  5.16055455])
array([ 2.43539691, 48.99361141,  5.08064709])
array([ 2.35758753, 52.46202821,  4.92736454])
array([ 2.34482719, 46.22083568,  5.01444757])
array([ 2.58383824, 54.95508177,  5.16541449])
array([ 2.53994597, 53.06428767,  5.08146333])
array([ 2.46108138, 49.87364569,  5.14517365])
array([ 2.56100515, 48.52852037,  5.38047275])
array([ 2.28933143, 46.64538248,  4.86732899])
array([ 2.51629872, 47.91276905,  5.1197435 ])
array([ 2.20155264, 45.45805828,  4.67945327])
array([ 2.48691977, 50.58294009,  4.8763851 ])
array([ 2.36543115, 46.08171957,  4.84782928])
array([ 2.25392692, 48.59760409,  5.00448102])
array([ 2.38530658, 49.5120209 ,  5.13838791])
array([ 2.39632783, 47.26457874,  4.99038279])
array([ 2.40106321, 51.24380148,  5.05450843])
array([ 2.38733435, 50.0353623 ,  4.74445027])
array([ 2.28618046, 46.5940003 ,  5.12710153])
array([ 2.27288396, 46.19640749,  5.01560133])
array([ 2.66581862, 52.46203034,  5.45769419])
array([ 2.41354228, 47.15038388,  4.8022832 ])
array([ 2.38209429, 54.12387684,  5.02131401])
array([ 2.39596878, 50.83124229,  5.04671603])
array([ 2.50996187, 48.37102887,  5.08993031])
array([ 2.45647714, 49.43590777,  5.06600851])
array([ 2.41853068, 50.12755865,  4.84834131])
array([ 2.45619998, 52.98573379,  4.81940996])
array([ 2.35658484, 49.57271053,  4.74021921])
array([ 2.29804467, 49.38262763,  4.9827425 ])
array([ 2.37786193, 47.09209927,  4.99038278])
array([ 2.5719408 , 47.67367167,  4.99038281])
array([ 2.28968379, 47.82081052,  4.88676775])
array([ 2.35500624, 49.24591929,  5.15260638])
array([ 2.25075002, 46.58150368,  4.96350335])
array([ 2.47923963, 50.18067598,  5.08517953])
array([ 2.49149624, 50.41048694,  4.82531737])
array([ 2.3496253 , 50.1806337 ,  5.13527772])
array([ 2.36413389, 49.86268589,  5.10483207])
array([ 2.31486687, 49.3176798 ,  5.01335219])
array([ 2.3175152 , 49.2163893 ,  4.87867914])
array([ 2.46866652, 52.63434442,  5.22956629])
array([ 2.49897856, 53.22432152,  5.06977015])
array([ 2.44950632, 57.54930684,  4.96761412])
array([ 2.33493781, 48.52916182,  5.25861358])
array([ 2.5103297 , 52.4622704 ,  5.25016963])
array([ 2.36562145, 49.43595848,  4.99038254])
array([ 2.3755809 , 49.23081367,  5.09284699])
array([ 2.62262636, 54.38787023,  5.37777053])
array([ 2.38996401, 50.12768062,  4.85211254])
array([ 2.58159944, 53.62572148,  5.13156606])
array([ 2.43084489, 50.25177109,  4.95039963])
array([ 2.44938325, 50.57890042,  5.10483204])
array([ 2.37464373, 50.08435996,  5.04722121])
array([ 2.31187962, 46.92149959,  5.26382018])
array([ 2.57575429, 54.5334869 ,  5.01335341])
array([ 2.54248081, 57.9743181 ,  5.05889055])
array([ 2.43250423, 50.9381611 ,  4.92306246])
array([ 2.69232079, 53.22384997,  5.36806545])
array([ 2.33030628, 47.16934125,  4.72392798])
array([ 2.35684288, 47.70413982,  4.99130474])
array([ 2.15462432, 46.58154949,  4.63420636])
array([ 2.24826821, 44.68739893,  5.02512872])
array([ 2.38709724, 47.26076038,  5.24105113])
array([ 2.53514728, 49.63701833,  5.11842675])
array([ 2.35605689, 47.21955281,  5.04325356])
array([ 2.67538416, 50.02572087,  5.36194771])
array([ 2.59342404, 50.09857873,  4.88086923])
array([ 2.43360727, 53.49857246,  5.03597363])
array([ 2.4109176 , 47.60225659,  4.79063335])
