array([ 1.49561557, 50.03847886,  4.67502322])
array([ 1.65463257, 49.87365906,  5.1349961 ])
array([ 1.60214887, 51.07446147,  5.10483208])
array([ 1.76906498, 52.46201566,  5.19590611])
array([ 1.79368116, 50.33424541,  5.65170518])
array([ 1.63039759, 48.84884653,  4.9593237 ])
array([ 1.64329559, 48.27111923,  5.05889057])
array([ 1.53041774, 48.9935545 ,  5.08228796])
array([ 1.78029977, 49.64297977,  5.05433054])
array([ 1.55984497, 50.20570977,  4.78277852])
array([ 1.58565322, 50.14300571,  5.25016928])
array([ 1.61314568, 48.17933191,  5.10483204])
array([ 1.62491093, 48.46074184,  5.22574629])
array([ 1.53634748, 49.24137274,  5.1048268 ])
array([ 1.73937056, 52.46209321,  5.08711818])
array([ 1.71636778, 52.03373275,  5.47112474])
array([ 1.93346611, 55.39538364,  5.68038278])
array([ 1.67228595, 49.42290491,  5.19590614])
array([ 1.52549677, 48.16466432,  5.10902452])
array([ 1.73753378, 52.46204716,  4.94474457])
array([ 1.70972689, 51.21855589,  5.36628472])
array([ 1.66625639, 49.57269377,  5.03812282])
array([ 1.67732722, 49.50199346,  4.88564222])
array([ 1.41642805, 47.68670148,  4.79219876])
array([ 1.5660465 , 50.67442582,  5.08943279])
array([ 1.77983494, 51.55235385,  5.36214624])
array([ 1.60794996, 48.80766111,  4.86207905])
array([ 1.78578539, 52.91322558,  5.13489865])
array([ 1.64911014, 51.76161844,  5.321427  ])
array([ 1.54427453, 50.30776196,  4.77500963])
array([ 1.4034745 , 46.86069504,  4.83139343])
array([ 1.50389421, 49.13088167,  4.53932525])
array([ 1.52019512, 47.8125625 ,  5.18065041])
array([ 1.64352732, 49.92497178,  5.14865373])
array([ 1.59779283, 49.13544677,  5.15747095])
array([ 1.4556428 , 49.30786811,  4.42497001])
array([ 1.61497352, 48.67069375,  5.33232614])
array([ 1.66160629, 50.20575024,  4.78644524])
array([ 1.5735704 , 49.21637828,  5.16991071])
array([ 1.6772266 , 50.30775615,  4.64903107])
array([ 1.61893541, 51.86349011,  5.24661806])
array([ 1.64709703, 48.5733615 ,  5.28679037])
array([ 1.67004746, 45.61295638,  5.28679105])
array([ 1.72165765, 51.38582772,  5.22096565])
array([ 1.42692651, 47.39317966,  4.82279672])
array([ 1.50980135, 48.68685972,  4.66704352])
array([ 1.52093299, 49.57268892,  5.25146028])
array([ 1.53140204, 47.37215797,  4.67696185])
array([ 1.61772057, 51.76818285,  4.90770591])
array([ 1.64093979, 47.06731145,  5.60857173])
array([ 1.50374436, 52.46212827,  4.96761405])
array([ 1.49985237, 48.68687414,  4.74710266])
array([ 1.66744476, 51.03634616,  5.13312361])
array([ 1.61431091, 50.85819374,  4.98494709])
array([ 1.70549495, 52.86192247,  5.13488302])
array([ 1.64293272, 50.55223115,  5.08186977])
array([ 1.72120039, 51.76817645,  4.80484234])
array([ 1.73310916, 52.46208217,  5.16521324])
array([ 1.58154266, 49.94658858,  4.66892975])
array([ 1.63979579, 54.24920334,  4.89714535])
array([ 1.79991487, 50.08430369,  5.3903596 ])
array([ 1.66181081, 51.5821792 ,  4.99038256])
array([ 1.69955337, 51.76817527,  5.24105165])
array([ 1.61216211, 48.48891838,  4.98051827])
array([ 1.80509597, 50.64274356,  5.40053792])
array([ 1.67094234, 50.30775161,  4.67457491])
array([ 1.61055641, 49.31084517,  5.34724807])
array([ 1.42918488, 49.47893291,  4.9230623 ])
array([ 1.66734048, 50.76074129,  4.78545309])
array([ 1.66397857, 51.69435886,  5.59878611])
array([ 1.49269236, 51.64543941,  4.7692091 ])
array([ 1.41993087, 47.02888195,  4.38449418])
array([ 1.63685353, 50.17395755,  5.11146618])
array([ 1.47974547, 47.74198797,  4.83139365])
array([ 1.59857015, 48.8488454 ,  5.06403434])
array([ 1.5795516 , 48.64516935,  5.17690332])
array([ 1.57152983, 48.36246341,  4.68012553])
array([ 1.60343002, 48.59056415,  5.14066735])
array([ 1.62578035, 51.94277503,  5.05889037])
array([ 1.49218344, 48.11550161,  5.08337461])
array([ 1.92427841, 53.74849688,  5.37414248])
array([ 1.5663027 , 49.16047378,  4.85955398])
array([ 1.72157186, 50.01594642,  5.48919233])
array([ 1.64001115, 52.77284733,  4.8409006 ])
array([ 1.661691  , 50.41053447,  5.00550324])
array([ 1.81465367, 51.7681814 ,  5.08986355])
array([ 1.66408461, 48.41860409,  5.39356148])
array([ 1.66597172, 52.46200889,  5.04115041])
array([ 1.62611051, 49.24624411,  4.8313931 ])
array([ 1.83221726, 56.14318197,  5.49071168])
array([ 1.58584184, 49.39973285,  4.86463487])
array([ 1.67163278, 51.623397  ,  5.03253027])
array([ 1.72644063, 48.38645517,  5.1048321 ])
array([ 1.82637472, 49.04515248,  5.56022832])
array([ 1.64449885, 48.84884688,  4.80050658])
array([ 1.72671572, 53.5480152 ,  5.12151558])
array([ 1.33110629, 45.9915404 ,  4.3844986 ])
array([ 1.71164722, 48.41371536,  5.26382016])
array([ 1.61934041, 48.99360961,  5.18678593])
array([ 1.54002446, 48.115501  ,  4.67336503])
array([ 1.68503007, 51.00109419,  5.33442012])
array([ 1.74581406, 51.40387639,  5.34285237])
array([ 1.5524739 , 50.14488715,  5.10483215])
array([ 1.68717107, 47.66860853,  5.28679084])
array([ 1.6042478 , 48.20612132,  5.20674722])
array([ 1.61595048, 50.40058755,  5.05889049])
array([ 1.55649695, 48.11550653,  4.78454898])
array([ 1.61584399, 51.03635629,  4.71965554])
array([ 1.54058584, 48.38944428,  4.89093621])
array([ 1.70240026, 48.99356089,  5.0325628 ])
array([ 1.40827325, 48.11550608,  4.66254153])
array([ 1.53022149, 46.64545566,  5.01335345])
array([ 1.69285788, 51.58721328,  5.20789086])
array([ 1.64961736, 50.34487057,  5.15101395])
array([ 1.60372164, 50.18548817,  5.0133535 ])
array([ 1.74863985, 52.280867  ,  5.06530207])
array([ 1.80016051, 52.46202161,  5.34346606])
array([ 1.60204293, 48.73659926,  5.22133321])
array([ 1.7948072 , 52.7857008 ,  5.12404667])
array([ 1.52775236, 51.1322251 ,  4.51314028])
array([ 1.70501643, 50.41055155,  5.27510642])
array([ 1.30840633, 46.38176205,  4.28192456])
array([ 1.47529661, 47.12173589,  4.85799065])
array([ 1.66369287, 50.15457453,  5.28778448])
array([ 1.62366101, 49.29153282,  5.14811873])
array([ 1.62154526, 49.57270753,  4.86271132])
array([ 1.65511996, 51.88357457,  5.07002816])
array([ 1.64844234, 48.66028623,  5.10483205])
array([ 1.58218573, 48.98915124,  5.16593479])
array([ 1.49618193, 49.5726919 ,  4.79238829])
array([ 1.56506609, 49.62287998,  5.14982244])
array([ 1.67540863, 51.78273574,  5.11290235])
array([ 1.46359704, 50.26375339,  4.84220479])
array([ 1.63087457, 49.24605811,  5.01588716])
array([ 1.60329672, 49.29055634,  5.15547777])
array([ 1.50991921, 49.57270283,  4.91504584])
array([ 1.71842161, 51.28450367,  5.26938921])
array([ 1.53216631, 48.34353176,  5.20316307])
array([ 1.65476958, 51.44625567,  5.08957136])
array([ 1.70364372, 49.96952538,  5.10483204])
array([ 1.69578209, 53.35793893,  4.56726998])
array([ 1.66070191, 51.42529568,  5.19590616])
array([ 1.55562332, 49.77366551,  4.98898948])
array([ 1.48070053, 49.57268744,  4.38446648])
array([ 1.68242083, 48.84884758,  5.04788037])
array([ 1.43284242, 47.79187332,  4.88530608])
array([ 1.64462887, 48.56068019,  4.95039934])
array([ 1.49371234, 50.1295482 ,  4.9609497 ])
array([ 1.55621322, 46.86821066,  5.17825951])
array([ 1.69490925, 50.41054309,  5.2573384 ])
array([ 1.46908968, 46.64538216,  4.54483229])
array([ 1.64509348, 47.73290465,  5.3149785 ])
array([ 1.64237394, 48.11550706,  5.14487725])
array([ 1.49991723, 49.91408251,  5.01335341])
array([ 1.56706561, 46.8482953 ,  4.66956596])
array([ 1.72518038, 49.70030921,  4.82045323])
array([ 1.5986233 , 48.92002955,  5.24601406])
array([ 1.6929668 , 48.99356822,  5.2064403 ])
array([ 1.70557822, 52.46201257,  5.16469987])
array([ 1.75289075, 52.81867846,  4.96068992])
array([ 1.59823414, 47.04043199,  4.85923289])
array([ 1.64493959, 52.46201012,  4.54597199])
array([ 1.41776903, 49.20388476,  5.12156928])
array([ 1.83705571, 51.43495442,  5.32992534])
array([ 1.85977517, 52.46214168,  5.47112497])
array([ 1.60415319, 50.46537475,  5.14953228])
array([ 1.78017007, 50.41065623,  4.89085428])
array([ 1.71897484, 52.20857488,  5.2534296 ])
array([ 1.69222311, 52.06169617,  5.18405917])
array([ 1.5456053 , 48.54521889,  5.20653179])
array([ 1.49919899, 50.03676145,  4.81940884])
array([ 1.65967436, 50.30775505,  5.08939718])
array([ 1.55880708, 48.84884364,  5.03477675])
array([ 1.79465776, 52.4622051 ,  5.21818214])
array([ 1.6807915 , 52.24641395,  4.80802455])
array([ 1.49101349, 48.78046742,  4.69417665])
array([ 1.5211519 , 50.19355742,  4.8219897 ])
array([ 1.65541122, 49.20469743,  5.36710783])
array([ 1.67945994, 51.58722441,  5.10483208])
array([ 1.62840167, 51.93251701,  5.01335241])
array([ 1.90243609, 52.61490934,  5.47112491])
array([ 1.56923911, 48.09288658,  5.1582895 ])
array([ 1.56093794, 47.85458116,  5.10483205])
array([ 1.69219589, 49.42290655,  5.07517232])
array([ 1.71962544, 50.86724995,  5.33232785])
array([ 1.50660279, 47.94204551,  5.15117913])
array([ 1.65649835, 48.99357756,  4.79140804])
array([ 1.67130022, 49.5726863 ,  5.32568686])
array([ 1.57487545, 50.41051056,  4.77781188])
array([ 1.66176049, 50.74680621,  5.08520762])
array([ 1.54943143, 51.21583688,  4.87017633])
array([ 1.71595507, 50.49348431,  5.43822333])
array([ 1.56619404, 49.87364526,  5.08798112])
array([ 1.93851905, 54.68277525,  5.14517064])
array([ 1.75064388, 54.12717273,  4.92306244])
array([ 1.44710724, 45.84125714,  4.83089536])
array([ 1.65234321, 50.15090135,  4.77804038])
array([ 1.7249476 , 49.97561358,  4.97501179])
array([ 1.72516879, 50.74680366,  5.25260785])
array([ 1.60129459, 49.73678699,  5.09220805])
array([ 1.62456723, 50.60486793,  5.0133535 ])
array([ 1.58985858, 49.44941751,  5.14982248])
array([ 1.40164729, 51.40388197,  4.90807075])
array([ 1.65420078, 52.04361008,  5.34346585])
array([ 1.57592293, 46.38862795,  5.0700285 ])
array([ 1.7220501 , 50.67443553,  4.9522922 ])
array([ 1.64539575, 49.54393067,  5.0484    ])
array([ 1.67930833, 47.54001567,  4.96461804])
array([ 1.67681587, 51.69060222,  5.2466188 ])
array([ 1.4794066 , 50.55223401,  4.9508576 ])
array([ 1.6270522 , 53.86351155,  5.20731258])
array([ 1.38396589, 45.28092371,  4.11771319])
array([ 1.52989853, 47.97753096,  4.86494762])
array([ 1.60063314, 51.46999947,  4.86494931])
array([ 1.7546429 , 49.11927931,  4.88613553])
array([ 1.66865372, 50.14501176,  5.13838793])
array([ 1.5883817 , 52.32060491,  5.0133535 ])
array([ 1.72595459, 51.40387613,  5.46404104])
array([ 1.62358189, 45.19769387,  5.2933663 ])
array([ 1.73875329, 53.70856241,  5.35311919])
array([ 1.55592144, 50.27168978,  5.18042015])
array([ 1.63889778, 50.67442202,  5.48706615])
array([ 1.69006119, 47.49960775,  5.0063408 ])
array([ 1.57086076, 48.57375836,  4.78339602])
array([ 1.55107189, 49.17017253,  4.81940988])
array([ 1.55978044, 53.56802707,  4.92306238])
array([ 1.61853703, 48.67386777,  4.78545286])
array([ 1.64699337, 51.44598018,  5.05888926])
array([ 1.63685555, 50.61187545,  4.98408681])
array([ 1.90698744, 53.07853095,  5.17256752])
array([ 1.62286423, 50.55223138,  5.1454898 ])
array([ 1.63028972, 49.63640294,  5.08076475])
array([ 1.73367636, 52.08281052,  5.15843751])
array([ 1.56636716, 50.87174957,  4.96177198])
array([ 1.55142265, 49.67414739,  4.81338646])
array([ 1.81062024, 52.46200233,  5.05531781])
array([ 1.5615118 , 49.26582254,  5.42774332])
array([ 1.58186384, 49.72164255,  4.92306131])
array([ 1.50098807, 49.30923105,  5.25014918])
array([ 1.5241598 , 48.48892591,  5.40812396])
array([ 1.69351985, 52.65902234,  5.24236178])
array([ 1.86955957, 51.67269078,  5.30470006])
array([ 1.58289757, 49.80546748,  5.03144845])
array([ 1.6087868 , 48.94013193,  5.195906  ])
array([ 1.6608512 , 49.15281654,  5.28679077])
array([ 1.54508802, 45.94453059,  4.74532107])
array([ 1.57879474, 50.55223923,  5.23497892])
array([ 1.6553401 , 51.26627389,  5.0714203 ])
array([ 1.502581  , 53.04568955,  4.92306073])
array([ 1.82338259, 52.06171856,  5.40667617])
array([ 1.58849797, 47.5318869 ,  4.97659361])
array([ 1.66758818, 52.46200293,  5.09008819])
array([ 1.64740638, 50.19082132,  5.06226655])
array([ 1.84292174, 52.78843202,  5.26282336])
array([ 1.6619591 , 49.02724304,  4.88975517])
array([ 1.54140304, 50.83012612,  5.10483213])
array([ 1.52449339, 49.38263894,  4.71694514])
array([ 1.83564531, 50.71598678,  5.03640855])
array([ 1.5528958 , 47.50550818,  4.90109163])
array([ 1.73019168, 52.46202376,  5.17539373])
array([ 1.77477175, 52.46201986,  5.36710698])
array([ 1.79251901, 51.57052252,  5.16120696])
array([ 1.50393141, 47.87996892,  4.96321462])
array([ 1.78275935, 51.48589797,  4.81428442])
array([ 1.64101864, 49.57269753,  5.10483205])
array([ 1.50753141, 49.94658854,  4.79255985])
array([ 1.61462032, 51.12763112,  4.74532145])
array([ 1.66332466, 52.99766889,  5.14982262])
array([ 1.6894719 , 50.30775645,  4.8672127 ])
array([ 1.70003336, 47.24728841,  5.10677951])
array([ 1.46823683, 47.53199075,  4.52598102])
array([ 1.45643561, 47.39317196,  5.13421045])
array([ 1.64598795, 52.76138952,  4.81405029])
array([ 1.61237153, 50.45535611,  4.76760133])
array([ 1.67120596, 51.12594616,  5.36194764])
array([ 1.64553043, 51.84341244,  5.12425126])
array([ 1.63420895, 51.75982437,  5.40053896])
array([ 1.71722597, 50.74677945,  5.3575073 ])
array([ 1.69513206, 52.46200372,  4.9854305 ])
array([ 1.51812973, 49.8561096 ,  4.6841381 ])
array([ 1.68937328, 52.46204135,  5.25554204])
array([ 1.66390371, 51.59457539,  5.16327367])
array([ 1.58319736, 50.12954645,  4.80599788])
array([ 1.66293968, 49.98416311,  4.87707699])
array([ 1.63885284, 51.4038772 ,  4.98592939])
array([ 1.5547412 , 46.64537459,  4.85586019])
array([ 1.44494161, 46.64537579,  4.69014611])
array([ 1.7119689 , 51.21712195,  4.9517915 ])
array([ 1.7287617 , 48.78047923,  5.62068532])
array([ 1.5762564 , 49.25754922,  5.01335336])
array([ 1.48029933, 47.4427806 ,  4.69229704])
array([ 1.55847313, 50.41078018,  4.85366389])
array([ 1.47546859, 48.57316451,  4.87797749])
array([ 1.62651132, 49.81574206,  4.97665745])
array([ 1.65846965, 50.84259259,  5.10483134])
array([ 1.64165379, 50.05131172,  4.91888825])
array([ 1.7259515 , 48.99178633,  5.21818214])
array([ 1.67135528, 48.45272655,  4.80622163])
array([ 1.54008702, 49.8231016 ,  4.73392369])
array([ 1.65108481, 49.53745092,  5.07164248])
array([ 1.47205666, 46.29942178,  4.68534531])
array([ 1.82365301, 51.03637037,  5.2440923 ])
array([ 1.72012488, 50.41054126,  5.21769964])
array([ 1.4588561 , 47.16074507,  5.14244154])
array([ 1.65764715, 48.23865886,  5.26452793])
array([ 1.6120648 , 46.8482967 ,  4.87787408])
array([ 1.60033947, 52.46201639,  4.78545282])
array([ 1.59387014, 48.59154554,  5.10483191])
array([ 1.83087306, 52.46200441,  5.47112474])
array([ 1.58923792, 51.83256987,  4.94504481])
array([ 1.63332601, 52.46200047,  5.1739908 ])
array([ 1.43498808, 46.64538184,  4.74088904])
array([ 1.64254747, 50.62746105,  4.88975512])
array([ 1.5346333 , 49.70028281,  5.10483177])
array([ 1.82776693, 53.22397619,  5.27328706])
array([ 1.52965513, 51.13223027,  5.02569826])
array([ 1.68120527, 49.57268664,  5.04140939])
array([ 1.5180563 , 50.47831635,  5.07229007])
array([ 1.59973126, 52.2034447 ,  5.18408774])
array([ 1.5231535 , 49.08806255,  5.21640707])
array([ 1.53766842, 49.46223807,  4.92306224])
array([ 1.50867487, 49.35341206,  4.90482152])
array([ 1.81371236, 50.29757981,  5.34179237])
array([ 1.66599939, 49.39975479,  5.15885825])
array([ 1.66451756, 50.41050408,  5.18209152])
array([ 1.27685591, 46.29942192,  4.18394096])
array([ 1.62096199, 49.44403545,  5.01736694])
array([ 1.68162952, 49.50467505,  4.80802589])
array([ 1.70788577, 51.03634847,  5.09604375])
array([ 1.53135436, 49.3481991 ,  5.11585348])
array([ 1.67532766, 50.87853439,  5.28679095])
array([ 1.57037916, 49.98379435,  4.53458839])
array([ 1.87806076, 52.7950692 ,  5.31708222])
array([ 1.58573783, 50.30775632,  5.55189282])
array([ 1.70158688, 48.52069967,  5.47112487])
array([ 1.65746073, 50.85820092,  5.36771322])
array([ 1.54674625, 49.57268869,  5.01894444])
array([ 1.62090192, 50.55854385,  5.10483189])
array([ 1.59733966, 49.45345033,  5.0375352 ])
array([ 1.74610408, 50.5714114 ,  5.18348995])
array([ 1.63859509, 51.66294687,  4.99038197])
array([ 1.61861694, 47.75911552,  5.16711737])
array([ 1.57343303, 49.21638263,  4.91689543])
array([ 1.59407157, 48.56521947,  4.9230624 ])
array([ 1.75246386, 50.06168482,  5.10483186])
array([ 1.53080629, 49.16627816,  5.36156597])
array([ 1.52990592, 49.21637818,  4.6490312 ])
array([ 1.81585896, 53.2486339 ,  5.56022817])
array([ 1.762314  , 51.60720758,  5.30996192])
array([ 1.78501826, 54.32159454,  4.863934  ])
array([ 1.55082042, 47.24728923,  4.72560647])
array([ 1.54472126, 51.03634907,  4.79488216])
array([ 1.61378409, 50.44097988,  4.73991369])
array([ 1.67273095, 49.22250758,  5.1271015 ])
array([ 1.65215369, 50.89921452,  5.17348465])
array([ 1.66109683, 50.20822386,  5.05058019])
array([ 1.6506324 , 49.87364356,  4.92305879])
array([ 1.71072273, 51.50655742,  5.33605463])
array([ 1.65237661, 49.34819803,  5.134436  ])
array([ 1.6358131 , 50.02570916,  5.09437597])
array([ 1.64056841, 50.55223496,  4.8467821 ])
array([ 1.55772369, 51.89377918,  4.68121938])
array([ 1.72894796, 53.55911526,  4.87916873])
array([ 1.56994389, 49.40599082,  4.94474442])
array([ 1.64112167, 51.6908712 ,  4.84220542])
array([ 1.35828496, 47.0718772 ,  4.05632039])
array([ 1.63905978, 50.03848558,  5.19590591])
array([ 2.07202068, 54.64158774,  5.2397513 ])
array([ 1.60179832, 49.04613827,  5.0746797 ])
array([ 1.63457442, 51.69435764,  5.17982211])
array([ 1.70223131, 50.41053962,  5.24460022])
array([ 1.60130557, 47.66860594,  4.84744355])
array([ 1.61569174, 49.17907856,  4.83089467])
array([ 1.50646379, 50.22798754,  5.15547741])
array([ 1.4001438 , 45.67631282,  4.77904436])
array([ 1.70254709, 50.4105446 ,  5.0741902 ])
array([ 1.51923441, 49.04730424,  5.1460834 ])
array([ 1.69112405, 50.55226523,  4.96761415])
array([ 1.60127019, 51.89092469,  5.0517646 ])
array([ 1.53547433, 48.84884366,  4.66044866])
array([ 1.48617693, 49.72759469,  4.99736521])
array([ 1.56305671, 50.49346211,  5.03327691])
array([ 1.45700315, 47.4762724 ,  4.99038265])
array([ 1.82507687, 50.88518532,  5.19590591])
array([ 1.53309263, 52.83178613,  5.07765997])
array([ 1.74036587, 51.51940939,  5.4711248 ])
array([ 1.65105632, 47.61476356,  5.2867898 ])
array([ 1.42794281, 48.11550566,  4.34481371])
array([ 1.65504744, 49.39981105,  4.95071613])
array([ 1.68507664, 49.57268734,  5.24889358])
array([ 1.5810255 , 50.63119095,  5.02727437])
array([ 1.75425226, 50.05112252,  5.07071179])
array([ 1.75129104, 51.97789289,  5.17722254])
array([ 1.72256869, 50.49346129,  5.10482904])
array([ 1.52294069, 48.48692636,  4.69132106])
array([ 1.56908516, 49.11007398,  4.87346404])
array([ 1.42069033, 48.11550083,  5.17218946])
array([ 1.6029531, 50.674431 ,  5.0502441])
array([ 1.80978488, 51.40388338,  5.42431885])
array([ 1.69780826, 51.75841848,  4.96761423])
array([ 1.65278521, 53.39688196,  4.92306244])
array([ 1.49730822, 49.32266914,  4.6490312 ])
array([ 1.49095744, 47.17410983,  5.13551628])
array([ 1.67788368, 51.34031168,  5.01054604])
array([ 1.58592749, 47.21221183,  4.99227197])
array([ 1.46150001, 47.97758004,  5.01335195])
array([ 1.78733434, 53.12981467,  5.09284746])
array([ 1.59131956, 50.30775264,  5.04279177])
array([ 1.73445513, 51.33391112,  5.18393999])
array([ 1.59552665, 50.056918  ,  5.06363702])
array([ 1.68735001, 51.40388136,  5.59443238])
array([ 1.61721515, 50.5522396 ,  5.32268046])
array([ 1.59960706, 49.33658718,  4.85366393])
array([ 1.59985966, 53.95567655,  4.95696068])
array([ 1.66908198, 51.27368589,  5.05889043])
array([ 1.57027012, 50.5522467 ,  4.90991529])
array([ 1.47482701, 48.64516794,  4.94316686])
array([ 1.71485167, 48.72929162,  5.28678959])
array([ 1.54855933, 45.7257858 ,  4.85129312])
array([ 1.66714844, 48.24372244,  5.25016959])
array([ 1.66883525, 50.11870241,  5.17825971])
array([ 1.49929389, 51.83902701,  5.10483208])
array([ 1.66225295, 49.57272785,  5.13267045])
array([ 1.79044203, 51.71632877,  4.99038262])
array([ 1.70611255, 51.29668294,  5.05889035])
array([ 1.64358848, 48.03352826,  4.78545056])
array([ 1.56599246, 49.57268615,  4.98949524])
array([ 1.68982936, 49.14742718,  5.17256758])
array([ 1.73904809, 51.70549931,  4.93900174])
array([ 1.61659732, 49.34819985,  5.20286393])
array([ 1.53729026, 46.64537516,  5.12810026])
array([ 1.65260592, 49.85894388,  5.08146324])
array([ 1.62559184, 50.26095246,  4.9676139 ])
array([ 1.41479259, 46.58258992,  4.28670765])
array([ 1.64881758, 54.03092138,  5.49055162])
array([ 1.66275292, 50.61608265,  5.16120698])
array([ 1.36698796, 48.1155001 ,  5.00953899])
array([ 1.70715895, 46.87945911,  5.19590572])
array([ 1.72195566, 48.84886651,  5.31837269])
array([ 1.62267629, 47.48935052,  5.22479431])
array([ 1.67585564, 50.37198278,  5.1839397 ])
array([ 1.58130486, 51.34031341,  4.93663234])
array([ 1.75224045, 51.60355465,  5.19590612])
array([ 1.74604103, 50.55224315,  5.11609517])
array([ 1.56812976, 49.57268757,  4.68862048])
array([ 1.44556117, 48.98925779,  4.92306243])
array([ 1.53651745, 48.88713027,  4.62551053])
array([ 1.85435858, 52.46203087,  5.20674732])
array([ 1.69679204, 50.05112827,  5.30329927])
array([ 1.54742896, 50.89124998,  5.24640255])
array([ 1.70397595, 50.74679052,  5.31409674])
array([ 1.54142123, 50.16916975,  4.92306221])
array([ 1.55513893, 51.69956743,  4.93797747])
array([ 1.73851435, 49.79648708,  4.92306223])
array([ 1.49298364, 49.9841567 ,  4.55794896])
array([ 1.61105106, 49.21638091,  5.47112176])
array([ 1.52612105, 49.07742749,  4.89098094])
array([ 1.47283936, 46.1127305 ,  4.92306238])
array([ 1.68891827, 49.21637686,  5.11833356])
array([ 1.60040205, 50.39093625,  5.25159459])
array([ 1.65904933, 51.36025668,  5.30238718])
array([ 1.7195062 , 51.54110613,  5.18279042])
array([ 1.49341441, 47.5886194 ,  4.94474444])
array([ 1.59746857, 47.27071038,  4.57155162])
array([ 1.55989188, 49.83521172,  4.30237742])
array([ 1.48106884, 48.84885198,  4.85079332])
array([ 1.46927416, 49.08618203,  5.09705516])
array([ 1.73258309, 49.15284154,  5.00736118])
array([ 1.55269496, 50.52033686,  4.83139368])
array([ 1.60328815, 50.18867643,  4.70737573])
array([ 1.54973911, 48.3702203 ,  4.75783357])
array([ 1.46698518, 48.91035497,  4.92306233])
array([ 1.61885019, 49.50655184,  4.76721464])
array([ 1.46932954, 48.99354784,  4.9796408 ])
array([ 1.72553716, 50.61653852,  5.00736126])
array([ 1.69679614, 51.01877086,  5.19399481])
array([ 1.48525106, 47.45575965,  4.88457815])
array([ 1.82065795, 50.58371009,  5.34572828])
array([ 1.66602121, 50.80425833,  5.16469839])
array([ 1.68407087, 50.30775293,  5.10475234])
array([ 1.48203195, 48.67573137,  5.05889058])
array([ 1.60997225, 49.57270605,  4.83139376])
array([ 1.60614665, 51.67910103,  4.98971335])
array([ 1.64694648, 48.38946086,  5.1959059 ])
array([ 1.76815998, 47.02888135,  5.14407998])
array([ 1.64835375, 48.11560304,  5.08711839])
array([ 1.54461962, 46.58149795,  5.13493529])
array([ 1.6080887 , 48.38509279,  5.075953  ])
array([ 1.50173302, 48.66364552,  4.73991591])
array([ 1.70446076, 51.86273779,  4.91043975])
array([ 1.54426691, 49.26553405,  5.05889033])
array([ 1.6168823 , 49.2163877 ,  4.99159623])
array([ 1.76536448, 49.85611683,  5.32555934])
array([ 1.58737996, 53.12210947,  5.12710132])
array([ 1.57481044, 51.16822592,  5.17110699])
array([ 1.56795208, 48.48693806,  5.14066706])
array([ 1.66746458, 50.22104203,  5.14780974])
array([ 1.50657497, 48.05086884,  4.55745777])
array([ 1.59199415, 46.84600409,  5.3387424 ])
array([ 1.61586637, 50.22966137,  5.27164748])
array([ 1.54653736, 48.64517207,  4.85719079])
array([ 1.72332612, 53.14100305,  5.05457464])
array([ 1.69251132, 49.08807692,  5.20842369])
array([ 1.6058995 , 50.19626151,  5.27141655])
array([ 1.65347061, 51.03641388,  4.8133815 ])
array([ 1.71706058, 49.57268711,  5.04163456])
array([ 1.6635151 , 51.95195222,  5.12293959])
array([ 1.54661182, 46.645391  ,  5.2557871 ])
array([ 1.6809724 , 50.55223434,  5.18828486])
array([ 1.71320362, 50.90848297,  5.36201253])
array([ 1.70539868, 49.33259943,  4.92306209])
array([ 1.6258646 , 51.03634577,  5.25902791])
array([ 1.70820672, 49.38876533,  5.22956595])
array([ 1.59436365, 47.4684118 ,  4.99498269])
array([ 1.61271777, 47.68669992,  5.4128214 ])
array([ 1.67093093, 51.22139591,  4.97892404])
array([ 1.56899363, 50.12954407,  5.2037423 ])
array([ 1.68504896, 51.91029947,  5.10483064])
array([ 1.68546706, 50.8297087 ,  5.34835226])
array([ 1.4895253 , 47.19598486,  4.92306241])
