F115W WCS Positions RA, Dec
214.9628 52.9598
214.9408 52.9613
215.0087 53.0190
214.9357 52.9553
214.9756 52.9676
215.0296 53.0048
215.0359 53.0010
214.8894 52.8906
214.9307 52.9212
214.8073 52.8711
214.7918 52.8479
214.8465 52.8630
214.8366 52.8818
214.8438 52.8638
214.8095 52.8781
214.7606 52.8231
214.7834 52.8272
214.8308 52.8466
214.8544 52.8578
214.8629 52.8475
214.7951 52.8171
214.8769 52.8710
214.8752 52.8326
F150W WCS Positions RA, Dec
214.9408 52.9613
214.9798 52.9693
214.9357 52.9553
214.9643 52.9685
215.0296 53.0048
214.9756 52.9676
214.9628 52.9598
215.0359 53.0010
215.0087 53.0190
214.9480 52.9258
214.8832 52.9334
214.8605 52.9187
214.9307 52.9212
214.8073 52.8711
214.8438 52.8638
214.8083 52.8396
214.7918 52.8479
214.8366 52.8818
214.8465 52.8630
214.7834 52.8272
214.8544 52.8578
214.7951 52.8171
214.8769 52.8710
214.8520 52.8571
214.8629 52.8475
214.8752 52.8326
F200W WCS Positions RA, Dec
214.9408 52.9613
214.9798 52.9693
215.0010 53.0016
214.9628 52.9598
215.0296 53.0048
214.9197 52.9189
214.9101 52.9305
214.8605 52.9187
214.8894 52.8906
214.8628 52.8714
214.8025 52.8371
214.7877 52.8360
214.8095 52.8781
214.8095 52.8781
214.8560 52.8774
214.7918 52.8479
214.8465 52.8630
214.8083 52.8396
214.8947 52.8548
214.8520 52.8571
214.8544 52.8578
214.8273 52.8195
214.8629 52.8475
214.8752 52.8326
F277W WCS Positions RA, Dec
214.9643 52.9685
214.9357 52.9553
215.0359 53.0010
214.9799 52.9693
214.9756 52.9676
214.8607 52.8870
214.8367 52.8818
214.8560 52.8774
214.8465 52.8630
214.8439 52.8638
214.8300 52.8832
214.8947 52.8548
214.8630 52.8475
F356W WCS Positions RA, Dec
215.0011 53.0016
214.9357 52.9553
215.0296 53.0048
214.9643 52.9685
214.9756 52.9676
215.0088 53.0190
214.8367 52.8818
214.8300 52.8832
214.8465 52.8630
214.8180 52.8829
214.8752 52.8326
214.8947 52.8548
F410M WCS Positions RA, Dec
215.0296 53.0048
214.9442 52.9637
215.0010 53.0016
215.0087 53.0191
214.9756 52.9677
214.9357 52.9553
215.0247 52.9812
214.8465 52.8630
214.8438 52.8639
214.8559 52.8774
214.8249 52.8642
214.8298 52.8585
214.8629 52.8475
214.8752 52.8326
214.8544 52.8579
214.8770 52.8418
214.8768 52.8512
214.8217 52.8168
F444W WCS Positions RA, Dec
215.0010 53.0016
215.0296 53.0048
214.9357 52.9553
214.9756 52.9677
215.0087 53.0191
214.9480 52.9258
214.8559 52.8775
214.8988 52.8866
214.8560 52.8774
214.8465 52.8630
214.8249 52.8642
214.8439 52.8639
214.8629 52.8475
214.8768 52.8512
214.8544 52.8579
214.8218 52.8168
214.8752 52.8326
214.8770 52.8418