# ID, z, Dl(mpc), LogLsphv/Lsun, DeltaL, LogM_sph*/Msun, Delta*, LogMbh/Msun, DeltaMBH, Reff(kpc),  LogM_sph*/Msun (total), Delta*
# Update the MBH by - 0.144 using Recipe from H0Licow7
0121.0102 0.0540 240.8 10.19 0.07 10.12 0.24 7.436 0.4 1.54 10.75 0.23
-0206.0017 0.0430 190.2 10.80 0.07 10.95 0.23 8.006 0.4 3.07 11.17 0.23
-0353.0623 0.0760 344.1 10.20 0.06 10.33 0.22 7.436 0.4 1.29 10.52 0.22
0802.3104 0.0410 181.1 10.30 0.06 10.38 0.23 7.166 0.4 3.17 10.38 0.23
0846.2522 0.0510 226.9 10.03 0.06 10.50 0.23 8.516 0.4 4.48 10.50 0.23
1042.0414 0.0524 233.4 10.15 0.06 10.32 0.23 6.976 0.4 2.76 10.32 0.23
1043.1105 0.0475 210.8 9.90 0.06 9.83 0.24 7.666 0.4 3.55 9.83 0.24
1049.2451 0.0550 245.4 10.30 0.06 10.41 0.23 7.836 0.4 2.78 10.41 0.23
1101.1102 0.0355 156.2 10.04 0.20 10.33 0.22 7.766 0.4 4.02 10.46 0.22
1116.4123 0.0210 91.4 10.13 0.40 10.20 0.22 7.366 0.4 3.40 10.20 0.22
1144.3653 0.0380 167.5 10.03 0.10 10.26 0.22 7.356 0.4 1.26 10.54 0.23
1210.3820 0.0229 99.8 9.84 0.36 9.94 0.24 7.496 0.4 0.43 10.35 0.23
-1250.0249 0.0470 208.5 9.84 0.06 10.14 0.22 7.646 0.4 2.23 10.65 0.22
1323.2701 0.0559 249.6 9.36 0.06 9.65 0.22 6.976 0.4 1.53 10.10 0.23
1355.3834 0.0501 222.7 10.11 0.06 10.11 0.23 7.956 0.4 2.06 10.11 0.23
-1405.0259 0.0541 241.2 9.84 0.06 10.04 0.23 7.076 0.4 1.24 10.58 0.22
1419.0754 0.0558 249.1 10.32 0.06 10.73 0.21 7.506 0.4 2.14 11.00 0.24
1434.4839 0.0365 160.7 10.18 0.11 10.30 0.24 7.476 0.4 2.16 10.53 0.23
1535.5754 0.0304 133.2 10.20 0.24 10.24 0.24 7.826 0.4 2.09 10.24 0.24
1545.1709 0.0481 213.5 9.80 0.06 9.92 0.22 7.276 0.4 1.73 10.23 0.22
1554.3238 0.0483 214.5 9.79 0.06 10.00 0.23 7.626 0.4 0.66 10.50 0.23
1557.0830 0.0465 206.2 9.81 0.06 9.82 0.23 7.546 0.4 1.18 9.82 0.23
1605.3305 0.0532 237.1 9.98 0.06 9.95 0.23 7.776 0.4 0.79 9.95 0.23
1606.3324 0.0585 261.7 10.05 0.06 10.33 0.22 7.216 0.4 1.62 10.50 0.23
1611.5211 0.0409 180.6 10.18 0.06 10.33 0.22 7.340 0.4 2.41 10.33 0.22  