4.50209 0.35229 1128.21261 1239.09850 112.82126
9.04787 1.05003 2152.65859 2098.96894 215.26586
6.22694 0.78224 1839.40379 2008.87706 183.94038
2.54635 0.56316 1347.66918 1470.88051 134.76692
3.11936 0.87308 1607.24493 1629.66146 160.72449
1.31889 0.53160 1003.21356 1048.62184 100.32136
3.79253 1.05080 1754.46111 1873.93710 175.44611
5.28249 1.18147 1972.85449 1795.26603 197.28545
2.88848 0.64692 1465.64514 1336.20090 146.56451
6.77801 2.49374 1857.95072 1882.30253 185.79507
8.76942 2.74967 2033.07528 1707.72180 203.30753
9.24695 0.80525 1955.06259 1968.44480 195.50626
11.31325 2.42453 2343.11891 2251.59327 234.31189
9.89454 0.56299 1626.69891 1786.95746 162.66989
1.81826 0.42391 1089.75125 1102.08328 108.97513
1.91039 1.01205 1132.22474 1118.12590 113.22247
8.80570 2.72378 2046.22128 1933.17779 204.62213
4.96062 1.40642 1926.22641 2173.22320 192.62264
2.31763 0.85149 1399.11856 1228.57937 139.91186
3.58595 1.57088 1552.51626 1575.81360 155.25163
2.68188 1.24724 1388.40917 1287.17924 138.84092
6.87509 1.29383 2133.29013 2310.27577 213.32901
5.64365 1.74436 1954.66995 1782.92445 195.46700
5.18474 0.31770 1057.67477 1059.17479 105.76748
3.20139 0.71403 1555.24348 1786.79154 155.52435
1.82702 0.87539 1172.93502 1177.35470 117.29350
5.60046 0.67394 1698.16227 1857.96297 169.81623
5.49083 0.43729 1327.82492 1270.22095 132.78249
2.69077 1.06948 1476.91209 1724.92714 147.69121
4.03127 0.15765 591.70651 626.84717 59.17065
5.01664 1.32662 1943.62208 2200.29129 194.36221
14.13295 0.72227 1918.27304 1937.66283 191.82730
3.59345 0.74267 1622.79861 1626.93957 162.27986
1.79373 1.19011 865.12114 1016.03258 86.51211
2.13743 0.86606 1328.56564 1323.23520 132.85656
7.11576 1.72312 2146.46674 2088.99945 214.64667
2.77546 0.99379 1524.59971 1865.94492 152.45997
8.48663 1.08140 2150.00320 1926.13577 215.00032
3.15714 1.78459 1231.17993 1190.24849 123.11799
4.60619 1.03171 1868.09763 1957.73982 186.80976
3.19832 0.97873 1634.81391 1680.48336 163.48139
4.42766 1.23552 1860.51658 1884.75628 186.05166
4.20020 0.45764 1329.84955 1195.41113 132.98496
1.71084 0.93161 1058.56149 1090.29226 105.85615
1.65169 0.48254 1107.41626 1427.03471 110.74163
2.39137 0.22017 754.12229 821.27186 75.41223
3.13105 0.40394 1187.04617 1292.41506 118.70462
6.51122 1.78843 2065.27599 2515.72495 206.52760
7.32233 0.72800 1820.58997 1360.70901 182.05900
13.36841 0.24088 879.09001 857.34536 87.90900
8.34204 1.25829 2215.66886 2244.01119 221.56689
4.29847 0.99227 1820.47818 1653.10885 182.04782
9.43139 0.84718 2002.62616 2218.26458 200.26262
2.45152 1.12402 1355.36510 1456.77288 135.53651
9.31636 1.54218 2317.23366 2597.37339 231.72337
3.55352 1.40621 1623.75026 1482.70532 162.37503
10.30058 2.37222 2286.10739 2408.09989 228.61074
5.63583 0.77006 1800.25354 1835.36508 180.02535
6.57881 2.20160 1943.54587 1840.77821 194.35459
4.17566 1.20211 1820.14902 2039.85050 182.01490
4.27386 0.47519 1362.82113 1262.16443 136.28211
2.26421 0.24741 818.41756 887.67660 81.84176
3.78592 0.60387 1517.02601 1381.81119 151.70260
2.28576 0.53513 1282.14933 1410.12431 128.21493
4.10807 2.43553 1184.99517 1197.15681 118.49952
4.22636 1.37327 1801.51180 1778.21311 180.15118
9.04886 0.31814 1088.35218 1088.52391 108.83522
7.67862 3.06826 1761.37850 1624.33833 176.13785
6.77078 2.91608 1668.47488 1669.42713 166.84749
5.41005 1.38206 1992.71035 2029.27300 199.27104
1.89033 0.43363 1113.18175 810.45254 111.31817
10.24313 0.83527 2007.35171 2159.17174 200.73517
3.65168 1.59980 1558.61934 1411.46528 155.86193
3.42187 1.17066 1666.53472 1744.65617 166.65347
2.28922 0.34017 1017.86592 948.16292 101.78659
8.64283 0.73056 1856.00654 1784.01730 185.60065
2.78311 1.43710 1309.28973 1401.61938 130.92897
15.43095 0.23138 852.10445 749.11150 85.21045
6.69288 1.70241 2104.86486 1874.14493 210.48649
1.86016 0.88605 1185.95817 1383.13884 118.59582
2.38652 0.40102 1130.25180 998.32112 113.02518
1.47008 0.66410 1062.97636 922.50735 106.29764
2.73299 0.09843 384.14090 372.00626 38.41409
9.66042 2.25843 2264.44360 2422.39976 226.44436
8.10347 1.23992 2197.93096 2095.22925 219.79310
3.26027 0.67894 1538.23096 1732.92294 153.82310
4.51542 0.57276 1521.66403 1791.77166 152.16640
2.50270 0.47809 1250.55706 1224.04758 125.05571
2.47158 0.30313 954.91368 863.23660 95.49137
4.83388 0.58673 1555.24258 1670.50506 155.52426
1.81441 0.94448 1120.18006 1326.07136 112.01801
7.72619 1.18938 2161.68550 1867.93777 216.16855
5.07989 1.04564 1922.91975 1469.82273 192.29198
4.29584 0.69802 1651.57462 1170.31069 165.15746
4.48651 1.55012 1803.41611 1982.84658 180.34161
5.56065 1.52558 1994.88198 2020.11909 199.48820
12.26302 0.47355 1472.29968 1565.51918 147.22997
9.34900 0.86284 2016.01413 1846.22013 201.60141
6.16447 0.83729 1885.08372 1643.97300 188.50837
4.54784 0.53926 1475.48845 1612.17334 147.54884
