# Omage H0
0.33680518233462664 67.339137490866023
0.33043171897550483 69.005452054642817
0.27769196727658757 73.777608180828636
0.31003065945613084 68.861192768853499
0.27276705186903333 72.143112422412315
0.34616526700389244 66.832246165299239
0.20581345023538003 80.216061405533864
0.26245148387709288 74.374820283549283
0.33482750685695351 67.12492633477278
0.32239643588303707 68.333773312742224
0.32463923802275513 68.313344830380842
0.32375771832569927 68.622482442251922
0.29186717749216468 72.401591667825372
0.29213500792044372 71.771927031357336
0.30365586620302104 70.199123292109874
0.29734247391622909 71.657277820550362
0.29202427564454392 71.695279355919638
0.34147903036789451 67.673415271377095
0.39952450575694459 65.111705710303141
0.31747109663281398 68.213740990567047
0.30967035387542169 69.922965420057736
0.30964169098738792 69.755703256744113
0.33641130455089763 69.169050781060889
0.32440346152548033 68.466007037438914
0.32315916534452632 68.338587236331335
0.32549566931518065 69.031704296685334
0.25598705252368709 73.553061450971398
0.26954046948425409 72.947338027329891
0.34290896455894737 67.743529971874992
0.29980638276042126 70.498572575044378
0.28833368685584987 71.408187686645732
0.27588348559341191 71.261216607638559
0.3392504729678576 68.051249639541098
0.38932341161420314 63.155024885535305
0.34631896716907967 66.41643251845278
0.28845346337273797 71.707038155750539
0.30161273058404975 70.316486078638121
0.3781703697297813 65.648666508733868
0.32563873412149369 68.596621033116392
0.31603090001327844 69.173920999079527
0.32129654912457928 67.868743430889523
0.36684527235327696 64.470804976335913
0.37923103181037926 65.29541289951004
0.27981463251664118 73.236437613315445
0.29845810044187854 70.131355985621028
0.33750097281534869 68.021202968510877
0.22149712318133696 79.385532869616597
0.32291363303329157 68.361286882151731
0.30592509087911168 70.252810967613996
0.34812615482753873 66.165457113399526
0.35508302125309577 66.982607829879811
0.37016460300375131 64.490315206682922
0.35186467076807232 65.762202503990807
0.28651789848257997 73.09072584172317
0.35737437138465589 67.220418414599848
0.40471156288225568 63.686578432803309
0.25271596212476077 76.838774878880997
0.32452520291924797 69.015489020962193
0.25444684322595318 75.842716595637413
0.30277873247021864 70.171832010311888
0.32368767323204684 67.761241891647899
0.29143229152911765 72.377874298984679
0.2813136078840312 70.944317321742375
0.29768181433739743 71.80330790070559
0.31128536342322621 70.040992788437251
0.30176673132778425 70.477906935931159
0.47238846753292085 59.678344282171757
0.28871084709056799 72.736452189239401
0.24639734750592171 74.414454026871866
0.32286255614303494 68.701358703178002
0.31570152256658723 68.968758055887164
0.26883687089587482 73.672807957761734
0.38419439328906435 64.368103966755754
0.26608412098387685 72.844721922377843
0.30327934866489026 70.443520560628755
0.31008917967530336 71.570975727404033
0.36443002109465994 66.847362324200276
0.36065205677636542 66.748633915213688
0.28323812263699694 70.548457059619892
0.28465383236008818 70.913548088074137
0.24008722650952929 77.041803812036335
0.31729048916053443 68.864506731297766
0.28341372882189009 71.132190647525292
0.34593114849407669 67.299883716832824
0.26129415790570354 73.920123377477267
0.28334164305328902 72.180409663733627
0.29550871423191449 72.657951103544278
0.26237094415679152 73.702693122445254
0.29862825791532582 69.704671973690409
0.29395929708342733 71.866377736359809
0.27644310652304366 73.4149283674152
0.31580094875112297 69.435257937302723
0.3262414900610654 71.058653999743186
0.35336170793061311 66.425044642586471
0.40441434542448174 65.180615388796255
0.2937543658249207 69.625425339443126
0.29290889483581301 70.230344791951069
0.29967063934539545 71.110935260987915
0.3418731830622741 68.337138387180374
0.24004018822372367 74.499609068316417
0.40259125678285673 62.896277657765651
0.2861327029248506 70.489086159390055
0.34181488089618678 67.516409599258168
0.3467262247340715 67.615364915628007
0.28486043539662942 72.085786094832002
0.27554445805271116 73.594219477284497
0.33448487366372853 67.20419466653351
0.27856584073199736 70.254910034023354
0.32329379612228637 67.323021615670939
0.22856565892722103 78.984852257226251
0.26767128050399486 73.795004786478501
0.27990841501363617 72.267311436287088
0.46333981601296931 62.036694426072188
0.28554486334059714 70.715553261969276
0.35065238709509244 65.702458759354172
0.27854532698569323 72.68741659774858
0.34686906893951891 66.880720372519093
0.36351941755249206 64.744603516456962
0.30276846277188452 70.975099660506217
0.35639673871139699 66.574968022599762
0.37638991088246476 64.359465580276932
0.38945340379811616 64.490866512732694
0.28726532522225651 69.30107007999473
0.34015950557141511 67.914751406625086
0.23729018524179168 75.376237864295831
0.27962463057392195 70.316441732422547
0.32754345539546031 68.998005832662869
0.309441792007214 69.370567905749198
0.40096480585967442 65.31427958820764
0.27416902419557354 72.515553604122005
0.35885123742138647 65.790169814792861
0.3909532376943477 63.450834603217807
0.38359307052123742 65.233232153645645
0.28586597540709829 72.504620213734839
0.30631805038647025 69.216699389889968
0.46870822340192886 60.572838144996936
0.29145209969485486 70.590263654599752
0.30619290494849066 69.984274645184144
0.30344770290936385 69.898871076209048
0.42173333607226693 60.7154307455124
0.30489334313293581 70.443509038823393
0.33404532385788638 68.69729923100185
0.38329254309562211 64.774141263807323
0.2160103866885007 78.368087793913716
0.26298197322230576 73.4860357487497
0.34782901268120686 67.382226521591107
0.37624703963970724 64.757510826230558
0.35197545258246388 67.611655313554209
0.29427417993609911 69.905109060939353
0.28125578788797934 71.022918063361772
0.29923490277470488 70.534353510376846
0.29727116405376003 70.621061281756511
0.29339492562588593 70.880409772451486
0.3336181085146222 68.11744146167338
0.43492669053587879 60.232440568745723
0.31404955968019943 70.259886298447739
0.26911316312868833 72.955670991072708
0.267022367930631 72.494376540233205
0.3368399490429283 67.155483256269036
0.34497162601071585 68.084909269148838
0.28323938144271743 71.411510223752572
0.35983507784045499 64.985823656929625
0.19614055740513672 82.050512548442342
0.34483935923613451 66.413519261720978
0.40681259089290128 63.001367911883193
0.29071550552344938 72.602786440411322
0.38030956642525271 64.834711137528288
0.36038119920026745 66.36417179440852
0.32136163683364533 68.976128287690642
0.26423257227617869 74.343531069409096
0.30151853543110141 70.411265828406357
0.31946674976981287 68.5842478194606
0.31532914078967433 70.191668571655313
0.32302018741222444 68.902238693318438
0.23199914308109548 76.368532908718208
0.29019709683154132 71.320075786567358
0.29226323765739159 70.275808293077432
0.35787985386143811 66.052009379371768
0.30713476694293035 70.127411516477224
0.26933912960254069 73.123877860766839
0.37184814467752436 64.790288386191477
0.27995553090698821 70.969654152949673
0.36908269170035535 65.626415162261651
0.35043876333171403 66.974381944328528
0.32634185363608065 67.845029285557729
0.30188462994436549 69.120147088982222
0.2930302942021622 70.622516033180446
0.32128944560756922 67.936458879609361
0.31451904892482169 70.019383414086803
0.27819034137509757 71.209075535456648
0.34433987370293861 66.622144049699799
0.39071880597621916 64.399445292301877
0.29303836016562645 70.801775828660666
0.37593900342591202 65.717860733315703
0.26627661674702502 71.921517055527104
0.41049774738389017 62.777714059624657
0.37370591771985595 65.397852463033018
0.3633958865554624 66.491283655898485
0.31556803333720346 66.816941969880105
0.29046413194801574 71.526125431807202
0.42110298592097439 61.732022525302888
0.23259778916819965 76.738525464716417
0.30590128338307532 69.895004794856831
0.31191747531630043 70.793149044045933
0.31951937072079617 68.966621409516321
0.35353028682991944 66.769257633285306
0.27778940494016657 73.093422802032279
0.38029048582614139 64.687620761083622
0.34600950597642921 65.792111488272155
0.3123600417642442 68.675556341884104
0.28937637849178999 71.28614334808853
0.29723882857664069 70.278401102884644
0.26128447501143165 73.600620507311788
0.28944580709729262 70.809900351823288
0.3305272989490759 68.006526546718746
0.3199746735001483 67.420708717475492
0.28363262176042731 71.166607029377658
0.29696256725641856 70.28021310223852
0.2741127503001346 73.439228961684464
0.29219983341938499 71.330142570141746
0.34385799392592709 67.448771717479957
0.29408483936915697 71.774168718889811
0.33030212744875515 67.777089669273622
0.34645331528742407 67.059426578064432
0.36478132631958493 65.464856007227937
0.24713809205080312 73.962825082673433
0.38083751880331174 65.131979986391229
0.32627791760422448 68.236164316226123
0.30350586626324355 70.144304215221283
0.3195497490966413 69.88902895031444
0.34646556152362479 67.794381910468971
0.27549863667642421 70.936849240560989
0.26199674082851543 74.207251322065645
0.27697385089719345 73.683676843899718
0.24570353147243087 76.397603533368908
0.32951584457375627 69.393783689049584
0.30177280774098125 70.057207415501949
0.28636159506204445 71.088647270208966
0.35934756633298626 66.477693168176316
0.3021520258440531 68.514925367780691
0.31734148092887754 69.804902118547432
0.30684791841680209 68.646851303215669
0.38543931952126809 63.93548717613492
0.34737481664334707 66.348557168029615
0.27147270363425546 73.638028593756019
0.36793476867676761 65.585942390068411
0.2925937059958269 70.05726214310441
0.28906771346075449 71.165398383861685
0.29095391413230909 71.448993434714325
0.32319467433419447 68.720240806127819
0.30206291683096081 69.6052458369562
0.28776515701956523 70.882008202815882
0.35226807664254439 66.741085362540446
0.43279505830353537 60.031872919051345
0.28916720370922805 71.303452334183447
0.31169791689423493 70.969461730834411
0.27333593338249862 73.951086370819027
0.3507668831931311 65.425521721671885
0.29317624010837695 71.765723704908154
0.32283499122327808 69.73818701100771
0.39308303204259448 64.45771709875541
0.3165399260376684 68.540930041790659
0.25523015953868855 74.356803646936982
0.26117292627169292 74.919082941100555
0.30878150761551026 72.277943272391681
0.31073731044128738 69.289555767165609
0.30047922777233255 70.428734234805518
0.338779536247589 66.376941101785434
0.25931693795324995 73.997843615801074
0.27406247702121589 74.336050139092194
0.33141540457777191 67.057726651374622
0.36303982282121289 66.085668443578982
0.32678884676943343 67.450077526019285
0.3358443559707267 67.813777896124449
0.38258108159381604 64.82839230910507
0.20821753967014134 79.002230983012879
0.23858646650989213 75.125031175990387
0.2707315129204802 74.499946688490709
0.29517396030707882 70.327249991481096
0.34993320406491729 66.521305145601815
0.29412977072895063 71.726909055402928
0.32053400535717297 69.327728680062492
0.34465865993861494 67.326144295615634
0.27148210811505435 73.189803166413469
0.33064542900799976 66.718933993963404
0.35863460885000975 66.990075726273261
0.33709183695377343 67.22751470327087
0.27271371419998669 73.228407259249522
0.29378035407309605 72.030938650861771
0.33903380558596813 66.411675598588516
0.31421426218296844 68.467204716100255
0.31188908837241247 71.610375015934324
0.29441219868068824 70.957817388898633
0.34757321846452194 67.694566771583425
0.28311392093287541 71.529962830255215
0.41034823304824153 63.821323078121281
0.27341907984235031 73.954071310337866
0.28715658511831088 71.436626990866458
0.2445362251866923 77.334167669540903
0.27548172975715635 74.097971450144939
0.32116088665345938 68.609798752410754
0.30485348265840223 71.319971121343869
0.30095744370275751 70.513534573142792
0.30984624388883092 71.108012332278946
0.35474857747160499 66.995524940360568
0.38387686507641994 65.129427407323718
0.31592167508496216 70.308451392073863
0.26830607545210977 73.432235415690727
0.31640438003823529 69.351913564586638
0.39789688375590615 64.858021678161393
0.30836366536042092 70.423701893147509
0.32432093394735062 68.950798056766686
0.26979309949758723 74.325263832095359
0.32812001598811946 68.347401409053006
0.33724384591301487 67.856000421721944
0.31019134964529677 70.410072016487248
0.28585098443439683 72.654626654941396
0.32758095445899982 68.194897017307653
0.37798042128681986 64.850042526811038
0.31098815360100301 69.310294804829269
0.29431096108971205 70.207799504965493
0.33722778414620552 69.060418791786987
0.30617134761759657 70.001448456720709
0.36466074569457052 66.479608020630351
0.29083340600749097 72.583941917545005
0.38322686723560367 64.689996786102839
0.28798600398391422 71.461038465544448
0.29167103211165879 71.068794401186508
0.28528325230841634 69.367089891996031
0.3974584823638872 64.184986701759996
0.28504654063898605 71.548638091682193
0.36111169225398088 66.058804953834851
0.36013486678155593 66.822535692728351
0.35107144775148941 67.09536901319575
0.28736577476185649 69.986208383352889
0.3123527658487682 70.43193182759164
0.30333770749415739 70.197837543263532
0.32610507790689475 69.906722115050499
0.28564151956589112 71.769946495250124
0.31529595197743093 68.580228716058457
0.2847463727761681 70.697140540981167
0.3546235873545327 66.398445428921008
0.34272393610402868 66.932221456311794
0.20622779077969644 79.92841013201452
0.27710584059184917 69.854519980161584
0.40549179653637524 62.578772068120493
0.32392834417987515 69.073063908171775
0.23847882252468189 77.364930983505815
0.37003387295664025 66.432098598836987
0.33208880793414353 67.534680623304197
0.26387230440631221 74.491049653801028
0.29546218052229678 72.34107225973392
0.365311170564455 65.393691412160791
0.31039265351353923 71.107243630754652
0.32385826022553171 67.863103417848677
0.28414125537459695 71.506432066308648
0.31389931061178789 69.559010169950199
0.32729034978353388 68.878963760799948
0.34440819082634949 66.236099587613595
0.25747822085426286 74.919229854114363
0.24874100974540295 73.413036308816615
0.29348972993144223 72.027482353378829
0.32142985082891284 68.455441058043107
0.29531207217978434 71.217415130203619
0.20977590904648863 79.461411098584307
0.32334163105368341 67.661263682198609
0.31097875448044343 68.966492637640243
0.31009292805386973 68.885414637096019
0.30762107182386539 70.149416813092785
0.36551113520770029 65.742094858218323
0.19287495595428561 82.566113323780058
0.32735227054761334 69.180737236419986
0.29793022672172431 71.147047463463011
0.33631507311134262 68.774589657901728
0.30028570539086841 70.50563309988388
0.3426449659234127 67.466107945254933
0.26182212650786252 73.991596274907337
0.25808813104456618 74.321185385012868
0.35647326618692132 66.610308586644294
0.25891920233803661 74.064886699015247
0.32574428278112316 68.278244531224331
0.36127933420897135 65.894884922255784
0.32344600923507527 68.706591967084918
0.24203319345142515 76.657995942766419
0.36438389154363054 66.594495415103381
0.3182804326974934 70.683902937823404
0.29605350317357287 70.630231276201144
0.3573768031200632 66.458800139586103
0.29852417462455105 71.04871177603124
0.21898359476566528 79.475486657482577
0.28930844019584728 71.901067590485894
0.32584434416502878 68.797259254171138
0.28079905516767673 73.15167536136731
0.27503878958631911 73.223841908188447
0.29851761923564613 71.566802156290194
0.26965694396041973 73.908386851300193
0.3600439523068194 65.608455626097523
0.32720271011085661 68.956225930626118
0.32906512555295342 69.625550777275009
0.35806801637323271 67.072596218015107
0.28291329936460702 71.767013528343327
0.30368976593861324 72.167074655405926
0.35091654657709292 66.885596270907641
0.30744146458209098 69.606328102946591
0.30161735694982239 70.159904817540877
0.31737382402794539 69.778798073555407
0.29799328229543559 70.464504047212671
0.28986362391052062 72.606664439806451
0.30757878869982763 69.1151557713617
0.27952766864433337 73.255235316225779
0.31123163498755352 69.564800393627905
0.30714390808656961 71.142820118915651
0.30419352003981165 70.504154119327922
0.35438161458847389 66.790837655012794
0.27125782830363854 73.377166079128642
0.32145350464890537 68.815477862110157
0.32662125289534644 69.356833875319111
0.34478458052233185 66.154309517574944
0.28435987434332066 70.61523330208064
0.34146776021548458 67.577685698449088
0.27163037417115293 73.50437592472548
0.31968177987179475 69.116865417175305
0.30993774098698135 69.362284938639178
0.30241049911203055 71.756896710409848
0.27285060101015002 74.095503510686072
0.2821192475000634 71.67903683712602
0.34242589943391072 66.891138452767109
0.34858850862356655 67.587538040241213
0.32587135834916953 69.307940899497368
0.32629846109258204 67.611230420577115
0.29099240550154182 71.407913763220563
0.27397451372021375 72.350927849872321
0.38459192838275907 64.097918767627661
0.32227518240306863 67.640665549658706
0.39528594278384438 65.155221537532768
0.27281973968559181 73.308591371692074
0.30037559092115707 69.98182508828495
0.33250374097473562 67.67908827966771
0.36362182634276918 66.271724525624478
0.30495917428475955 69.240812691829092
0.31755546301181004 68.655529814133089
0.26457850249902254 73.563273930997156
0.30121251022902062 69.520710489821198
0.24853194109274424 75.998834802182131
0.33922930832324288 66.603721405477742
0.39257462736846271 64.468084666312407
0.37223124801846647 65.2576540419888
0.3115667079268275 69.623639196539472
0.2887198961000354 71.501950293934101
0.29118713005080377 72.145026927325745
0.29101922622152221 70.72644316939062
0.33465463074433466 67.074828832132411
0.30672941904443091 69.840474329824318
0.35443624053204975 66.229907742619119
0.29578057278437409 70.767721731747656
0.27133032311130717 74.113040734063958
0.3232774422907872 67.935689176897881
0.3325201185373704 67.980340663091027
0.28240771614012505 72.220685312154856
0.30520158000405206 68.306296000652665
0.33419640034095399 68.31174507085062
0.2374859873251266 77.746458540098686
0.34310688464278011 66.951476429308698
0.30097990596264529 69.881967693397343
0.34428019687849615 68.330387924558437
0.34317024050092299 68.601326096887973
0.29542776226082018 71.771895806698609
0.27576918306463277 72.694062322869527
0.28440410246373815 72.386015582907433
0.31251899629500696 69.958176589018862
0.37164462938762632 63.864007431195553
0.32896281783653525 67.27673735845552
0.37331806660970057 66.957087014919182
0.25852849419233126 74.809327180958149
0.32555404585582476 68.04489324717369
0.31725466890562815 68.631000423005105
0.28694569801215791 71.102860674585699
0.23457978466660367 75.615510120501298
0.2986662383416484 71.09163102328165
0.24027518361007888 76.2346733985772
0.29261429803961148 69.787236247066431
0.31604495285206852 69.173198603494043
0.32184603982350884 68.830962334540985
0.33554361292834067 67.431977364785155
0.29299980221774918 71.374436695268713
0.27961669963281177 71.322904463443436
0.22870839549904515 77.420502066063065
0.34468521492510629 67.545491450701419
0.26467285137706581 73.154134869673555
0.37726332108963523 66.134622352496493
0.43189616269804221 61.563099427237567
0.34850691907171416 67.273873389663351
0.3358377235217278 67.423405292287697
0.33648705298597242 67.378489190795861
0.2929725756310575 72.026342857641524
0.25517473836215659 74.394513119772711
0.30921895242776631 69.805350029374665
0.28221395637408109 71.522725151753377
0.30089069149227965 70.65200151622075
0.24543054787733412 74.91390755721055
0.31923514380825285 68.369508366186992
0.31657724021255346 67.899742314604865
0.31666097815795502 69.310010715375526
0.29765459291746982 69.843716408289595
0.39663504602767996 63.242262544103937
0.33292789303416082 68.197063985564085
0.29228204293560012 70.559516676946771
0.41255447630610104 63.085371697508421
0.31705697694276408 68.63721951675727
0.34996452239089548 66.16048360854073
0.37094212084620765 65.839551646625466
0.28548788989205981 71.499498719303219
0.34534188300106727 65.516542609510196
0.31499982179938552 70.537734019841793
0.31240951816934537 69.040395793307454
0.30854258235204557 69.215728343985063
0.3275949856034146 68.781570292036875
0.27559152288798927 73.083290987061375
0.30847954386310639 70.013565463556688
0.30779375171400303 70.55122520922869
0.39872056667110672 63.028801962792386
0.33333192058202904 69.245528397807078
0.25244359548608009 74.643739907819466
0.33777370466790713 67.188710675977489
0.32988620949021491 68.33991954875421
0.2756361553514135 71.853054379059273
0.32806372403663092 68.262523268074418
0.26376264066778005 73.611790356045134
0.3616301273369551 67.135990925464114
0.32939351412443002 68.949080088426939
0.32023157567052973 68.373769511888767
0.29249627679839285 72.045952962117312
0.25133068518780816 75.524992112134157
0.36079929462625099 66.242869924144784
0.2879297609099184 71.493493815160065
0.32197821696855733 69.30413124494207
0.2812814066219857 72.408896780129652
0.32338603069378735 67.996720983015578
0.33676880822246974 66.867655547902103
0.28141029023473502 70.463974899788539
0.3270053814327169 68.452620521456851
0.29717914031960863 70.74978095367068
0.31218887963781861 67.944428559727825
0.29880961566737402 70.566643484296478
0.32206059955777588 68.831086328427517
0.34854612824292203 67.319673619255141
0.33553479721531948 67.811284944095647
0.29662415104929962 71.990170728699312
0.28287744896252187 72.826336647446539
0.38463556405171584 64.994497928340763
0.33091779475082844 67.928529578147575
0.28900544544866674 72.362615650266008
0.42354411824413951 61.932788886842175
0.37135059415667959 65.979840452741911
0.33241760357700828 67.138998645698265
0.27269994996649155 72.931199744366069
0.37888815719234276 63.131443671070478
0.41398272692151034 62.028055677170258
0.33177093864904605 68.042747435398141
0.28819985229049638 72.359641654773185
0.32082323343853769 69.963685473593671
0.29798230010275001 72.106988249149353
0.25468878153750568 74.010566051037486
0.29398092993402136 71.786429579618073
0.28308101335350461 70.45015457938409
0.34940520510178874 68.292320237803281
0.25578163122892267 74.172059736345986
0.35237828705446045 66.442266921639614
0.31294084140969441 70.399753370791785
0.3265799846560945 68.618537072128959
0.39633037183241809 64.211764327978571
0.33856595993069349 67.820025142227323
0.27970843264118667 71.552258433736156
0.26144231172588872 74.675158650446164
0.28741662822086472 70.847815753640887
0.26161583128213522 73.856016075031008
0.24845397737460551 73.977123047323275
0.32214179355189848 68.01972469012992
0.37090586668876879 65.801084662890773
0.32036875070429355 68.178902626952379
0.28214279683023485 71.969334092121343
0.36480762555298168 66.065027594401215
0.30007735003555708 70.442198138513433
0.32902741383763295 69.713783404227982
0.29939110637218674 69.910231139756945
0.31747789895292505 68.372089199820721
0.29784816094239291 69.296441053737965
0.24520000179952711 76.992198856081117
0.29105487310665634 71.367875706638586
0.3056487920604245 71.930811551926908
0.29095812221945105 70.691612763592715
0.26312564359991147 74.41825437697544
0.29296607834108357 72.232688059875684
0.32418997868976257 68.829395792704929
0.32275269737023032 68.988319584926757
0.357338270296364 65.843156256492534
0.31023496006198448 70.138147250264851
0.24798783167284988 75.258851850089385
0.24097695284477921 77.125535203784494
0.28377049782861469 71.071825975763005
0.35630526008446978 66.453223374687951
0.31303525824964451 69.944724226319451
0.27643622676529828 73.181243444515459
0.30757879197619875 69.318818719634194
0.29665600465923014 69.640226290947325
0.27088424696636476 72.53488449273253
0.27125399473181067 72.503599764610385
0.30708086415931013 69.452218791460822
0.44391448289447299 62.385981065866744
0.27344900469037825 72.953452141627807
0.21336901364913513 79.413768089140135
0.35500652747942546 65.749406787443903
0.38748757581456689 65.846418354208524
0.28593462996569907 71.439988524536886
0.28816866784740719 72.799219676117033
0.32706137793520934 67.771665405408996
0.36981062082344324 64.313343585203256
0.2348872242669727 76.917581054958632
0.31512270778438856 69.301397184727804
0.25987217767133952 72.907562125958734
0.31308339384626555 70.57086227784913
0.26344756670217295 74.458458808939284
0.3175530217398323 69.179960350962233
0.31084453578921978 69.152544678611349
0.28954061731211711 70.003401073323346
0.25803184473944929 75.247896444701979
0.25223147212784702 75.82898917222866
0.34945401098959356 66.480200952569902
0.32879132957302348 65.942926073190165
0.35604521852709792 67.829448335806831
0.30411678805153264 70.330698317981359
0.31105266194803544 68.436299746477331
0.30412452924130562 71.702017917287648
0.25300414199713916 73.513133635451595
0.34486029123186468 65.734776654958779
0.26451064390772061 73.08059151582367
0.370324658478416 65.956501416171434
0.32966484982895516 67.106376773167284
0.35703435634169933 66.03157733221866
0.30773738336676615 69.997619360744295
0.34906486631863176 68.098763308662129
0.23940155594803011 76.723005711426367
0.40567238422246676 62.994887063790685
0.26649518635041247 72.740395095189569
0.29684816836416572 68.798470174007207
0.29387283769451183 72.425202019219697
0.29937472639139878 69.382127563689707
0.30150686416547118 69.713836445613268
0.27815410836731363 70.597810921033172
0.32870251239908632 69.566277947978122
0.2910254962586159 71.46015192400057
0.36270443126975938 65.864986550685302
0.32447464034440449 68.76842445609752
0.32054256499260741 68.414626161083518
0.34994883690677936 66.660215040081013
0.26532490923901514 73.483353275071167
0.21141589629031168 80.394118042688092
0.29652925969937649 70.725909933336453
0.26163115167013695 73.236428924834286
0.27508858611301051 73.544569092544094
0.24170295811573586 77.023448950940704
0.32335733521955412 68.58801989022335
0.30117862547279051 71.016701233109544
0.32888530702132157 69.008489901051234
0.35943828557667512 66.61727678876936
0.36651359864559196 66.810472440610809
0.31766664120067373 67.527495780758201
0.30958045362955705 70.824148414192777
0.3986009225272078 63.515749702221207
0.29880669638279217 69.297760530772564
0.41418642840412023 62.779266626973843
0.24729255847621592 76.639578651399304
0.31683668192346748 70.927710342834132
0.32033227964539573 69.753061479473217
0.27674887723761471 72.668141854016554
0.31298320942951757 69.328805306424769
0.32881313058044009 67.632618106915956
0.30620453597641017 70.032554490149309
0.48283560289761601 60.665510881486973
0.30392178203501918 70.166070196047414
0.25923661595195219 73.999968502077309
0.36256279229601696 66.680341496436
0.3175275438901764 69.287092533323815
0.36301725569212978 66.006874012355709
0.28462280624972136 72.584417961523997
0.30917943558693295 70.26650090425214
0.32055455764241564 68.217690570400379
0.3277942949293618 67.337660485725536
0.36861348623309625 64.771256098550438
0.2733958797024798 73.33891289643033
0.29857314900791199 71.673669486343684
0.28396924937738194 71.895050975797062
0.29210312967085134 70.041639946551314
0.2867851954134123 71.968423023671562
0.28493753820662315 74.125222126628586
0.35402381963684626 66.601574932091054
0.26203037458737127 73.500560787261406
0.28876869117328285 71.270769561611047
0.31153761728275214 70.329395844742749
0.289302666572611 71.262419508116437
0.26808282921503895 71.41030348532442
0.29957729490430879 69.498289897080284
0.33296990183660508 68.544360656923331
0.35814105507403937 66.697210840425925
0.31735652260482455 69.377072884556597
0.24446006097513803 75.575354623555953
0.24127823125415174 74.89920261180913
0.29037424034184756 73.127360878632288
0.44181891704887621 60.790407391328728
0.31200993242117459 69.975810375575733
0.3571635875300459 67.541494567198626
0.35074849870281855 67.511445841476899
0.2490850402756718 75.875864049365745
0.29209382130321054 70.600474407094254
0.3135240200097969 70.128152617752107
0.29316899888952513 69.83677624034938
0.3467194587617729 67.079639043486736
0.38212973203623463 64.093968792529509
0.30795134845607658 68.742633748172835
0.33937505597553957 67.098589738172052
0.33331766838709481 67.837009890839624
0.31651319502747705 69.318971272964774
0.28586424323420917 69.17953938762291
0.28951229211090718 71.431137065389976
0.23283846573965061 77.598195828957756
0.3273833505955433 67.286932275350679
0.26448215522187596 74.730974625108175
0.31235803616151331 68.48207786455221
0.37425431610272003 64.650835698758911
0.3346900823362271 67.538623192528235
0.31725329562339505 68.491275755102421
0.32503087883702603 68.324570516324172
0.27145798970919788 73.236658345385806
0.32419361027720206 69.346596119958264
0.34620504095107452 67.428870290252519
0.2962053387502131 70.806082368547592
0.30275443074830882 68.473770310164213
0.38256376712589979 64.018489169920556
0.39007741041823502 64.578372444486305
0.28680197852086919 70.697108348184912
0.37992934154157537 64.535267934872621
0.31330353700913344 69.633061092448258
0.27995200993333463 71.934977349184464
0.239438901575102 76.510841425361519
0.28009075104453235 71.082524380539425
0.29195257843708111 71.123527259904051
0.32051315685919401 68.633075565233909
0.4006834467055877 64.069060932418921
0.32693265610405003 70.216130624021645
0.28267611518314062 72.66684110483726
0.3301777958373398 68.412373912592287
0.33330245564519234 68.891791524081924
0.30192888839499427 70.034961726464388
0.24762020882923719 75.019369695443373
0.36415896020463329 65.158790911697849
0.30791414313185661 69.86167237656386
0.27658138335700094 71.678189717745084
0.21666652711536838 78.77251008364118
0.3491758429735507 67.27056564263539
0.32670976864852364 67.557295751340305
0.28364399486587416 71.406670999368771
0.45996475713766066 59.72244524925928
0.2651475660280917 73.042127207536566
0.34873360149801319 66.332730369004793
0.26963998992864741 73.78453550227448
0.31876817247295952 68.208249902115156
0.41687558111931067 63.558742265497877
0.36366649349084595 65.561563466132881
0.24786113728337195 76.395869166156658
0.34144343191429849 66.496828029235928
0.28383972576162586 72.581959500645667
0.37151438733275033 65.862972626093608
0.23871103567323937 75.640469104529629
0.2516554301943939 75.074774468283238
0.36098157062853781 67.082862051186638
0.27459215879700305 72.609191666464142
0.31316808411689678 69.117982580255884
0.33084428592513176 68.330244315937648
0.3510212972124338 66.864179895954152
0.31241928427753191 68.858914509390118
0.30736938095088207 70.093672393614284
0.33146203675020386 69.061053417072841
0.32520042833707796 69.626165268072597
0.37799717007407529 66.364678987614994
0.24825071348191358 75.582038607344174
0.38513754854675697 64.327616518684906
0.286327178022591 71.010524508270592
0.3180767519966467 70.568412451101494
0.3320600078707745 67.112928759465674
0.33466054236393444 66.37890875865628
0.32509528500330687 67.561058109367877
0.33292019974732978 68.210045917953735
0.27124423060749753 72.24284554858518
0.25622140180652708 74.949689649601368
0.39983732199595295 62.939789148845882
0.31320948771159679 69.042843339167064
0.2292785507141866 77.136957614308386
0.30972177828411807 70.590537036171256
0.2748336949110512 73.068061690643617
0.39171498645588426 64.611913952348345
0.33608692962303749 67.581552095419212
0.28995135247573639 70.175360130886475
0.22492001322994812 78.436752118982639
0.37796203800087924 64.483298008350033
0.30115032569984213 70.908516624821203
0.30627557165361508 69.614377284072958
0.34331094831159903 67.485091118149242
0.33950296038765504 67.182380941907709
0.31121562265918018 67.875944699197461
0.25470612026874745 74.737141976338975
0.25582290589443785 75.346426274193647
0.41970362950038148 63.34974211520381
0.37025133083818607 64.208450992853813
0.29710807633933461 70.763718578900736
0.39408141159388066 63.439810345764911
0.37653129523645185 65.950263698040615
0.29512936421303054 71.405597460905071
0.28832949937560615 69.777363293090517
0.38228995998884358 64.332947457592468
0.25713320331101802 75.000735170839491
0.34731031052890038 66.697300264307785
0.28901114648347975 72.496298362699292
0.31006587933965496 69.933298547700275
0.30402275387465943 69.19156294957655
0.33327632883635466 67.089811101770863
0.28877340333149887 71.466910640858472
0.29503187477237297 71.46697289328678
0.30343276915362405 69.757355629122543
0.30132286576969119 69.102577334059191
0.3093326892003766 68.991810405402802
0.31162904077775044 68.406729596573285
0.32685006451953386 67.675159684726623
0.30633501057199769 69.498772016587139
0.30679253210012902 71.077959316522737
0.30730237220140599 69.513085422962035
0.34917184434428145 67.799983943991791
0.29052016951667736 70.057468849133443
0.22664272794674126 77.766420714172042
0.26803383497316624 72.350407694234107
0.27220461141646635 71.947417048032108
0.3505711269521864 67.040077850079314
0.23006054635175854 77.402572216250334
0.331394102819841 66.941777428356389
0.32638822630089942 67.969654751278441
0.34619645859477011 67.575955341030209
0.29917956165122173 70.322407473896504
0.29671924702507041 71.057831669436936
0.31005379857080528 69.812453782436776
0.3046103734904696 70.201903187218875
0.30197809681396742 70.238021322674541
0.29625335736933311 72.362756921353423
0.29299097624093495 70.785946251586068
0.29963447793475367 70.660950569676189
0.3232591278458633 69.27379886140956
0.23249303073233463 77.209756080227834
0.2605836871646397 74.064120685660171
0.23736481531468256 75.240952241100914
0.36100813226178935 65.492301948778547
0.33488682347011828 68.711355452461916
0.25557470061347359 74.469110238217823
0.29037339920749727 70.728316807254174
0.34037570327573974 68.249009352089871
0.32207450747068328 68.768018269292639
0.31007608730972341 68.577634901401751
0.34702492909683447 68.374896935462488
0.27755796277032202 73.390067108448562
0.3701310398366055 63.791549991029086
0.37404809295497099 65.704377779282993
0.41797469959391947 62.370168507170689
0.3390493860819479 67.730773779280312
0.29521842650452085 70.613243698434786
0.32413612279145348 67.892846512968305
0.38827862405067554 64.065328616736579
0.29189980263311438 71.267414763023339
0.35653871595799352 66.067952234834081
0.25143334331861078 75.388818264637877
0.33911754820665685 67.082157421348896
0.32740065467822621 68.434129240859846
0.26887564375375073 72.92129445766804
0.29447538980790139 70.615762862103239
0.36508073929263463 66.260247154868011
0.36134518923134556 64.91488234624596
0.30827298563754085 70.581690304682382
0.30002184451466379 70.620549079185921
0.21298057203801388 80.094190063542214
0.39416410502193289 63.696623810435099
0.32067935194808439 69.133530380846139
0.31781580844988477 68.633860879104006
0.35450990235663782 66.26683075985656
0.27045694250629976 73.211133197513092
0.44434406474003851 62.435231644941105
0.27986290392049301 72.776182263666129
0.30074849418692023 70.263929513887405
0.31372192045585262 68.944303958702292
0.27341155674709544 73.873079719165105
0.38040898023971798 64.677017118447523
0.1863759111816779 81.65722849775598
0.31679510387104803 69.296596560247337
0.26123015162779162 73.467276642222245
0.27685286514121155 74.008773473654344
0.29893769000525577 71.217883784927849
0.38947417104789933 64.900736485711917
0.27457459372440568 73.629218600072321
0.35797255318756904 65.705829971448424
0.30922490084563703 70.254932992654503
0.36527808440844423 64.665529883089732
0.33147269933057727 68.083434163541156
0.27540155555370982 72.066360944593853
0.31861004848796232 69.03179600034791
0.32421170286132689 68.770143045627833
0.31026839457210198 69.841545122016754
0.29788031325622744 70.996088393181964
0.35195806076272212 65.537595550385703
0.33504042614762725 66.993891744342918
0.32494252928112216 69.43293382968757
0.32039433297626729 68.428094171631656
0.28369187393180129 72.138207294639457
0.30426246838017462 70.197330539789519
0.32990952591136058 67.578451352413083
0.28451090169006155 72.590237153245312
0.30818818995319819 70.431670555152209
0.41087273170993821 62.790562488031711
0.32869413461779129 67.657629961405007
0.30070548370140049 70.359269602183502
0.26711406866669613 72.783773910584941
0.35410117146762693 65.791948636650403
0.39847609018062535 63.184891435918679
0.37784416261794163 64.250227479819543
0.33779458137241286 67.959151991161889
0.26521511903040562 74.302420936952629
0.28926924381158703 71.209946868726675
0.32797908032255441 67.61741897456352
0.37237257963757259 64.555439309470415
0.34192225190699627 66.519714320444308
0.30512930550893119 70.731802724464472
0.30344851164415082 71.214911803326359
0.26443888240247271 73.041171659686881
0.27210723605431625 72.678341498401323
0.23421958446433769 77.001489096861221
0.36307126249044747 66.254536417393737
0.28614443593261701 71.505306220869343
0.30745772654333725 69.782883939084613
0.37962118704264847 64.326118082271847
0.28071379525466655 72.312075190383283
0.31861612371691866 70.451423178398244
0.31648676725697461 69.379639658120794
0.31111531640777657 69.866262632759017
0.29851519586350594 69.574487055285189
0.34097921390850744 66.98556339684572
0.27655224748576018 71.903262359467618
0.31591031053430024 69.175370638041983
0.30529891120088209 68.564789351067475
0.4356783783514338 62.181680757266875
0.22452303859490105 79.544002784199904
0.32105034476133326 67.875045215441872
0.34341097976317048 67.180463293307653
0.29582411809525877 70.576906936754256
0.33523653787799845 67.192137104947605
0.34203649260154645 68.630389387774514
0.36668061095533089 65.999753661565336
0.29008877215703643 71.303206781404285
0.47417315042647118 59.51168806854146
0.36516431689174395 66.587701335474321
0.31958928758451882 68.974390909658297
0.32936362336855673 69.676534179291977
0.30897339783678129 69.581094556484132
0.25485225926665217 73.481042054880731
0.40455477052548372 63.823072815957296
0.32047024496309684 69.757905777859918
0.26314924137389012 73.160623743129761
0.29688035410305774 71.301480966682931
0.31282329512853446 68.825028996295998
0.26421527427099489 72.325378370317537
0.33790043279639503 68.47713846108573
0.35218024135575188 67.696340907828159
0.31547613901050381 70.159489567939517
0.32790441624099065 68.85702104578634
0.26803277387112984 73.155430643862502
0.40394971345304531 63.819002744164045
0.35810300811668538 65.917725081039677
0.2348594963804031 77.050543971135141
0.2501180576402226 75.538961676649464
0.32927350234154479 67.124075725526154
0.33671635879353495 67.80487072204123
0.2624021512847578 72.818677120844939
0.28891370946074701 72.655208040349834
0.37400226331881087 65.980606775930497
0.29644991198843124 69.600848805808042
0.28036831962660702 70.80792488323408
0.2842856602390661 72.217991335955972
0.34161976903790564 69.307564702920928
0.36243065112792405 65.358244079138444
0.22597226699414991 78.255483612440742
0.30019756988899682 70.412380632663201
0.31524513308360497 68.739766697738148
0.3166436174294564 69.151230705883947
0.35330524817221115 67.236509201720494
0.33814820671748036 68.196075176121937
0.3138041698270525 69.95816084790313
0.26126824720261971 73.59661128411706
0.33687640080124809 66.922726468574211
0.30703592384247175 69.517422630676066
0.38058061795943865 65.496886721442138
0.26719414624243004 72.443592272160544
0.3099282907332116 70.745189061861282
0.24962679562697079 76.570182318905552
0.2740907487298942 72.600040638899955
0.25441295043727713 74.406133942612357
0.30289769168481878 70.954669593021052
0.30253250059753861 70.536927979700565
0.27730449395699852 73.328071102945088
0.32822938888036751 66.816194247611307
0.34956687272051906 66.283019285264189
0.31438978177360116 68.26773405706561
0.32565814773517276 69.232397853181055
0.4653125934770127 60.976138561687115
0.32335920898117859 69.523124599524962
0.30687493359095797 71.861988152394431
0.29267510479622111 72.604117446782297
0.34385094631378199 66.594743736024412
0.32322597975754402 68.110225795522211
0.23567234120509939 75.176371349655739
0.32453021244099367 68.530760130612293
0.34267669077189505 67.491461035899732
0.29231059734100234 70.531610123524473
0.30562041638864024 68.753447529781496
0.3734199937173468 65.719388414346383
0.27531418866695601 72.108586294231486
0.28401833981776703 72.113781286526077
0.34919879273936721 67.81034809237768
0.34899790182709589 67.438626198960918
0.34306489999291895 67.682473414153975
0.37702005540243333 65.226884307534633
0.24590964885253874 75.793156707066899
0.29416941184977213 71.923322570980091
0.29243566260408077 70.940625575652291
0.3099928690052241 69.572403539407674
0.27453551293182687 71.908434733466549
0.36761945825519116 64.934071224575078
0.32310639037340971 68.513007076088314
0.27180947910608722 72.674923856317022
0.29622375169197035 70.725399392216744
0.34518140927503249 67.739425368284429
0.35813231858840111 64.507069535567979
0.28864472996001067 71.344120597114554
0.28921263755899818 71.455823926399745
0.29837108099756549 70.965817416727603
0.3248300525602747 69.262072047356568
0.24559772964201718 74.841099819693667
0.25822227041693496 73.991048569162274
0.30250317913757863 69.371465867070924
0.32890340709256682 69.929313824041273
0.34464380385655613 66.371894810264763
0.35400128364864841 66.010496906837645
0.32870040927558769 67.601368244375678
0.30026543098180769 71.441641904103946
0.2735149321050267 72.836649192150219
0.32343891688668219 69.303835718156293
0.29984959955811863 70.020038012573991
0.41991278952396049 62.119115187789745
0.32146298164953752 69.555875827876591
0.26409232116589393 72.846664957256408
0.27969236724409274 72.978864097028776
0.31086922185396848 68.919039195671189
0.38690378950548293 63.966623406222659
0.28880362264786652 71.715206671951691
0.27135457193666124 73.332968034968133
0.30166134357011171 71.126447595803469
0.31771097317615105 68.953270672573112
0.29960566350841883 69.904060696905191
0.33259165236247956 68.318414276118375
0.32531396756885894 69.698583925285504
0.34442495685270036 67.42713042321671
0.29823707752664402 69.376987161086589
0.29848519139043611 69.874732193150777
0.30014144950634292 70.490944941676631
0.28540807974785048 72.468368859369193
0.26473826197050854 72.670931978899688
0.21074543596142647 79.360465936137544
0.2842217799939919 71.311090029913956
0.23931055592189598 78.281282181694792
0.34221586646575258 68.939925691528884
0.25475755487305068 75.71768196609284
0.35853152808245237 66.031270460595763
0.27137718145598383 73.183309643915237
0.40761658790286787 61.54487023037251
0.30623751613010802 69.295599335819915
0.33472382885219099 68.117842003813081
0.33645203775841082 69.43719707794375
0.42834031429338149 62.597452726834163
0.33918519103564243 67.307881088051005
0.27013828267886469 71.943043868603709
0.35680688191344334 67.210811574480488
0.2638573372926184 74.432058791932803
0.39659451652753391 63.881482358165584
0.36320163090006818 66.01921441097322
0.34925714047282735 64.91300138225651
0.32141382649549605 69.755466968460524
0.25706529104765308 76.335614943752404
0.28609703266944531 71.117898926997228
0.31297025888761537 68.387733371809659
0.28227551636034415 71.879615462643756
0.32811711888041539 68.888245500352951
0.32838618446599049 68.04635725888626
0.35474579060736144 66.668533387512923
0.32722368823634068 69.608305586600906
0.32912267074884272 68.476684265200717
0.26371915405099156 73.002549000238162
0.34261377632557921 68.460778856051888
0.30584286904541141 69.476720769995509
0.28990503436637172 70.568317986550397
0.28569692840527411 73.673563143884834
0.27681185262856478 70.773495573331132
0.29512913957719927 71.134466607854918
0.32311631176936217 68.413751797133756
0.25407674650077194 73.301013610099815
0.30962136020990849 69.441057787912499
0.22833544184159016 77.230474947299271
0.38448432935422494 64.041134560011187
0.37593237157167225 64.759961200365865
0.31171817161161591 69.41109039415403
0.31687925208581968 68.580075214637048
0.23107502618740336 77.865280161452517
0.31078648889661137 69.737419857455308
0.35217334761532332 65.651083663140966
0.29600906456547599 70.639472247088392
0.26625297008693077 72.77060326989708
0.23280803828302518 76.652114799667785
0.36491537632711363 66.463911123031437
0.41675951455544802 63.457866442746095
0.20816034208353132 80.868741372946204
0.30206554189947055 70.091087709437005
0.26681650510591215 73.275598401098335
0.32521139341534289 67.003433311307617
0.32730365836686898 67.143267449520678
0.37001455277082451 63.948699470499022
0.3510596155345227 67.150470802897857
0.2353223989306073 76.774825373543621
0.32139654954727909 69.654636282184001
0.35344917863675868 65.778002170480008
0.21966006983061906 77.75106055680466
0.3718521060711884 65.008680923401002
0.30570860313359821 69.971236112841453
0.34330633202482413 67.528008064969541
0.23910196797846292 75.232187261957819
0.32649643938145512 68.602792918597103
0.30876452825733075 69.407928782729002
0.24779273432867008 74.4141274640169
0.29208944380142104 70.993493207539288
0.37095884171650562 63.631475479324294
0.29605903305861025 70.883759143711444
0.26961004945502998 71.093642393052662
0.36143261936996468 66.82932042277146
0.29110444835837923 70.321567629006992
0.37965579044769604 64.836420786636097
0.31518934335262078 68.74225272018964
0.29192070703576251 71.26245842019506
0.27222359726067435 72.482697683826899
0.30371582688149945 70.660156007698248
0.31300216251348967 69.24204795218445
0.29180926789521944 71.389640208918351
0.30097183788829723 70.227633870290333
0.32076610383959664 68.848272332500102
0.31884785851793013 68.828371648423143
0.25849087262233655 73.940970612183889
0.26620861450058159 72.812838872837389
0.34974279496640542 65.851020848769082
0.29192884144609482 72.1847411860752
0.35732148479526826 67.119594562492466
0.28482332974175151 73.092919213694444
0.36585437171908014 65.916566396905324
0.30570494020638689 69.616051731194219
0.3983171542718133 64.353183963341465
0.31827014120258729 68.624572180664345
0.26526623776807423 73.787968752519987
0.3361702557122504 67.92166709025372
0.32209554323880107 67.715740734437603
0.24206138729959512 76.271546035805855
0.32352722175551063 68.246103071557329
0.30280957237912387 70.709226798236742
0.34593586271880039 67.159681483905814
0.27084864040688444 70.471673574599748
0.30358983940380324 70.495557903777296
0.36957002035520287 65.814886611334472
0.30341543499010931 71.588697921810891
0.26420250070167794 75.680331051564266
0.24611477553207467 75.514911812672082
0.27973364568936787 72.414562020072282
0.30936663986865037 69.686235946827836
0.26658324184273963 73.119387524098684
0.34707003706188388 68.188181811506652
0.3263346979497333 69.004415053993526
0.24851399085396086 74.294663285523015
0.3017786109009794 70.101082071591989
0.39923362684354119 64.363812552353508
0.24914101257242691 77.122837346355098
0.3499788331661865 67.606950502030898
0.27798585485039357 72.983555973659264
0.29647137632919784 70.698811885251445
0.2959462765684106 70.754542621812703
0.33031077340644011 67.91171115223564
0.25843462011694524 74.294962128390154
0.31071076721820012 70.49092849526005
0.29507327581136739 70.409138024212965
0.3895754136326034 64.025167122285353
0.26992717237758113 72.588704059695132
0.25700024601739851 74.60026883876823
0.34612131877939922 67.954550016864971
0.30997626309239606 69.715757505831846
0.35156225996389751 67.930454156794269
0.27814158879485379 72.154384034381962
0.25844332587630947 74.840369186313637
0.31341001667843554 70.947506503302108
0.33364009024877089 68.461057317943443
0.29831055531613571 69.31880026698596
0.28311453540685638 71.130799451400904
0.42684375209773939 62.118462635529099
0.30773920325777354 69.808112489690103
0.350542500384737 66.611069293918476
0.31141645124115364 69.474616843709313
0.46816994311275029 60.444400366611454
0.36198349872847607 66.81244660859106
0.30524439139375098 70.0484397047275
0.31625678783041716 68.327238207408001
0.27827593624771063 74.318565477375529
0.34842442816126346 66.157763596614302
0.30720819479466016 69.646563085290097
0.25071321647015465 74.322958194221783
0.34520649036029039 65.62021676256505
0.26871135694935239 72.106306139450851
0.32907269994368116 68.729103855332752
0.32374213312163147 67.667737973379047
0.24908111322142426 73.871907156235181
0.26169016046380245 73.840950596561385
0.34401061733017441 67.350923975309854
0.25969894266594001 72.996170986547313
0.35209771880895369 66.596166770375746
0.32318824131550333 68.98238908317083
0.25764885046754532 74.109548443221172
0.29163755862206192 72.179896734824823
0.29559404757749996 70.770785907576212
0.29305221017890876 71.42211540988869
0.24456217645973219 76.033612826929343
0.31015067337086083 69.570329168395048
0.32256195870191495 69.079590737908489
0.34896274299538949 67.896751613628226
0.28456645002847192 73.010144496984964
0.2868093967777437 71.013271513687783
0.28211827395505462 71.554593041429683
0.30688702927586542 70.5182631390322
0.31066040176509935 69.850382838772461
0.32444880803717169 68.409977806922996
0.32883737138173791 68.99470679778338
0.41340976713731542 61.895672093935922
0.30425871254123149 70.789324521498386
0.24650402236083929 75.191400731510939
0.33759282444057076 67.578400805650105
0.32731117052037928 68.67961358796326
0.28103982208246026 71.893196802256966
0.29084158595333465 70.505110366340801
0.28767469536781803 72.35755509515711
0.25049244784136093 75.059893964655643
0.27135222175947848 73.72104395044164
0.31898275654182429 68.675833544627352
0.3492260739657384 66.566861322100863
0.33016527923481093 69.15868698599084
0.29624358317520938 70.007085412776433
0.31686552406397539 69.309533906223223
0.3312547536226404 69.363489817826377
0.40155510618931517 63.725617549937631
0.27742067733940012 71.857497946630403
0.31115851798429528 70.052429069640581
0.31408777983163821 69.913373337841747
0.30267171621116989 69.81838316961236
0.25823925432178008 74.540200708237649
0.38284280568490414 64.232565296811558
0.35813408340900549 66.902281539612645
0.31393513886956836 69.395396740433696
0.36241809141938292 65.166704729610871
0.30234523850254369 71.337248945550584
0.27625724140639618 73.372927083162864
0.39050702702252504 65.483506096763165
0.34111685381012485 67.800553015099581
0.30149240189993726 69.490194722419531
0.27934748884167326 71.261543551264111
0.3421490437566318 66.39827062436494
0.31603401447631474 69.182334215028888
0.40823501054507633 62.498075220919041
0.34758320613652693 67.31470276847277
0.35585728504730435 67.182929733118868
0.282435885490047 72.654209803754526
0.26625015149243847 73.159440446798982
0.37735860042013314 63.886420934772751
0.33494602104879506 66.820229494484877
0.3377085891508001 67.40000087040633
0.35880051520748918 65.69882267373012
0.29551790576372788 70.349669208950999
0.26270658208885395 73.312133646816022
0.29355175364577557 71.030880133537607
0.28689273341172483 71.660047940030566
0.32547242553069639 68.224086815941163
0.33148185635859101 68.82005474527918
0.28692402161097674 71.160389280328758
0.46465957202910457 59.804621398295495
0.28565266479639695 70.582118765273478
0.32340602449263606 68.698550604132194
0.34328333861423432 67.553323706088676
0.32619945356681507 67.307682334519271
0.337987226675173 67.554172974698687
0.30357331228572104 68.853269415526697
0.3477854026772374 67.284455143679082
0.36937730365885874 65.227037014819302
0.34079069164011805 66.294125030712721
0.29284899580061263 71.087397982195071
0.30445503217058228 68.77464428867097
0.30682551839310057 69.739192507034076
0.26512872667834364 74.595305949027576
0.32747791810063259 69.617695661258779
0.32420141598123148 68.986213776055152
0.41662380130539889 62.018953683655681
0.29246415155503197 71.255688200842329
0.29582008124558085 71.400060304837211
0.24426885255125599 75.697443501039345
0.3538547521506038 68.015105056469807
0.26077682860837992 74.112690258561244
0.26119739942999337 76.154309058684092
0.24310795920338341 75.82613836093644
0.30360440254267751 69.072012743866139
0.3367570606422432 68.314184645496809
0.29302565087670923 71.206898529862414
0.23909785523228674 75.83361318936052
0.30763945189763442 69.765075177066933
0.3247596252779002 69.97705588913594
0.36323034112720964 65.466132010935908
0.31001937325610612 69.65359031014215
0.39897433516974118 64.945685872131421
0.32600764886304867 67.193234080627761
0.26999027713659934 72.447534978393122
0.3021304389208514 69.563556980131153
0.27773882967262392 72.277212344474734
0.29061850966719738 71.735996139362356
0.28179600192645993 71.159413747348623
0.32829672229495993 66.929953714398167
0.28029282279495554 72.093760877597262
0.27452593696429273 73.882293341973238
0.2678202176782164 73.135872896968721
0.31973876752215807 69.387225108512666
0.28757427601528079 70.360858952344543
0.31925853267708659 69.168779293151545
0.3711712134003407 64.828892499602773
0.28426986477271771 71.911669816647176
0.3068103535550763 70.017801042784583
0.31498607683004681 71.144028993215315
0.29415010493357263 71.444418483905181
0.25004600928472792 74.717801845442679
0.29690897898741048 70.889359362450421
0.25281365103427655 73.440536690029717
0.29930930981559861 72.234657437432588
0.32401872702771084 68.368853814797745
0.30037126844060885 69.171469767583645
0.29355028710048636 70.63843639015623
0.26963578541944994 72.306311471200772
0.31639985883329086 70.10163210990126
0.3271119675841217 68.119325104157568
0.343846656177342 67.142314689034549
0.2864060170962347 73.656128485393722
0.39214858906947386 65.53272426682372
0.30573631492767661 70.308541770161611
0.30943025429571025 70.128234424338288
0.25301263752525888 75.567327754850638
0.32699249895087568 68.24654636336308
0.40744569682546683 62.85543811334454
0.29907517388172611 70.997719486552455
0.30143302235691211 70.574279787294813
0.45188804937708982 60.728406484002136
0.33051937836591105 68.409584460946405
0.36025588495917055 67.06342143826781
0.32704447889505667 68.27694491156258
0.2571262574102765 72.536167229532211
0.27142462259106298 74.079388735324912
0.39562931765992865 64.318578996214441
0.28156871045321691 71.393478578331397
0.31750049725117518 70.619772969819763
0.29421437902732073 70.999425921709502
0.29910406483555058 69.343326923576385
0.37439806730603276 65.524453944486638
0.33142035656834379 67.54038415627997
0.31173851529394486 69.997468037442175
0.32949880143989241 68.70354645431334
0.25681471998793065 75.556362818015572
0.34361330944347113 68.128689209183975
0.36005851556856233 66.958338762152266
0.3795892303386772 64.805367615864114
0.32060910429314021 67.587850361238168
0.34127157685410831 67.496812502846225
0.27177939281955726 72.307565729546752
0.26661620506584149 72.888837560053872
0.26936976974720633 73.295899151389023
0.29773114335095624 71.569355462081688
0.28479168015673012 71.576860580664231
0.31201645670152678 70.011201149162275
0.31634849512675361 68.576251823954649
0.37898317773505186 63.893288340604983
0.2636726549902042 74.117048715192624
0.28280717054266513 72.684492109722228
0.26834840673655175 74.507955497719166
0.28973256324224744 71.936887332678054
0.2756339902718476 73.266940465722442
0.2695055656997396 72.130480627754608
0.31063905249316093 70.556453174689679
0.31521347653304777 70.306713864402838
0.39732268468562343 64.542176924998188
0.43687121739923934 61.063743832499995
0.33057054579279982 68.589867984292795
0.30567365964267029 68.919629542882603
0.31183027657406098 69.379334579958183
0.31302583439268933 70.84845331560426
0.29024730620484185 71.048320589024883
0.24209788957972339 76.050157376473919
0.26672917059556567 74.199855144500091
0.30239857806908393 70.201855054130149
0.31461918940623984 68.317492694324571
0.26284505307204697 73.794023927583837
0.2978532202441212 71.783962229106862
0.39974026947149338 63.212233043817733
0.35199903052511161 65.38322784116508
0.2981357667434979 70.714536631388
0.39216407390021873 65.107076203770362
0.3354412014192053 67.288641110020237
0.36644928723238734 65.486632669007022
0.27773861609690353 73.315149401261692
0.29996966635098044 70.275156317249085
0.29963388516584705 70.228136184878736
0.27389414828760006 71.874803571768965
0.3381760514261451 68.394571915718899
0.33772327726786522 68.90690913310813
0.32122010228784031 70.45756707366651
0.31232959245473796 69.00587286586115
0.35019505640186388 67.043661221450762
0.32004468300677824 68.982119100069994
0.34541773639034518 67.167255499171063
0.35834497104880186 66.849158447722715
0.27088487097670028 72.417457063762924
0.2622293634013938 73.608899571391021
0.31319154756263723 69.089607585387284
0.29512242109179349 71.268599307563292
0.3146819199802795 68.983631903779326
0.26035680274376605 74.101023042331789
0.32798164507361305 68.282083552215752
0.31973985763515372 68.258287280184845
0.29347255079740009 71.46858997965299
0.36146951200669303 66.093436919393099
0.28793767004399046 70.738555685127054
0.2801769505398804 72.803901193190555
0.25126106100009793 76.426668013941025
0.23726496414460946 78.046629515490764
0.39415626562260175 63.488373592717615
0.29363128094740942 70.943974913735516
0.26532903200162755 74.150441034542624
0.2720489065512276 72.825779841637413
0.28987740546315405 71.842160813499007
0.33202326154540823 68.61895574517456
0.30384098646925073 70.982021155272236
0.26302544599768723 74.48275746822749
0.3673712297434284 65.389608951425302
0.33884738103834755 67.856938194992182
0.33436924735923718 68.05861882225939
0.32511248511108903 68.914856833245324
0.25563727701245242 74.873738065100468
0.28417296459053643 71.760438198719925
0.29958858782851644 71.025877287868454
0.31061474119379878 69.918280837865495
0.34601133335613754 68.653375931346048
0.3511702347660115 67.352763672645224
0.41660093234640339 62.433328764855801
0.33094076228913605 68.972995057095673
0.22987856132526055 77.013838767802781
0.36473095409839612 65.314315707313085
0.28573315048018882 72.739403983239029
0.31446175376406454 68.113935296935026
0.26408704480491429 74.27264187765897
0.28469615178727031 71.28316093114708
0.27100677506196164 73.521417272075354
0.30166201689076289 70.101171517127383
0.28016515119771385 72.685375886878674
0.28212775811635304 72.505059930767203
0.287029693266101 71.234233764869003
0.32293588146942348 68.71588574925272
0.27150996965253787 75.003528603415958
0.31011226084994592 70.261333880420977
0.40879474582460645 62.91001283972583
0.30088783454616297 69.803168872776823
0.36611867022646849 64.364116372805995
0.26968419949456873 74.612147328147827
0.31106741139197147 70.524036118319856
0.40530621337152128 63.918442871607638
0.28398480943271226 72.310323181751954
0.28710969822564791 70.024967651834217
0.36323672963197018 67.124905223017024
0.29286998698871236 71.194551486235852
0.3572894313194746 65.919518783558658
0.37147994662876371 65.550375620223022
0.23407139282513875 76.734275562990931
0.32937790202366457 68.528350001543203
0.36920526604257414 66.32227548718808
0.31794730913081554 68.039003894569845
0.32537949857356524 69.515524541060643
0.29106164792631273 70.891428775764098
0.35530623948184642 66.430285646341858
0.28680260951745612 71.043600840953829
0.25136417392402111 74.18698883095766
0.29961587552042956 70.737596658246758
0.30676445633671612 69.296271273925981
0.27651374695873082 73.271985535927413
0.28996529542272881 71.913074182092672
0.24421370119869684 75.634570770032283
0.26231815999977037 73.477968286794294
0.29437517023947779 69.45556741843231
0.30309699267705953 68.698023411523749
0.33809101744786785 67.586332635502004
0.28931960031578191 70.841895800191836
0.2956485406815878 72.993659930507548
0.37497804908865057 64.70368195743724
0.31707826333055161 68.679236582523316
0.4096851402143456 61.931361568579483
0.29560689959166653 72.151224384230602
0.32082792875902755 68.513225592958179
0.39039761383427657 63.51821076432141
0.29347725740900016 71.096015086499975
0.28533452717084562 71.635740280948824
0.30670573661436207 69.888473857221484
0.31560432846596825 68.030833680623672
0.28496632749754536 71.818615026366771
0.44126944965947901 61.75414721898462
0.31521419959225183 69.024934114802235
0.31895337702426618 68.299615776230027
0.21506855417978143 79.356417991710956
0.34895443725421837 67.328213611048454
0.39405207403485398 63.417566301317862
0.31096890904770474 69.540273294793593
0.3250395489636641 69.745036998168999
0.33184418271482058 68.851715958849624
0.30914864312372731 69.081063558312337
0.26335809412764283 73.81714893391738
0.27196985556440534 72.291418957625666
0.32125308699556304 70.151385853537789
0.30331432899893312 70.314735667583435
0.25231001709325684 75.219497049755716
0.31187620052018417 70.379277134140608
0.30983226463685032 71.346859230399915
0.32260731565668627 68.951021782222696
0.29099585875034106 71.881024949139828
0.31863224335184681 70.320969221922965
0.37374207641715979 65.623102530456038
0.31156753237922163 68.015139676281223
0.28857471256780082 70.951436063440198
0.27050600311238227 73.194315147005412
0.29377284211395854 70.940883363712814
0.30851433478774931 69.859342615175578
0.31371498841084428 68.286157792227513
0.34213296946261629 66.54044991696945
0.26859141902882316 73.402306807146104
0.24621525726679652 74.723181103831294
0.35816787471088996 65.775733845821065
0.38466989279784886 64.692932828912916
0.33357593028834909 67.725833897188693
0.25979597618179712 75.001614661573115
0.29435112278955516 71.383358455619941
0.24239326627999394 75.956947288392229
0.31596851616873839 69.36667661931358
0.30949102475392415 71.122104196358848
0.37203706099125938 65.444691313085045
0.294942912716598 71.466363428789492
0.32651177622344657 68.997404605166906
0.30142591765129018 71.010252342879411
0.28268677371932749 71.433445442688992
0.36201998618928444 66.110413207505871
0.28872400670407816 71.407319511522843
0.35611648156933295 66.883761557482359
0.31270651156236429 70.474769101833843
0.31225062004413701 69.085837325886587
0.23921092532361948 75.788665853305972
0.26139051709651673 72.60027348330685
0.26946217158337993 73.230020404894034
0.28601904923002125 71.0