# Omage H0
0.31471785040900596 67.411872501982359
0.29997468274816136 67.618259345665763
0.29434083891383955 70.874105780548405
0.32368966599850552 67.308968830755845
0.32456831872863445 66.973017029239401
0.22874253369531317 79.111919679779689
0.27371210754163638 73.636862806954312
0.29330437393993469 70.994333082209863
0.27138887985203947 74.080318936182806
0.25966347866093503 74.017302639897565
0.26686246278406395 73.396116458056468
0.25628752753739031 74.820844882249261
0.29181135789366841 70.43692351910758
0.27684793169094629 73.043641391827578
0.27010210846460536 71.920897597058655
0.24094795956792245 75.102021131002445
0.23470641402623441 77.504609832054342
0.29839732847409073 70.044558466374767
0.30874173414148504 69.150361269828792
0.31350181241250535 69.159845432644516
0.27279929000720626 72.545392539591319
0.25183903832978771 77.462473782624073
0.3261663083572453 68.076176799012273
0.23618575341404754 77.029764704264352
0.34679524362096681 66.860519845360201
0.33531431470455553 67.910107300738531
0.19972075132956946 81.625167220266462
0.24346596338056459 75.32483174912673
0.38378438217591787 63.494511220985203
0.27562868659055523 72.184805932819813
0.3722188896677982 65.206933186638736
0.23638654457983155 76.708317409662556
0.34237033976587833 67.09343133034244
0.24466478252420504 74.059726608009939
0.25682987860469708 73.042355558909307
0.27013268854173317 71.815252654744256
0.24485230682341333 75.037786295561972
0.32833260137403875 67.435919673074167
0.28636979289448822 71.944932276744737
0.23544169146677651 78.741970939020902
0.3422462448242044 66.6640062500434
0.33507892235562109 67.884856512596713
0.34167236642681881 66.969044250482568
0.30320764056037769 70.49368995189829
0.21612789671641061 79.570295306512136
0.27969462603520923 72.036890497526699
0.32573116765782989 70.335873946501295
0.32274291614255696 68.486696080543979
0.29472772164612032 70.118484177578736
0.27511237393221777 71.963949947721872
0.27749204152363505 71.361093895515026
0.25624707423925164 75.238293336144935
0.24148048865400171 77.390801406384952
0.28006883691146389 69.753476445645859
0.29484778995555982 69.652245210785168
0.25181996761783665 74.973121433890583
0.34660592354813369 66.529670922099868
0.23632696508763482 75.984622768631525
0.34671313404243764 66.61877179095903
0.30709766981546655 69.896322261599877
0.29357576898402638 72.279762192808391
0.28567560546160531 70.206415486149112
0.28455759383368295 70.328795139629264
0.26515411021726659 72.706152209352737
0.29207875291733437 71.429843532767521
0.31306235474088967 71.991638089759576
0.36387482989484221 65.298759126653678
0.31799046828655309 69.374569190821148
0.3036035091621696 68.581590581830639
0.28017905593898801 72.049543806362266
0.29834143149919906 72.63394295883144
0.33482949765457709 67.989887512132327
0.27021811776309462 72.869160275792638
0.26346510531381739 72.712973046418313
0.27637026250277064 71.995771544506496
0.26280757404236393 74.8011571189883
0.24677618528247527 76.989218738465141
0.24038021007239863 75.601440672879718
0.28762474883324252 70.923268327878858
0.32308175923089144 70.328065823075008
0.36033132509491234 66.879350116430146
0.26895401544877923 74.895020692934409
0.30994492919009964 69.101579988611078
0.28433907937632968 70.853922400515557
0.39841624108564122 62.525868290135413
0.34973528086024275 66.678516056208878
0.24429434737911634 73.544688169320395
0.28245144016583201 69.966646662414874
0.24824785367190741 74.045426439435232
0.33004484855587235 67.034440719594627
0.22077914223125431 78.195535632158652
0.3412736323087448 67.483616979058979
0.28602540792004028 70.591571758719425
0.24356385836983765 76.724344763089292
0.25649426979505519 76.395195103289254
0.25528908323521571 74.902457099039211
0.33518135799648663 68.309213467106261
0.34965505051484297 66.945182696397865
0.20214342438415583 80.356036975357966
0.20052545624976184 81.173219389292527
0.38876250652513322 64.985766719018713
0.26954738372812048 74.52710415162791
0.27420239029630972 71.904559983007928
0.28005475266947233 73.034384005783039
0.21020342305426637 80.487115977827031
0.26872847792005095 74.296271185189369
0.29054244711242821 70.534057583494487
0.216236636507878 78.810307645792861
0.35397846964429019 66.529515334648337
0.23116171271489316 75.373870196495787
0.31006183541934546 69.537454013675401
0.28227576775901714 73.681022572643229
0.26835790467052389 73.771124835462146
0.3040840312337813 70.588025987985816
0.3609267290664796 65.790781123934238
0.31487302947881984 68.718972170730453
0.25934153225516715 73.715301525127913
0.28587964646841879 71.946206485198545
0.24222041398841604 76.454179199902015
0.2593415103040026 73.785959632296411
0.29594852995265269 71.924629528447952
0.32645407459675746 66.676823597241849
0.28395387622653245 70.715158532497668
0.3253817381675182 70.355971996639695
0.33953204784665275 66.615678164802148
0.32812977589560649 69.713638615676203
0.29495704005378898 71.982347301419011
0.26881174006708963 72.107933224632447
0.24116887046546207 75.924848035258123
0.2547613156015085 73.467974298570624
0.25285781210384151 74.912722716364499
0.29096012445597469 70.46863193677342
0.33693108998229493 64.449976815893336
0.35773557592510863 65.686693408240572
0.354682857754542 67.192782142733492
0.26603604102365008 72.831650230598711
0.33207751646820605 66.402615238701287
0.32902573853896344 67.628743308079166
0.33561595846135966 66.589420135227329
0.2866551100127363 71.060439469283523
0.20849414675345462 80.049444271090763
0.33183131769766583 66.658495980768137
0.26357403965193937 74.705482500555419
0.35750366546228923 64.555695040027359
0.33873812606301235 67.199049778679125
0.23048716357525378 79.074511223912424
0.26974651502933444 71.466965687080588
0.32280909403773456 68.72720787662918
0.25794979044680583 72.8390928523566
0.23212913428426227 75.908451130745561
0.38170500048866962 63.873617852651869
0.25029807068316279 74.803416676835738
0.23241511658827407 78.408918940454654
0.30013264380347787 68.532964143297917
0.26710293373803978 71.955525779336057
0.35362780604436106 68.776929646223238
0.34860272452123037 68.546692826831062
0.27794197182173508 71.26245066655602
0.31161114271959456 69.90190121242604
0.2523836610028542 74.268378585300184
0.19540282308567825 81.694072752984383
0.23988503637478897 74.954219103066379
0.33521454293063885 66.578127576466258
0.34164725495978254 66.686834207321226
0.28251289792570594 72.564501428235104
0.28519552397878956 70.65193455751033
0.33037766603768332 68.0160490072427
0.28340331470331281 72.023247435101283
0.31493782460312542 67.242354015384649
0.30014505829706906 68.359104548084105
0.29371447453140925 70.12410852357452
0.31573459731889658 70.597561648336082
0.28193170161043202 74.278393160431534
0.33891059847829313 67.130887465815576
0.25985664280044934 74.971433786185031
0.32187680496887766 68.756372951754358
0.41000552077575542 63.176074421093467
0.29855666779832463 70.507079586836596
0.40757108649715934 61.435986842786789
0.3034815869095086 70.281079847424351
0.34113310408797615 67.330534197636368
0.36936909973085952 65.58446551961994
0.33682699533438309 69.39882311538571
0.28626395421211098 71.858268045667828
0.2938961509115956 71.143853206150467
0.30506086125575471 69.293238082300576
0.33927024220182639 66.261051600394424
0.32762998293495721 67.761501755185904
0.34175569355987567 66.846873366710568
0.30957002942905071 70.830898766229296
0.25373414023506075 75.160330683715557
0.26756011182257849 76.507341350538226
0.32569464769697803 67.779135152686507
0.32457428233036895 69.437394402942758
0.29291001617946671 70.817139809527347
0.2497350772513518 76.686640017845889
0.29016629526297927 70.911070073708871
0.27310032260888895 71.693256863672318
0.35171667896428183 64.596123900263876
0.23547371209911455 73.729800900138258
0.32587321761233967 69.915135438141931
0.27282557895626747 72.210308392614422
0.3360819068050489 68.057464150273987
0.34947538507533249 66.055594845443906
0.32251237145739825 66.348079317488995
0.3030563990944089 68.427965396151762
0.31988260593498552 67.855470082232713
0.26893021947161805 72.161358393451934
0.23641801991619135 77.153254387001979
0.25991542810308771 72.232682287903984
0.2989743606029957 73.195954502818324
0.34076059230725131 65.200110640859293
0.26376731148410054 73.844172818701537
0.32323466884587393 68.87085383540753
0.26449077092606643 72.016568101488801
0.32413473500196244 69.598825592167017
0.2672930725209664 72.786714981853933
0.32905020454500944 67.183585444821702
0.31314538431682853 68.809260824382022
0.3191912605550461 70.194603444421162
0.27692654406574552 73.657939444668699
0.29492729570564169 69.752324797621768
0.27833736743026533 71.452968565176064
0.21752379029420912 77.338956711862451
0.31865346013581741 67.581308508176988
0.25475047294919784 75.193067188636363
0.29540988627512615 70.634401713921989
0.23129291538772123 76.941494082765459
0.28339448216481244 72.554061685932453
0.30651251930225526 69.611627949968323
0.35780860622040456 65.033189021058462
0.2985733353630714 69.160022242022919
0.32085073273918668 69.780424062762691
0.3998066165055571 63.560993082032461
0.29411052188425946 70.860614878447819
0.30008159030187914 70.70909885399773
0.33483354505933188 67.964371785866206
0.30685828433164936 69.219641313632195
0.24963365134350102 73.345625577029381
0.25337482078663587 74.750019827973674
0.35094391757286669 65.840244461308018
0.29822373919308515 70.223490093092863
0.42411693481885759 60.142201203626357
0.25624459496671081 74.278814677880533
0.26678891364048007 72.051906748958174
0.27929666858653868 72.873001080163007
0.27544580887508813 70.739352685435961
0.29913398015744092 69.766626814519469
0.33471709170742736 67.458644631026672
0.30804333916467597 69.726922827322738
0.32839096985888028 67.731791656717377
0.27087734507760519 72.295058847143451
0.24350624436971394 76.468362634395092
0.26789182994205113 72.348464151561728
0.30418060607106229 71.299437747668605
0.24436972797945647 73.723048311457973
0.26153874645801617 74.121158567841803
0.24511647701820583 76.432028105240988
0.33131293559138225 69.000044765213261
0.31131662456821985 69.402161599179976
0.22356110580421715 78.223915579927208
0.36687890164403925 65.272997128605809
0.24688039934851508 75.729423647607916
0.33239366430564038 68.73764668389137
0.26728051965231503 72.418587374178102
0.34367418507042224 67.673333558032525
0.24226321350571173 71.757853880113942
0.27147775074319597 72.037647935834187
0.25283776882883791 74.42758238374897
0.27312125965414591 73.260554818106726
0.31454468234650584 70.373364377681611
0.24149199688237671 76.690311170988551
0.26613472519043702 74.420968363570509
0.16812256601329501 86.480979007322887
0.30853940779714834 70.172011543372363
0.38430166212729772 65.556021388993855
0.22468533601548646 78.006348039316421
0.33035811790071223 69.023855490440056
0.22427502061778004 77.331259281992828
0.282745829497144 71.236031796887687
0.27971381364007147 70.79641022724644
0.2816329509824716 69.725172645929163
0.30183748995920828 71.238676014838376
0.28192304525972062 71.815355401207299
0.24392731685873145 75.48588942403515
0.29385488867904141 70.353030208588763
0.29620212904198867 71.413168730299802
0.32301249519387826 66.748833550150323
0.33631967795190659 67.342154425434146
0.34386068510568513 64.978522971308777
0.36758687993196704 65.274710965626099
0.29413765930841634 69.414190342818316
0.37321539004929505 63.94723973401701
0.28490859921071227 72.40830960060967
0.31599977383311012 69.347925319776607
0.27031240746703739 75.637387733969888
0.32435677338506219 68.681538246150367
0.33526697104267328 69.020055836176226
0.28695986449643235 71.865370577397726
0.28052645931183107 71.899573179352871
0.28439631765019335 69.839686200312627
0.33913396052141498 67.317327468913248
0.33754200811164375 67.346173580108925
0.27831134084032949 70.458011603327421
0.31023001067521927 70.083917168549078
0.23704892640126696 75.297601261140358
0.26643919573903713 72.286434365467841
0.23558228140766119 76.453804102278681
0.27465952187914378 70.521282056881418
0.35244363196280737 66.879398987585446
0.26410231557037833 73.623079888135138
0.2323596331392723 74.162200479172625
0.33373880831364805 69.784680634887309
0.30918214062099392 70.68774454629127
0.27418182520804918 73.440518481417655
0.27355767584652796 74.726160731005265
0.2631705312752069 73.125027321769934
0.28570491615591259 69.803525428519009
0.33281185995989626 67.483157708597602
0.34357603474868625 68.159551733210222
0.39474497402459091 62.814623847151161
0.25535528023596649 74.916458208476215
0.22225430550237424 78.411114550726253
0.32703342598773749 68.398780771665429
0.21088018815981857 81.776183645968672
0.30284742164532275 70.29909405267081
0.17663705439119798 84.251863130762047
0.24187083427386732 75.638834170953174
0.28133732320001992 73.330448900223487
0.25592627975799992 73.85238830606697
0.38381048712576277 62.720624532513469
0.35828076210598514 64.697426089975153
0.25712769959158471 72.460568361215479
0.31438401399065097 68.197671280814887
0.28783704479628452 72.018265589349525
0.26550161576102943 70.908902803883109
0.23328068523384801 78.707718616002083
0.18024899018191037 85.29285018444142
0.3116689985495229 68.442682731801526
0.31653850015318807 69.504774502760085
0.2744064685946927 72.347705934020482
0.32935618413855672 68.29615480986881
0.26776517642810693 73.325872084108681
0.33857659140648649 66.999239642946762
0.30722869464806501 69.919721353812164
0.28908021575984671 71.812551655687557
0.31348874169042384 69.583942846231452
0.31429872301653222 68.48468260723304
0.29592508028202014 70.892803615196698
0.25399952390293989 75.421928849844946
0.21469302179297475 79.017687408543793
0.30945536103712878 70.583211805568112
0.27670708528675664 72.507503931890454
0.32310372911809004 68.577673686328922
0.43324144093682077 61.994799299621064
0.24305049448539723 75.907417245299868
0.31582283510254983 67.222102680635146
0.30418119994375092 69.198634361206274
0.32623464176948203 68.393906143568444
0.30548216263674494 69.304545005000108
0.32382443246080389 67.541022753965933
0.28113479657480489 72.430581682965936
0.35960280890721713 64.372890031617032
0.33675176946901203 66.292380765345044
0.29377188727206777 71.044172277322076
0.30230702446564989 70.287961443507911
0.25700966071173581 73.487818450514027
0.27534366129132481 74.6498971796901
0.24731453458852265 75.864670910139864
0.26282648817821463 74.691214300649833
0.24237102616238754 76.807061630496051
0.25654932310909873 72.739026050056779
0.2692813414693232 73.953287077436741
0.30914220574044865 70.646703650935009
0.29879442692364899 69.172978271546143
0.33498155766144078 68.36975626684962
0.28509321145380512 72.431971978386002
0.28576611664833224 71.096420584066763
0.29925512881722977 69.387416372140834
0.30486217976541002 70.282997046478883
0.3216326375029116 67.709587823095134
0.28845987570528586 71.09485308742903
0.18035001856947697 84.536255171189012
0.23508166957483737 76.60052336745224
0.280312959901309 73.534058629910291
0.25693667425356409 75.662994270501784
0.28790625662008079 70.184434084924987
0.35759873667568925 65.447006278619796
0.29349384497721881 68.31431749761019
0.27211522017032624 74.142753623525451
0.30407806636867879 69.841666798105535
0.28103625485082678 70.026581349474682
0.29273237504252747 69.305195136967583
0.29121126061570124 71.017683241925866
0.36893614608951331 64.89021386116346
0.29190681598574508 71.029264026036586
0.41938932657437267 62.326583377414892
0.3059364663504695 68.647619492522566
0.30263333449168861 71.274361593118726
0.29438274648036966 71.694769861454446
0.29554265688498937 70.197177022847995
0.31273506973503745 68.051182020091758
0.31812950354064484 70.42111350651102
0.37288124516451704 63.961905292665655
0.290940819813712 69.266898394156897
0.24626863929840445 74.495036136635974
0.32355188491615755 67.156981002043423
0.33008473683800638 66.353916948789305
0.27589641211952903 75.029535091571717
0.31413919805935642 67.501160955193143
0.32215115334740546 67.998313327698028
0.30467614642103352 68.871157548949284
0.26025498956711973 74.552501911551417
0.31837852345164508 64.279621097497071
0.26739081895561068 72.836018956224194
0.4533069350563429 61.587198112207759
0.38752969236856472 64.836414160276206
0.25132510936583657 74.239563444327317
0.24419958729150265 76.269154959468125
0.2655639093127925 73.601005305735228
0.36236879070652739 66.800594868057274
0.28254156715145939 71.31665742837184
0.26847553508929328 72.631162843556325
0.31627224001386256 68.835352147554573
0.25937886775303043 73.544390551544581
0.25555557198701823 74.274499501093004
0.27590923343651147 70.042268878968272
0.24192167935709918 75.770642277782784
0.26339073163334009 72.228261312225655
0.27996823357373352 73.095049625955767
0.37265638840282173 64.299787719975413
0.26345211514394962 73.758875049995424
0.3873681015320497 64.232677876660944
0.27028800815125381 74.481606628271138
0.20203795848895209 81.043940805174373
0.31833361760873541 68.152963010957578
0.20630056691669527 82.011449798996793
0.40265227043173984 63.068345451704609
0.33473828427566382 68.222083337835031
0.30150565346058628 70.834282199671947
0.26653840516522082 74.425733383735547
0.27873496255788333 72.157493377067638
0.21771074293109655 80.087592385623779
0.24858567587031088 74.002269723992583
0.32180974704742915 70.430127033866725
0.31310947738086981 71.146368689561626
0.25593070342864904 73.771731449585587
0.29879636254473102 67.9965892841401
0.31569382843008897 67.75839502183743
0.2838308105342503 72.623908292421959
0.30812174754849531 68.261617084635645
0.32360882224149168 69.388402423970263
0.30607333731226316 67.906275730137878
0.31380784722213917 69.282833714964354
0.27754984346109984 72.796668853710059
0.28592486723349758 71.456656933642833
0.2555942060272513 74.917205512865465
0.31285631754931542 67.63005506732209
0.33494572448941479 67.545199542166785
0.29137576744375415 71.170515230306734
0.27947787389294398 72.661800614017125
0.24468808062778177 76.479630340550486
0.25900318520654875 73.820553393037656
0.35137606705243701 66.068372196752208
0.33311468165338459 66.478535249486711
0.2603995305701361 74.111853968295108
0.26832666186990684 73.421658511651273
0.24687945153604554 75.043785949919325
0.24912020146953912 75.735666555723427
0.3060002038616797 71.152724151766719
0.23603816739437078 77.378517911694999
0.29946178851317229 70.21606080901779
0.32600627935751592 68.013230209274326
0.23544136439903227 78.171294053492105
0.30370317081411513 71.470143543218526
0.29125980524101902 69.903919079414322
0.23245721929919627 77.214456594729725
0.27091343469798951 71.919180470345566
0.25937771333691334 73.060281305286239
0.27312454761035032 74.082844411089042
0.26395791646954875 73.342859066208732
0.28871668343058676 69.550577094758125
0.24637386356560897 74.29033052077429
0.38664116486156924 64.557225420118101
0.32765988045381095 68.913775234771975
0.2230418440116988 76.848074284183582
0.35662168889222973 65.239429983411512
0.2816219787392793 70.846371107128633
0.27868356607183326 73.313905467064146
0.28665776543386456 71.741935201033129
0.32489809566601435 68.057269232032994
0.30949046681348297 68.372486209203373
0.19657665801074437 82.579135784981062
0.2457450638566053 75.008667597899915
0.33663000828435991 65.669542460221919
0.18726782301438644 82.794786279381185
0.39812151037789151 65.15674575995682
0.33543486048806886 67.137183118239733
0.29894863073728339 70.971533089834537
0.30261443994035842 72.237921285840983
0.29767852420344693 70.593781615573945
0.18675211307527265 80.572147507863761
0.36979181288676216 65.432816012579934
0.25194656575531749 73.510283653784867
0.28587697791580968 72.253988502265969
0.31358568937733261 69.108214920529491
0.35038940249416461 65.937498725626739
0.38980124373106956 63.861005723298383
0.39473744782600034 63.457326323848655
0.25895559437402943 74.221821118883113
0.23947808777132717 76.702377122868143
0.35951338354390439 64.703321212642564
0.24311915801612546 75.054674330919767
0.28253718426539437 71.898818299794684
0.29315023884855229 70.892176059270341
0.33325070479554209 67.290393737409076
0.32024158028853106 69.099382559608642
0.23642235244815252 76.582726022621799
0.30551468527748787 68.60032893601084
0.28294950521896184 71.042296026083477
0.40096864040982733 62.965997360287055
0.33425100900697435 67.832172142276889
0.40446962080160065 63.446128567962333
0.3184288223970041 71.140515898925429
0.32517403700503189 67.217546587636122
0.37379476361672109 64.751582445740837
0.3258826653780566 68.044484287157061
0.28657685437749197 71.590145252648739
0.24734716226292602 72.799478282351558
0.31380183148801338 67.834443619867784
0.35455235140952346 66.339032502068477
0.32736238860506645 67.247670183963621
0.2457838515444247 72.800563956482293
0.29100154079671414 71.722786217845311
0.32903666689230143 68.553558505556396
0.30423424654957221 69.910616330641417
0.28229999650435295 71.341082194079434
0.28667080557152042 71.526954185021197
0.31899701624744348 69.56164430693704
0.2991706198550379 70.291074060151942
0.28802679955193605 72.546741197891265
0.36389743257926521 66.078690671383782
0.28829253454604925 71.795427391529444
0.3083005546400962 68.010590024982633
0.30795338796897703 69.148255045773709
0.25926333477039898 74.099594294845659
0.39660580346339935 63.422664830402319
0.24375930429463172 75.073096977333392
0.27102426893904147 72.644985626161073
0.23805093968033464 74.894663514752992
0.28606290279681423 70.071021972896474
0.33204813960606538 66.769799243584288
0.24877529946382462 74.715070679747555
0.28188777713694441 71.925988055033855
0.27384720321741463 73.486840093826601
0.29366827418517943 70.762410932150615
0.34599670773964741 65.225148727348611
0.29642338546285379 68.254311622287304
0.43032892503603759 60.973867694893691
0.45942772974069368 61.30989399934893
0.24432462586925344 73.980086275030388
0.33238673632583804 64.722525828443239
0.26709341928272362 73.478886190155947
0.30600469530196533 70.094754604575769
0.25518226489258361 74.59703263340424
0.31767489957761935 68.46607343854167
0.35540571317129832 66.124698813218046
0.36741364089323253 64.222723812616508
0.42232800070207444 60.664840683663613
0.28055029036292273 70.917279316203647
0.36268762294388346 65.603542763867296
0.30230991894264353 70.251673194596393
0.27494695780624123 73.8398329534281
0.23546008521324396 76.84658426154931
0.24545205060290129 75.776703314231654
0.23867763688397939 76.988453256400447
0.29680360160086638 72.402104569368632
0.27133130627254987 74.194037885494936
0.32308328986216289 66.819878600947362
0.29575022567662018 70.340022581468403
0.27512244784094048 72.975899468003846
0.36380899595747879 65.330333811940733
0.33905758386039075 65.17455692996856
0.33077990358425785 68.245985655130426
0.23718737501366449 77.345781042908399
0.28672243909672795 70.105279922326787
0.2272953525542506 79.60813207855729
0.23868742820242919 76.685878508297904
0.23127912125634911 75.422684492682933
0.33054066434010404 68.157834062974857
0.24921927507829883 74.703395552233914
0.26675427500696186 74.499124918850654
0.27983216876113726 68.818980292355732
0.3437789557806637 66.635016598003986
0.3981006660978425 63.333342468914459
0.34480236236278466 66.632710851621084
0.33174534380614523 67.051445723870444
0.34418874760328133 66.401947475909026
0.23056507528051232 77.062097373611707
0.29101516520708459 71.509380773571294
0.2872564726014239 73.98829088883079
0.29160507038365452 68.714581636592825
0.17357817767982728 85.120910694507714
0.25114121580925264 75.00616539282565
0.27328275409737646 71.447419026440244
0.29549718789564677 69.837422905176808
0.22465627321358878 78.3616432962164
0.34758664219902102 67.445012283121528
0.32421323241385952 68.376413605072486
0.29568415994608527 72.748701788988001
0.35649655728719465 66.108600810916698
0.36368576319238022 67.249727120698424
0.28485883700167336 69.879077288886108
0.27395938687341642 70.8677422117525
0.40554744924788422 63.704659035078123
0.29316853543648491 70.148105137296653
0.27777537645698486 74.288867963638168
0.28425573508994506 72.283443984508821
0.35676465585458184 67.87279932950311
0.23657508451700912 74.895416988797749
0.32606594582648157 69.425276336364107
0.3220296420608213 66.310163741447553
0.32418917184128149 69.601666404783614
0.22909271580203158 76.678838843088144
0.26764341520409207 72.288696867333456
0.29076587347616728 71.567459682725627
0.27322374269999988 73.645829405732854
0.28792085406543078 72.179573189633743
0.29353487543656109 71.827950909084691
0.39246296244690393 64.738066826941548
0.31868210431782146 68.290772202425018
0.30452281816347621 70.632684031725887
0.32366487352359963 69.54286508227743
0.28369118775759261 72.90105131458003
0.27998580257286343 71.451354620587793
0.27017855565857329 71.404810562559504
0.26748208614515584 75.404851838883857
0.36446477457673704 64.633317400146538
0.24675003463359838 76.117468029681234
0.33228652234164102 67.975672381163989
0.24485607531101888 77.295217152147174
0.24022096165609821 76.081928340640118
0.29843702121122467 70.846094929401104
0.29998702623824791 69.999992967493625
0.24714127010180628 77.874291822009823
0.22162226652449535 79.553281975087629
0.20916217013321528 76.42510234274782
0.26977760933782274 72.649224276907219
0.27893361280198559 73.681042944498046
0.37153495956174482 67.006691316000541
0.32945275253998457 68.435576718222961
0.26174578100837387 74.385232552715095
0.40815139306038573 63.178069922409172
0.27496076257875657 73.065800014132392
0.2679425296463912 74.249364468770338
0.27458001673521715 71.207877990496613
0.349809233126469 65.677353454173812
0.25257508511557775 74.20518359540516
0.31742250111373765 69.685490031041127
0.18501460020506791 82.775792801267983
0.30455296080671446 69.644594954986289
0.32670944143336145 69.638599297654167
0.24107047709247562 75.80253141977937
0.33294846795406291 69.046964692194891
0.33944609822686045 67.332692543739313
0.31843392959140626 68.520535532200995
0.25941687539649683 71.985544606249178
0.30229491735912445 68.684877136524022
0.30389816202336983 69.098375335126178
0.26076819363116266 74.168365362140193
0.26182595711470574 72.775847034192594
0.27403258822786625 73.764490509386405
0.27330713528306233 71.448195438141809
0.34512862292286278 66.104965321337275
0.27714177379062577 70.040614867615105
0.26617905263467811 73.492767088545335
0.36103417205365995 66.725406965380799
0.2331287143761552 78.769145073429925
0.32839003304002584 66.351853812355785
0.29714653832033633 69.215277745831344
0.25722076763317231 71.485233817143353
0.27725485851599135 70.267049456219326
0.26042731043818823 72.083809513399117
0.32502151791828965 67.103460798876256
0.30269742395662014 70.421806564192991
0.28080948677878809 72.018304469719553
0.26655082443134875 73.193726213822757
0.2856472211003423 71.125779139918421
0.29812009309273241 71.043224603301383
0.25602540970484461 74.263317071784641
0.29294818452643995 70.87424153863779
0.28626138478962149 70.778443098161702
0.2805367695136326 71.974808967041625
0.40394416591566384 62.222123789094809
0.2709489457270986 74.446880602542279
0.3587226733759426 63.908205425958514
0.2968944780600663 69.646253861430367
0.27226714230272281 72.788291858212247
0.22974301044474796 79.84281683083374
0.27437444664213878 72.737666528956666
0.28130105723718152 71.966951591309737
0.31484666668935307 69.864737637164779
0.41350638132476664 60.74824486203557
0.23618390334829076 74.680696576331044
0.32506854406499075 68.655281864739024
0.3395431030250175 67.890123906074294
0.3636772094951628 65.026435490498343
0.31819121964433961 67.751800979758997
0.30522653303319824 69.257723298960769
0.3463614414738091 64.854686661196141
0.28423178334295968 71.037503869873362
0.304112148944993 70.253236600593141
0.23079323575907132 75.995309995552986
0.36675847072445439 65.041434923618198
0.33828244191247414 67.217871417371839
0.24846544643378235 75.701521885690667
0.23874526159133808 75.199572881055644
0.35058194962251604 66.738455688920752
0.2423330183249984 75.632262731405291
0.26707650031414165 72.139819354282807
0.26568487420554793 74.861535034610284
0.25655617804923431 71.331787906712648
0.35685062545356144 66.795738118670812
0.29619848460483794 71.379041964062466
0.26385162313782667 73.940614690771909
0.29882548002562243 69.21777260363497
0.30758772163373188 70.464808766150497
0.35469637932587 66.993431368977824
0.28046560331674736 72.399859241186476
0.25963795643836129 71.462074802425605
0.22429523911047031 77.546021916788305
0.39102279760984571 63.11991994523801
0.33823321650325144 66.246106964050014
0.3570883497962018 65.890965137675508
0.32101933401276089 68.157140047363001
0.27985253339977845 72.150384414286805
0.2989389659273371 70.824710342829874
0.2739109506343983 73.099200106183829
0.35594611112999419 67.523913290907416
0.21603001659517465 77.63465634719833
0.30839707030047353 69.842548928691215
0.30111683699016806 69.700284750522357
0.29271400433205497 70.703863925452424
0.27749765164728174 71.701825430078529
0.28502004626993155 70.855218846181543
0.2501373634166521 75.151608097460141
0.28082561922726695 72.772667961844576
0.29312919200909221 72.136645063222602
0.23411191435683734 77.469867391056255
0.21712181632057939 81.622900623922149
0.2479388725709159 76.445362622193329
0.26733174311428054 72.435417721454712
0.26622814379166493 72.265906081356789
0.28343784584954379 70.241520646191333
0.24929914798419722 75.747796728512995
0.29116544801936484 71.794958360655272
0.309939117589415 68.705938880500455
0.23582682887165418 76.089635946901666
0.28205181770244309 71.962502021641853
0.26180859101451309 74.062416879770296
0.20301344829862347 83.307847727045143
0.30761162067772374 68.20009927089562
0.28419828052410279 72.423314522799672
0.25139686294494729 74.606287277971873
0.30503287197449919 68.843051013529603
0.30651904747841208 69.47512424486041
0.30229525459705775 72.773935517066619
0.24160275280702304 75.980607625614539
0.23940695732223896 74.523429525177121
0.24533139974792592 74.454763916989876
0.29292332887475886 72.408707995768054
0.33168166620318151 68.364840318408795
0.31817186808827075 70.400312322339246
0.31010093649181231 69.439136440573122
0.31080714021709804 70.335893185204142
0.2645622175868011 73.133136858357616
0.28259535475737202 73.657723740722844
0.30915445191876878 71.121741356435038
0.27221020680092328 71.75807986187651
0.34605312079742045 65.678858861977346
0.34337100212184446 65.510118802418717
0.23462234944513799 75.918588014619715
0.28695316458309766 71.038163029157204
0.35444670626196179 66.653683608592772
0.26886433965788858 73.765181544333601
0.26664770206393262 74.569551181294699
0.2709030843456951 73.029384272930329
0.25646153317832371 75.436759438767652
0.25954976743819413 74.05803987868353
0.35921216415647111 64.900946521148256
0.28183636445602811 71.600471679596595
0.27000973770646686 72.355735538772379
0.33074538331358183 66.871281473366381
0.28427167111299834 72.7248292721534
0.29387191126256046 70.379645095629684
0.32986363410989117 66.670352684057931
0.20465957679589017 80.943620433522668
0.27382594867993493 71.759121386478071
0.28928562937319346 73.311744561984327
0.31520648501348275 68.986722137867332
0.26087279266141095 74.531602032179293
0.34504174519581293 66.30664132733061
0.28718649293187648 71.325389170045696
0.25356127760004282 75.386472066040028
0.26983248533152215 74.307237882126088
0.32558295509906221 67.841126741422102
0.27298776741055103 72.1031765732791
0.34928706745823868 65.948769698420833
0.27890171211877313 72.102058790767373
0.24348398610258093 74.576244772867497
0.27522013977602644 74.280756093330595
0.2669651990916051 74.560876208052406
0.26829407241978981 72.459951550691926
0.25849055973151613 75.596574740009004
0.34769707352766294 65.666255656402129
0.2363254343719339 75.050361081287008
0.36264200483319436 64.90114119632517
0.27050955176362096 73.394229825971479
0.33796574513739819 69.132528236593416
0.35021413746261526 64.693452413509121
0.28837611977326283 70.741023117117379
0.3156583840946045 69.337537282763137
0.31023195020835426 71.349302511092915
0.27707582046496071 74.293368561587656
0.25070942349885667 73.33310495450425
0.25952523356559792 72.894964847994515
0.30730991870780539 68.259572345475434
0.39018830950689032 62.856225876411422
0.31856812669749596 67.164088199528834
0.25272300331030323 75.064814636594662
0.34246186724179251 66.798335747640294
0.21589324714994632 79.32517155443513
0.32002266374890448 69.026017995225573
0.27712919910214856 71.645951703568812
0.2448208606968495 77.338449080690637
0.3392603207798402 67.332351592012301
0.32287581295805617 68.241919133263764
0.23293847236896578 76.688430696648609
0.31618020678194542 70.906986688573596
0.36698569189072927 64.884129348396499
0.35066450446323677 66.467980004938042
0.24121743231267559 77.442999637233285
0.28560298095782749 70.995427825166104
0.23688394155854112 76.061688783375388
0.25862393087465663 73.364376324774426
0.25377989998433814 72.977263320427355
0.25343450039092613 74.225939662063453
0.28806278568264626 71.249012594768161
0.29686430335990127 70.67363427864538
0.26778760244498395 74.223719738782364
0.30019561164944952 70.716400036954894
0.37413416985866388 64.672376531614532
0.2575155140729512 72.944293562847037
0.24549648727174539 73.612485408263737
0.359342471296487 66.456844567717965
0.24343562037671823 75.655401889187956
0.26072139458204385 75.165088781414809
0.33862692443143483 68.143291937544049
0.31259378618403938 70.199422691107586
0.29026917159674664 70.356857641327977
0.35971703948489347 67.007129390192247
0.23676405059777764 74.339717017153447
0.34817700166725346 66.569911063648988
0.21427486455367276 78.102992677409517
0.3342546968877339 68.191448368371127
0.20374079867249104 82.062640351198482
0.26056692770260725 73.959135590565324
0.32889690984611075 66.927121305276302
0.26468523221854073 72.76392854624153
0.35805690863865647 67.094065203569954
0.28848762591207189 70.271349872985112
0.30247140826615831 67.640328031892338
0.26568701476741557 74.432876604103697
0.23982658087641068 77.738506616747586
0.33144656248851356 67.248888632222986
0.2527107114994554 76.15786812755978
0.31599340430127199 69.067009804447792
0.34214880500462996 67.021716781956172
0.29677221061873887 69.301247036840934
0.21240166631787238 79.271811308331337
0.27397878456270247 70.33542607243723
0.27156832305314754 73.185696772656144
0.28201687276091369 72.713868768167998
0.24438118481034019 79.471767741662802
0.28009119292011936 74.081042018465098
0.29246949727674659 70.368489346318995
0.30849777273857598 68.339462137383947
0.28113680637801647 71.424920525820539
0.34199695464168239 67.490137177391517
0.3337669753044139 68.540209541294729
0.36698446043652422 64.953174384056894
0.33060730624715601 66.505722766553802
0.32025041275915844 68.476831684328715
0.32707033038526961 66.962167260246943
0.29828158750052713 69.560492992425935
0.43685015372097624 60.685546417636395
0.34867055516347856 67.074304891776478
0.32296943596025934 67.78106802896302
0.30203853204082098 68.714814020067394
0.27433793534236989 73.05511242331265
0.36582109029837728 64.954337304769169
0.36452850652580843 66.279715130532281
0.26382686957682849 74.431881997580945
0.29065490824300311 71.71981549706166
0.39090202424128373 64.807335061781231
0.22237677490037883 77.734344537142263
0.2918416498024281 69.725278793766492
0.25100135132149931 76.086088570159035
0.30828892439916905 70.237491399781618
0.40737057887750089 61.968636483719521
0.2268633411682468 77.437773893905216
0.29703711341320505 70.632451880245938
0.29550219550005102 71.947107791789279
0.30018853896585029 70.950204615177967
0.300791280694854 70.876515121833307
0.25053957856061404 73.31175858685387
0.21797421951611132 77.919950087830998
0.24016436665104288 77.675310569900319
0.27491275709377538 72.685930878979946
0.32254731040986534 68.006911941260753
0.30952655873383667 67.200029704488188
0.40925558772998344 61.272946688963614
0.28782704111552221 70.272921325887438
0.29224118926600479 70.77622139952831
0.28986472497817872 70.931554552213242
0.23864658307432696 75.066560115198826
0.30266850004504542 70.339171967512442
0.32717767057917407 65.810970930092139
0.25690095961203291 73.74329426016655
0.27172201429964782 72.618167741205923
0.21538667890090576 81.417057246677928
0.28191692697978227 74.274928272452584
0.31695421559378811 69.307104209019641
0.29249228951345291 70.861690963040857
0.26566193537350602 74.392993636216943
0.25233575121791363 75.886726909084274
0.41998670278746575 61.197084878893719
0.31015008587783288 70.559826637379444
0.32756355562959533 66.72691701525531
0.27353408932496087 73.390100836979755
0.28878495131914861 71.090911961703668
0.2971388740346827 67.807918227541776
0.25755167127381873 74.019045213615243
0.24990252958444037 75.151367610215786
0.35639868977688172 64.773572919908901
0.29938768694591239 70.696081871941431
0.26434821883178 71.826950491244091
0.30540781093958524 70.897109172913275
0.25046697230113041 74.690893204615918
0.41256271581390225 61.910481235768387
0.363370595234076 65.621154114144574
0.25406411061776951 74.194865214287177
0.28739921851923839 72.134940919736749
0.28006590799031666 72.063044191840461
0.26801966543077715 72.878570660527842
0.41156740266347536 62.331878223595297
0.32752725366946622 68.465385039659424
0.29756703071743662 70.829172501268999
0.34427382372947923 66.038252433866745
0.36523841144913666 65.601845198215614
0.30276984649021776 70.131218292126505
0.35134610730168075 65.69149442150345
0.27632750458653221 73.27074360074198
0.31216446844202639 68.983625217976481
0.18269168078323675 83.491318702693746
0.23833211784254277 73.245283277344171
0.31282748733160298 69.989531812534238
0.25535943222273733 74.559026575831467
0.3315132035796497 66.983522218210538
0.3374753206085313 66.693425310233664
0.24469211855809678 74.681180310427422
0.27414872465068041 72.933464119583917
0.28426397487440314 70.775988522293346
0.22791969516244542 76.4290908237152
0.28493632085617776 69.616740994876238
0.28830988163556676 72.281363916786901
0.31072727754841084 67.261740037244209
0.27372800025739663 72.896910377426835
0.254389093343388 73.341021651011758
0.35144995793680917 66.10435733692384
0.32232493992039624 68.464885898842695
0.19608684024849746 82.670241811011167
0.30210863898194712 70.271284587409909
0.29430730379252451 68.748077383896955
0.27661938644388828 72.112594749336822
0.31421261620217827 68.50315289657992
0.31135299099484948 70.906447777374495
0.35192170544403939 68.105367686454315
0.27158431995341353 71.202177202173459
0.29039020613973432 69.685604505889401
0.3129414024934617 67.019139748270462
0.29787917981882467 69.38071199058048
0.33799615226995472 66.110773672569962
0.37351918986596505 65.890084881257707
0.28073039190215066 73.797875400636983
0.35148706197445539 66.490799058907456
0.2957901023996255 72.533069043920207
0.23842595582717452 76.280935182534662
0.34290679323261625 67.591490022880876
0.38479250165621998 63.860854637735493
0.27295991300260269 71.495036855155931
0.35541530750407269 65.090101924185021
0.26414069915379629 73.523524870190613
0.28483719561529852 71.74976741033889
0.22270855202681319 77.313124396504492
0.25246685210373193 75.24711722444161
0.42390117827468515 62.271169883131662
0.24443817311714294 77.026733432564953
0.21623117508539746 76.706303148169496
0.35306684193017612 67.021966218397097
0.31507399233885985 70.674275141767666
0.32148196183850131 68.196671428406461
0.20616016315560798 81.572334353362933
0.24924974859412394 74.800170182710673
0.29391428585928203 69.057243235080847
0.24619652605822265 74.975000675009909
0.36656334024589315 63.413638956763222
0.26964421008287681 72.061634606547315
0.22558924309911693 75.093270119149253
0.19834387080046773 80.809559424893138
0.25374328086047704 73.011272528234997
0.30312639524001717 70.816699359557617
0.29027591476400022 70.28374848215671
0.25732853371042147 71.497129059592467
0.26405599511051464 73.94330388029924
0.29828362756643884 70.514022247103654
0.2936123560952989 69.276303151376652
0.31559670430584308 70.0996517572502
0.37718301984187841 65.413821120074928
0.27485807235151771 72.266874820818174
0.3365249809751012 67.596486875416758
0.32666248845551626 67.259931058972242
0.28191608881288094 73.158746521031404
0.39676069165186229 62.482762395065897
0.26724478638569682 73.354208699334805
0.30487110929057704 69.404379921312668
0.34826069783110597 65.678657857563962
0.27808880165931027 72.082144132790248
0.2354700566942167 76.927968717794542
0.28406497138958986 70.228444297897042
0.3612014339007199 64.919194417668223
0.20269321298847184 78.33439856948057
0.22374395638325276 76.204268178183
0.28028815210107794 71.640077351100985
0.27552280713975735 70.638520058879976
0.27744065746038576 70.611777937534271
0.36450141269096936 63.852654854842207
0.34834885859639036 66.646149028106251
0.24480136987574055 76.98555841495012
0.3500742413146084 66.947760726855989
0.38251366751222265 63.239244941153792
0.22391468252328109 77.735967817141244
0.30208722336461058 71.483963162452
0.24109152056147859 76.939717433922212
0.28014552533620879 72.507793641318145
0.28183223184568412 71.753957684028293
0.31657725993054703 69.119405316880034
0.29697131214955053 69.060077477195065
0.32227789440436166 68.528686809375245
0.26751213318603723 73.642503541063803
0.24010908688155946 76.927115017155643
0.36273641564949316 65.761809751663463
0.33148072792506023 68.014489578560728
0.34812771956591387 67.706666778292089
0.38445663687636367 65.061520361400056
0.23020357137723366 78.508788287389407
0.23354603897379284 78.864023785251021
0.21940362618164902 77.345750775380466
0.25251739472200335 74.057856268858927
0.34968918371217506 64.134394470661107
0.36150754470392482 64.96123031567565
0.25906215510470243 72.357536222713932
0.24676672557982066 75.074000421800022
0.27402408159120273 73.051908124619729
0.32512174619737338 68.89247593584102
0.31860425112955437 69.176588404605184
0.27135897883962312 74.47273916431898
0.28546569831826379 71.630161008726219
0.3188009156636894 70.079637332316182
0.30397411077979769 69.800344142797371
0.251143165300454 74.949559000627033
0.32379911359708524 67.552191539068929
0.29267876257194803 71.226953238792646
0.3794950881706497 64.548414225988111
0.23788125147473924 76.38606877200084
0.27010300764467637 71.898419805997918
0.31185398138750847 69.542352380085532
0.31963808761749118 66.207101599293253
0.40467717637904482 62.856733127657179
0.30408457602210509 69.997190364577463
0.32091705130758491 68.803400308250673
0.37013668379226172 65.571151562733419
0.40758128954208006 62.989630048575862
0.20789673839614503 80.842064184519742
0.3576181683588423 66.058088659683563
0.28828318493074689 69.600364287358275
0.30515986453314914 69.634914462080033
0.25930292762291407 74.514918262974618
0.30190294235316917 68.894535742261752
0.26010424331213516 72.283450183598831
0.27352023375716672 72.657435837475475
0.33740052910397506 66.796886642263544
0.2383941622639478 76.153739083100319
0.27649754380934433 72.911807522461302
0.36662967277894581 64.001515566372419
0.24230683790359922 77.523464490041235
0.23689080639814397 73.407001317352325
0.25314341327118034 73.763427224633219
0.26659296314201852 74.119966248408062
0.31543832381350573 70.353848903251603
0.39956564602386774 64.211923472646276
0.26861445127998235 72.846553451232111
0.27133387287228428 73.723908562723111
0.31508321248821325 69.232412331728668
0.3168785851888794 68.000315265863946
0.23367521560578486 77.486241035284479
0.27836482450495625 70.22639169842212
0.3604079424401937 66.744634235684984
0.2521527560869245 74.260772628180064
0.26497906197625132 73.069342067411071
0.37125086431375925 65.06596588522315
0.28380404101291079 71.347893122319846
0.34419207122370482 68.309352703346207
0.45150654746596991 60.990672505141383
0.34756654436622603 67.228975632048076
0.30511945590388789 70.730236794926967
0.30516361969600131 73.181365128847844
0.29306395720422884 69.666637717048857
0.21289951238143948 77.692876392316251
0.35621595311636373 65.019706034829213
0.38704084440899478 63.636092197175358
0.22764021486146499 76.141731169917961
0.31511571515854991 68.602891003470944
0.247880982613921 75.921342522257646
0.26641947393829318 71.821831197573758
0.27295708125413654 72.394861628108259
0.30356403944409233 71.00836359498561
0.27376774000524051 73.492458444880597
0.21221897971263068 80.68004784728592
0.21983724970734897 78.145242099782038
0.27730716972630781 72.656417953537499
0.24812948157366402 75.381659381039356
0.41524788328616125 61.49803681261335
0.29208242038380755 70.805418458388715
0.30110545020024837 71.153925657951405
0.31512140641470138 69.009862780686774
0.35583993926433277 66.543462976617647
0.25734789786866646 72.2421324822581
0.32526056069141945 68.985130179501922
0.32495632307067668 68.475756206352671
0.35935209459734785 65.449712550736734
0.27053376817776631 72.304813787087653
0.31735051207248349 68.722982918826744
0.29297374899571238 69.916461770264107
0.28264524276420044 70.197258129650862
0.31337121649047694 68.535485700114833
0.25334718964534619 73.290045440099973
0.26773031224312593 73.425640126512448
0.3206580259929232 70.683475810729178
0.31287879494562676 69.600778330109875
0.28894053445503143 70.583736831596227
0.24689206106464051 77.011606084120785
0.27014180728186182 72.595214819850511
0.25583186856356244 72.839398652699586
0.19591122643162159 81.871875766582363
0.28929615824301153 72.173255840540079
0.27311017070739507 72.261913706138387
0.28349135989098007 73.570470133833751
0.30491174827368772 71.418176893787006
0.27231360273646787 73.792722754980716
0.2746235641691343 73.110511700113491
0.30785980144379427 69.396288353146005
0.33916496831584197 66.91688121371979
0.23201954209221334 76.628417660878824
0.32872355493595595 67.535560256923901
0.26398966940527757 72.209707971080348
0.21424871971844686 79.200453546309959
0.36520325882171045 65.217874522656501
0.2756544052672586 69.321875679424451
0.20679045904735693 79.615646866044742
0.28232357345808984 70.498296019860732
0.26251065976872096 72.663385123661683
0.29202598777089062 69.079120740769611
0.29237292915383234 71.601211713147052
0.3412084277881271 66.357107132451105
0.27188738548240898 72.65680785902083
0.25377162205093023 74.74000953635921
0.42371141305479149 62.055019471510782
0.38557780538067232 64.391859975030286
0.31732417138123076 70.021575201449053
0.25136872462253795 76.56349321439032
0.23787585872481568 75.756865232354855
0.25727402287565609 74.578363928313422
0.26006194904810631 72.881789006886905
0.2948568650490852 71.287551885640269
0.25635356118918384 75.928505349064807
0.27591083285523682 72.811267559652549
0.28086773531252618 70.669877494669905
0.26784521235872827 74.791544704706652
0.31680888235594834 69.158631121822211
0.26800561068098971 72.345825536247006
0.32618096097803378 67.731149003379073
0.26674010823354227 73.298924263957232
0.25106808719918772 75.766640086840439
0.28181043898127189 71.943372927273742
0.25253305797066666 76.249721826701972
0.30936192855935135 69.611398558811388
0.32737037565260496 69.285103167457052
0.28549582937452611 70.687507024844891
0.25686436827062475 76.501660366328295
0.30685920170610248 69.147402529156139
0.23668916271777801 76.876796307625824
0.27764505433162434 72.159101024531054
0.28186429493485982 69.701807261886216
0.27134447060900491 71.037912112499896
0.32574254462692936 67.963539251210889
0.21498165947765674 80.689782197170729
0.29346528771034847 70.251773838811886
0.23635212175338144 77.49626177555453
0.24951828700212841 76.699772289402262
0.29674674012545393 72.53292610308398
0.27804302982538631 72.726789123224904
0.25003857613171088 72.544478635191638
0.28036159207879358 72.891391342696167
0.32014449085880747 65.920302527426571
0.30190849003895814 71.528305681319779
0.33478684628547289 67.783018680216216
0.33480597924276573 65.708869720296178
0.32670882114082572 67.308065220394525
0.24789060264189816 74.511262448183459
0.29615216159384911 68.885934006877307
0.39415344794333984 64.105925261969588
0.27684103157554596 72.716565445304823
0.30286541576529663 69.939205049851751
0.29605397580983361 71.862951017104677
0.22045936373719122 75.277841550171843
0.30317579948069606 68.639267873646631
0.28780551940834104 69.16224169344126
0.35110705797634495 67.702750419363866
0.25395999003587744 73.173246992557225
0.32248177072400208 67.335227266039539
0.25436231383988406 75.565801947431382
0.37282466212281334 65.606727793413626
0.32510432072663337 67.758477876034888
0.26494419645759415 74.370691176397401
0.28982596060376875 70.693261621344178
0.26754192707987229 74.096615826582379
0.28657786971070109 70.899325678640253
0.28215250374004425 71.587560295096864
0.29776682848205971 69.003101879354702
0.30976281425150454 68.946446562874385
0.26119239660953536 74.632214687440452
0.29376232720540135 71.097282517628912
0.30585716698076765 67.44039534416639
0.32854829650892364 67.920256729283921
0.27914041186196004 72.130785670615836
0.29124250941629015 71.620294917477366
0.25341167186067987 76.788534239310962
0.4455014496838412 61.676345187956279
0.23757174087765406 76.919915121913931
0.30350309050860041 69.743493767667388
0.31590826098232899 70.039179285959435
0.28990601988321385 70.979668863716284
0.2689365966365414 75.046751198478646
0.25745505361614696 73.514922455542063
0.31575240184279479 69.594930688742849
0.28030149756762607 70.083402585622693
0.24280516691872628 75.284806027953508
0.3271431741602881 67.535817243567408
0.32875341774914102 68.356788026894762
0.31222062738512646 67.936280953073805
0.36822097200718273 64.771023091082256
0.34174166450671112 66.531517573772632
0.27015220595396511 74.409942447892732
0.27152736430727226 72.877847745641745
0.3175144888005258 68.568959216262073
0.39983110988097498 62.091495498039983
0.32015072934470568 70.267006220449474
0.25699216752827858 74.955349367625232
0.21875849627548996 76.80060989664635
0.27991001427503603 71.140271631812098
0.3372566824565007 66.17007184805324
0.38071177748932772 65.122465665015113
0.26303239707225823 72.215960951780602
0.23943556677781846 74.919068800843519
0.25558276595851215 75.002486120615856
0.32074399437126611 68.188517958173875
0.35852835785525994 65.074633471226321
0.2956541523120641 70.044910888468564
0.30373468575902918 70.950735579763077
0.43534935707460981 62.652508633624997
0.24404719132897446 77.919630611770216
0.31465678095360816 69.452972222585245
0.27982779723718165 73.020094447222661
0.23571110111443902 74.661063971767348
0.30987862963942331 70.09132516358676
0.22971419711716967 78.063522646353249
0.20791157846790945 82.300448274240267
0.30929897410387991 69.299168588131437
0.22738665220670753 78.124619619154828
0.31304007027533687 67.697792851659585
0.29269003550445355 71.835167064421057
0.23317214098718078 76.651970916831573
0.28449493538165477 74.181900561970252
0.27677067617516837 70.461881045659695
0.26319490043455918 71.635043608797616
0.29457875954506985 71.213654510218504
0.32277328217989165 68.057758924478705
0.31925113717444581 68.260596472909072
0.23927235199445243 75.880523039156358
0.37980253172371714 66.405542301096929
0.31288484811392275 69.476983647406769
0.22643673080908369 77.110270105914921
0.25072528081505707 76.184854632320594
0.31363737947490167 69.3011214605243
0.28750589559803247 72.488095933274906
0.30985528420231445 70.510134201050391
0.24792780890168339 74.573465047139521
0.30589236377271273 70.040535765315823
0.26702357293246243 72.206584485910767
0.28724381494514745 74.098802643048671
0.33005157087504317 68.669606200380457
0.3041225047610398 69.415377434994554
0.30211197241803112 70.223777158420802
0.24829647952552047 75.783117765685404
0.39813445893035815 62.21548868736496
0.24812709719286016 77.628087042968104
0.27658561284228006 71.381173742879255
0.3233130604834254 68.798639756194319
0.24088810267017119 75.027213510545621
0.29286692454076452 71.13811030621909
0.26931904203764295 72.403391424710136
0.31255415846022994 69.252227192400639
0.33357304100385599 68.677787982283448
0.27279704116097431 73.123786634943286
0.29616035600093443 69.57435213058686
0.31007381183347282 69.073237350050007
0.36728339570681046 64.628912297379884
0.38878644417416369 63.622923834219101
0.19669939790326671 83.425528888821276
0.28013826688454818 71.947794162827947
0.38358339106851586 63.997667942502567
0.26571131790589425 73.636071682664195
0.33370324635473081 68.851130890004242
0.29500257617102793 69.870169149374561
0.29331125656017715 69.828767086862399
0.43022139011229515 60.927251728749255
0.25612168861302759 74.383898941167487
0.30077253542714133 68.907341540995333
0.34761082668403948 66.169806794707611
0.2886500482520874 71.703166038011332
0.32308612224340399 67.206467053749961
0.23977140350106474 78.920868865586499
0.35714035208302719 65.242181681446652
0.36640285868728539 65.2764763102616
0.23035574774698261 76.313287243389027
0.25679305077790215 72.184032975800363
0.28423552814897302 70.907119580329166
0.35668482202491364 65.189846465149088
0.26307771799878771 74.117340972456034
0.28528993847096279 71.297545170133631
0.25899649713920286 72.964189645791336
0.26724615570853022 74.561846473243918
0.28724247968794764 70.729007756523529
0.2955372845809639 69.656768313923934
0.23340635000059448 76.324098288169722
0.27787368810404695 71.520260348147644
0.27835681424954739 72.929954640827205
0.28066897694903448 73.687775800283632
0.24504655196142597 77.862377301917775
0.3055328141814625 68.621384953440824
0.31118921913019815 68.447737797656316
0.36520322122105631 65.947098024332462
0.20663164274422038 80.414776241478052
0.27799320583151921 72.511702990475897
0.25499255574138668 73.340380483982571
0.34001032263134545 66.439996926364714
0.47617549381223001 59.0865494262165
0.29191275308010672 71.234575427901063
0.28766960011848702 72.257672795963614
0.2576088537331222 72.149117541885801
0.2571718436389655 73.006382455428508
0.28880272541770413 72.417600637198404
0.29334427017213754 71.650692741919258
0.26555008102092076 73.431758157520093
0.27965525182604656 71.697134498739942
0.29857506489965369 69.871869032708958
0.28521700449089143 71.778846705025714
0.28499229977655971 71.299312721281623
0.24492201041127382 74.52996005458877
0.33946557422014656 67.102540176269528
0.29197034005015254 69.944102483973353
0.28203562326583198 72.399754568381638
0.41003995999742798 62.332493793814926
0.33962920394474916 66.483551666594224
0.27475454226249607 72.073437293902145
0.25495711889120731 75.179978629370964
0.30426541401820612 70.663010146594587
0.25192959012459437 74.375917418972364
0.37738931394108988 64.801047269760318
0.26263305113821078 74.598453568971181
0.35394350237905131 65.627291515738605
0.26879868072303559 71.841894458619677
0.41405727465277353 60.806144014078228
0.33448838590841939 66.959950515572615
0.20998761748448791 78.553448963044318
0.37005369970000307 65.247138685928149
0.26539898602104789 73.839851704383321
0.27009540085035533 71.595788783203659
0.24349342800311211 75.863750579252425
0.27830436803792957 72.49220579389997
0.36316547950531408 65.973677549721614
0.28533147383892482 72.069341043015058
0.38738521575794216 63.085046669890637
0.2527553077753763 75.222881737192793
0.26823694815874033 71.773713944855302
0.27978450534733734 71.062750603814735
0.36667427270329467 64.795431367366874
0.32256550915308041 69.667091035699855
0.33053132005790464 66.377122692679734
0.22209759446698316 76.295357913647607
0.32335759929632696 66.24066873497523
0.31747791795558067 68.206189008190279
0.28564163518257435 70.894434998118655
0.22050228226921764 79.958167851734459
0.3176115105038354 68.798883082955371
0.34236999859744005 67.323336899282737
0.25885002405833402 73.270105783644112
0.24748637023152698 73.656446193694492
0.22622054509369344 76.270463380497603
0.25870513382518184 75.14474786258954
0.31033475185053222 70.283947577443399
0.24101572960588236 75.543900273957021
0.34968302428580406 65.188274821227424
0.34323106253313374 67.561682781627653
0.26658713498257985 72.618582214198881
0.24591020334734559 74.793869234165456
0.27926948372539107 72.056713764075681
0.26339203397936417 74.963388596228555
0.28915057653241671 70.391509267135959
0.23667428310974448 75.781280853244667
0.28324038328430146 71.368794187938889
0.31977866805490707 70.387367009254277
0.30196139582980691 68.66600533309115
0.24666397109676649 75.44884526968282
0.32408943373299326 67.740442508318253
0.25484574328380893 73.391611351305144
0.27222444271670748 73.666437671985946
0.29601979323679328 70.362777185656782
0.26962336475982962 73.429290587737412
0.30533631492002639 71.71263948778909
0.27989429941105332 72.242910305472847
0.31352836702254616 69.048527516517595
0.29315738473410013 70.783055682176183
0.27122018937159642 73.025191728897468
0.38499548977762565 64.826746247190172
0.27558486707954227 73.602700271978932
0.29696241853967198 70.206361293014439
0.29743858611681417 69.535515722729784
0.27836151856671271 72.282330194669569
0.2840819680989578 73.829523254428025
0.28917188472348648 72.967231193726803
0.30876116089601324 69.760636607101645
0.21042604682291355 81.002333200181425
0.31542216369099613 70.592119495698654
0.22985636728253744 76.910936133556319
0.29112088461286439 71.014492622290106
0.27004304564828241 73.162871369355798
0.26845892788140374 72.271632494831678
0.20497494996164006 80.616853629602431
0.37471737523934406 64.591587425427278
0.27106049480500916 72.86619253297286
0.23511970410312077 78.602483721768564
0.2450939785324916 75.090991261989089
0.33172721908523861 67.218861266980198
0.24962275845217044 76.316769132562001
0.35266404064196472 65.459604292596993
0.26171811894219776 75.179766953806563
0.29092871099114892 70.695068861971095
0.30164266649523297 69.699987650128179
0.24555013271806661 76.279275584563877
0.2547057320074011 75.309376843446259
0.31189323852116879 69.228698404802401
0.23131538298066184 74.094264586977303
0.29631418641772117 70.559917449491365
0.29884658732540781 69.984082511695803
0.42664223007440005 61.630699975148978
0.33375393195703468 68.461783947045461
0.24967994977311583 75.072045853184534
0.34459167055660828 67.873586512949558
0.27840061015279299 71.537934994927568
0.27283306805205887 72.894627527521223
0.24366232680798239 76.26877706307576
0.25077089736095459 75.910981060728318
0.30945660435377653 69.169821033992918
0.34225709931445669 66.816065232353452
0.30892135668524495 68.76521288817068
0.44705522827319372 61.766042786879588
0.23619987953105925 78.782977413548394
0.25106184420858968 75.053176562562498
0.24423113456358805 76.313420897357929
0.34504795332586202 65.984806301073817
0.20623088629631797 80.118822740021443
0.35813254935990535 66.367904823802633
0.30640907862908545 69.962701352939476
0.34320298030541829 65.927526322352207
0.25148299500258997 74.980562187073957
0.32108787584537202 68.932312866539633
0.24176920248799413 75.803737732424636
0.30451376425461069 69.934906991067194
0.30987869003764568 67.597295477277726
0.23988838038877616 77.152647519214483
0.29418608284817011 72.58388641778258
0.26076234395550768 72.561565211680985
0.31537830581636073 69.123015401099948
0.31059308103898847 68.077080903649403
0.21050211735451183 80.161331708339929
0.33980031917559556 67.724719833283586
0.30905224215789112 69.548668641515249
0.28306631996362575 71.976929346173733
0.34711217947261513 66.955757197007117
0.37868933518832543 63.207497479562903
0.28943620505347534 71.380262289661815
0.26708806241140987 73.310247081985196
0.30024335103752836 68.604205859307967
0.30771119240263151 70.622375223478414
0.22939257240482405 77.127310705227714
0.30830030006291753 70.204064117007505
0.29980180488805885 67.522785951206856
0.23383024140328673 78.619008680561294
0.25901117094592208 74.024544106057675
0.2706154297827611 71.504551711295946
0.24849942567364985 76.045020393861819
0.26194343344699761 74.360791300536746
0.30637282417022477 70.040545795247198
0.24227964919839268 77.137738038866175
0.20250118546373297 81.694982504387767
0.25759061912264297 75.841041787029582
0.27335449027139125 73.947049724581404
0.27556357611119975 71.617399654423693
0.26314678985956269 72.631932644504701
0.27766301308735986 70.534801261297687
0.25578965711572776 73.891632564537204
0.32809149370319135 67.098410665476223
0.26455299260536774 72.485271898744998
0.24345257319155689 74.880089328275247
0.29807790917944649 70.956928215262124
0.25631668141838737 73.980036118061349
0.32326150869136394 65.996926765692621
0.36527533845723847 65.224078801465623
0.3158049325742483 70.638377139111725
0.28170188981892402 72.928074024855519
0.28787283924255674 70.62753891575278
0.24813211332070309 73.726527172905605
0.26550825414502655 73.653905947243587
0.29112429651975691 72.175898512896239
0.34414577316746314 65.785500276787118
0.25245130054306192 72.945685260978223
0.33919136065798983 66.403419187121386
0.25686548398333714 73.467059905189487
0.35343712684374773 65.943756231374252
0.33341565825050773 68.765198838479961
0.23412169156939017 78.84987440484835
0.33354277114593184 67.569226531505791
0.40364007747443836 63.523097571836963
0.25958395782641602 72.089414936373615
0.2587888100940941 70.977058582145091
0.3021227723781752 70.661385238960719
0.34187559561594344 66.860258281673879
0.29694018195829697 72.631718688518518
0.32033556102731831 69.074503819172449
0.3144598397608025 68.345898462846591
0.32398022804382842 68.466119890770386
0.48129053294444635 58.715382012804575
0.32580368458325426 67.723817571240332
0.34065088287600293 67.921421954668702
0.2884295092613906 71.911892271344215
0.27623525702311624 73.371179916690394
0.39000440325890834 60.848269464449174
0.37169794859960364 63.445565265032691
0.25214931582726535 75.229673180139031
0.37146402323836103 65.446699450585299
0.297916424352626 70.963687712797437
0.2732206922094077 70.365207360895724
0.27856975722301086 72.94079649384571
0.31565517354023864 68.948865746235967
0.34127501270062172 66.843278166437571
0.35267101213959756 66.631197354123358
0.31635659877982331 68.640964899807543
0.20500994870272507 78.690823091057894
0.36326965565140162 65.056935542714172
0.29647604887623441 69.038221034280866
0.35864835944693951 65.227346742527445
0.25899947070127477 74.999433925952218
0.24554873788209566 74.731142638722432
0.26897818410905155 71.512199786133678
0.30619038234077767 69.374068666736207
0.22324635918541619 79.070248834382653
0.32131734798823636 69.375379069042552
0.21337683869771815 77.499970625737063
0.22841908935244218 77.488954697925692
0.25247066679933905 75.91380786192407
0.29014605959311113 70.649565907727819
0.34334332136154444 67.265927956513124
0.21766822830246124 76.807723686552549
0.27514982016760969 71.38184100752656
0.27681310639784568 73.073362158102242
0.38198572038102091 64.390977897367193
0.31567531031063867 69.122980765826441
0.2170076331856319 78.467183001874446
0.3604398589499721 64.829403729843577
0.29890942648063495 70.901065218174807
0.31667449831845612 69.35703189958717
0.25887151761197541 73.063538091864416
0.30651896055952299 67.57719420898394
0.37850319462979271 64.775890699015321
0.22867452392603746 78.732945354756552
0.25158457895201514 76.362327924624211
0.27990725219625201 73.202972746376659
0.34838925485455868 67.18529422132481
0.38776538636912944 65.948338382063994
0.29005091808945871 71.50529061559638
0.30605916758032758 69.735233333772769
0.32391884525006692 68.332466079619806
0.2533747898252961 76.299014509398987
0.33744816999171873 66.768568087044898
0.24102425786100762 74.756482426022501
0.35034131492753273 66.877718710799442
0.29532854865094416 71.404640548690125
0.48375990901501947 59.008584449523539
0.37710408593093564 63.707850886233885
0.23049234125998677 77.692176614920896
0.28375803189812732 70.9906571978605
0.32557328458973145 69.31863844282185
0.46328244528556983 59.285603859093918
0.29093468916167431 72.554355601093448
0.2793718986596353 72.169722748230583
0.24865483304313918 74.794921630372357
0.30251327957792518 70.844824687611577
0.23716775836613116 75.683838366182513
0.29591156914918881 72.212292579041957
0.26001459142197159 72.295721611269883
0.23780964412632938 77.936466715162794
0.2016197802012836 80.285303905618179
0.28562074608652888 69.952378782434138
0.24332803268599387 75.482510734562339
0.26482736219627506 72.952402717916243
0.2382381515764628 74.765998529252101
0.43587291942430717 61.665726466851815
0.28191579508910702 70.29633889573843
0.31638279909827355 69.383777473986342
0.25312777514392326 75.879340893491644
0.33093148849923426 69.923466594962989
0.30153120833828395 70.934207267814543
0.19599494066768358 81.724608826452226
0.25200848628980482 75.127699784275904
0.28633341632427262 71.661809933035585
0.33028429369560713 67.884484632571301
0.31026852728836601 70.507339086129562
0.32823237899767921 68.890465101381139
0.31162965623774536 69.370987747155993
0.28350138655020574 72.228120117004806
0.31906233829512937 69.663264695663287
0.36230287548334095 67.233252634020701
0.3727016091152443 65.430084672695202
0.29267009203459632 72.382608878622449
0.23792232746902353 77.246128430396823
0.25825786934019324 74.904557049969085
0.29682855050965684 69.463270407977475
0.34065184243270574 65.65314445890472
0.25286299892744474 73.676014394715864
0.32925680468111646 68.160498238448
0.22887843708405758 75.60183827893583
0.29768524250472461 71.931100395059005
0.32140745254838632 68.800803728028299
0.30287105741875003 71.855113593099773
0.24275260181451125 75.302552710749609
0.28028069690411578 70.721204050032171
0.30027097665071867 69.327989660320981
0.3138724963471502 70.753518284848383
0.2684026014344893 73.063096818796453
0.33583726830848104 67.678719989377939
0.27690480644699872 71.69771152142836
0.26392535150832691 73.146324260302862
0.27304217453120067 73.061399415058858
0.29446226957565269 69.707124741987741
0.32503771400137388 68.781648537372817
0.29595368014845685 68.925002864391629
0.29199548341570775 70.219189047260087
0.29882412875516523 71.329863965910931
0.30710237561840004 68.107567650335696
0.30747488177084376 67.923286485888596
0.27969045731377484 70.389403743776853
0.24673985518507546 76.678827245241678
0.30862200214640301 69.87519127890566
0.22195344655677002 78.631047690810462
0.3579737941606731 67.166821442538364
0.27408955003608665 75.162027811000399
0.23600469997645737 78.317965597260624
0.33347419726534044 68.018565203332216
0.31652595938304834 67.943760900963838
0.28874320615235805 72.387396997394831
0.25035865218833164 74.78516286369198
0.24645498823107648 75.759491006766709
0.32190188104570538 67.679613287657148
0.27629209678902528 72.405375026224803
0.34782278993323412 67.094607567282239
0.3060884577320539 69.580209705547233
0.29106379464462018 70.830331324928551
0.29128365001114093 71.169215986627023
0.28597740485863354 71.464974627151634
0.27302396063372081 72.521386485718153
0.25287256129410873 76.56372957534478
0.28657416591054824 70.993114243311979
0.26456604997244865 74.709790736151902
0.29718335946953151 71.46820558488217
0.21292953811386878 81.374879213159133
0.25115553490525205 74.245356298401518
0.33484269320558546 66.62801557588439
0.30886249387172499 70.001131785298796
0.35918027379368933 66.045023345978393
0.26227103935111012 76.337944654612301
0.37989197775179789 65.823619060140643
0.26214087353385207 73.59094931974775
0.29232552437264098 71.958605523081133
0.29002476213343442 71.70731574072515
0.34552817945876763 66.958740741718202
0.31798773454250379 68.944506186599824
0.24041363077395808 72.980809064265401
0.31460855092182072 70.24893370082016
0.27784506036727691 73.82631964264317
0.27679823953182969 71.104594610300452
0.2716659927759747 73.011433714102012
0.25561235493471146 73.841787682403321
0.26989841780375046 75.175693027697918
0.25849035053243302 74.422273553180389
0.24522448587568929 75.5623066100095
0.24323686266451183 74.534412831315819
0.29764932984581599 71.055020173194166
0.23008284209740928 76.468761582895425
0.24064153387981152 75.947492663122176
0.37207528764229147 64.257981444697776
0.28115331817488354 72.969292923146696
0.25706052580147726 74.649968287255987
0.31800205981960011 68.322617977232056
0.23130732513137339 76.624544894948556
0.2593782879100402 73.496082563949884
0.25154134254210925 74.263867008448884
0.22469478015672159 80.003984625409331
0.31094124550539948 69.529010236114786
0.26856734737575183 72.624769711706477
0.28024009520647442 72.968499685158818
0.28007001753204552 69.855397210441041
0.25969530646139016 75.048046352687336
0.28077371053720868 71.623707892685118
0.30893857189913648 70.255822201823207
0.34220145217636472 65.929593107472172
0.31382256609974868 69.699193558611924
0.33722081984262836 66.844202023294073
0.42412272846820942 61.333935953044467
0.30078476269444399 71.076196422174107
0.26647555625691838 72.948224747757024
0.30691267956697982 68.155156891898926
0.28758646586611725 70.681034509658147
0.32679982584329742 68.566149907240344
0.28532917765928284 72.332528068133144
0.21759666498443439 81.219674419019455
0.25106744583838658 75.68877171488036
0.29325703224745148 68.683360577060739
0.29999399826001105 69.999991854781442
0.2608522018758711 75.188585377195409
0.23102650171887645 75.524481552090734
0.26757015661169892 72.307630082858466
0.4400005922334847 59.47148139108009
0.27428820158583933 71.943585392975038
0.32457711669927092 67.498627150339587
0.35781839099009388 64.740412555547792
0.29900618870721429 70.852430752158853
0.42478585769196453 62.539828825190973
0.29774120663439324 70.876633766423907
0.28415642180716538 71.85197160844929
0.29457688455156805 69.672252748200577
0.35125211989334681 67.164631710150033
0.36691291010067056 65.219930122085572
0.22275072574755836 77.528203128759372
0.21695985545253671 78.159760083769058
0.29532196859215709 70.962118286473725
0.28518312488801839 72.175804142745207
0.30826364102544235 69.806372852716862
0.32220352529602803 70.466515659906946
0.26129951964738152 76.10084440535887
0.34467909932576785 65.925506752593492
0.32676051339943285 68.319429783381693
0.32705696007796381 67.429986758642173
0.32455351547843125 66.671384156221507
0.37492311658283334 64.857426214296567
0.25153955392301819 75.476484620381441
0.31850552819702244 70.322560718191482
0.31509062282078193 68.847197678670838
0.26726016632523314 74.005164379719787
0.24739293857276687 76.40984185313377
0.26868692603092859 72.85139606478225
0.31631565633937864 68.788009946339699
0.3596171510734878 67.719034194385742
0.25537076017175925 74.249652902796512
0.31349511842147582 70.857667502690518
0.25625986089070341 74.741078626762572
0.26409472925957633 74.058232438085199
0.26069323053484639 73.509773938660189
0.2327926496943121 75.463250793790323
0.23679178186744407 73.4600001828383
0.23587626209733673 78.570586159646538
0.30842546879721994 68.941376024089323
0.28752901400100195 71.509207923148509
0.3069791548132807 70.342216517846424
0.31351885660428497 68.504610063418269
0.31837884614891748 68.329078462797881
0.31600807608187054 67.471831829019195
0.24527882407875568 75.206370439480466
0.25640699333054973 73.45576399152047
0.25367788862307233 73.837539636392222
0.2718083091481982 71.444721445109991
0.35877809714617831 66.189505199845186
0.30503872154203598 69.630525957683076
0.28321536593033714 72.011368627564138
0.20493451620411379 80.503894101277297
0.27812486073816961 71.031137603450489
0.28904928913750511 70.482532492901385
0.29405295633620726 71.65213958936269
0.2837648927577231 73.187153055026855
0.26493717755710555 73.756236258592338
0.27289121360114715 70.730821268266382
0.32264055303306721 67.579426302552577
0.31914657656880518 68.357137232336186
0.2932681622159215 70.350095113570575
0.30387807107453874 70.330789345122625
0.32112244854507188 69.413892905374567
0.2472550824757172 74.501135781352673
0.26548976494801985 73.774273014745503
0.27367247106581605 70.538059844434116
0.20621311554276919 81.349998683373315
0.23979946349723874 74.98192816107904
0.31264888273033647 68.988892657898489
0.23081057155288831 78.008358431719927
0.28633862692516715 70.208780570540767
0.35019285403135858 65.822512745736788
0.20282790531300315 79.699205323887341
0.32388585706931461 69.845115437758622
0.25861063738420925 71.82853973607952
0.27935418337090945 72.972170184791707
0.28868795382389334 73.27787997063497
0.26185252593288832 73.350172868928411
0.26020320279121295 73.992898521169721
0.26366844285635332 75.008634430491441
0.37330074814382219 63.305256152883217
0.30338900189221352 70.001602967953801
0.25440882115638336 71.254461857187735
0.3281923185210015 68.515452156696014
0.33081380960051049 66.93585898484389
0.28369449499276234 73.156117682524666
0.25757328969460463 74.946900901234301
0.29632989574255753 70.206302254581558
0.29608791788699279 70.952219367417442
0.27717557766587686 72.981153097817625
0.30069702969248935 71.227246295646651
0.21429111418749927 79.179881007803729
0.32597921682464082 68.630596894653493
0.23613167014912642 75.451594350154949
0.36158274663491685 68.304291067356502
0.33530901739080915 66.529352183419974
0.30786200162080229 69.3176757960277
0.29620125649081264 70.765409965003471
0.33801259995868016 67.170233622433614
0.31475247916571059 67.870531884446649
0.24568559029264844 75.420915267911255
0.3016225115117589 69.13484308668329
0.3113101686827926 69.386671855322291
0.30914822934189362 71.151208922532234
0.33615741314290148 67.322942427868043
0.28653958795973827 73.325592627624346
0.31276349989619978 68.869829414634808
0.33638929948214674 64.663819657790015
0.30097611809165714 70.391742150468701
0.3265103581837136 68.219560077694112
0.31212665552286695 67.963417396833833
0.31645839956447464 69.449757946481384
0.27760914032241252 72.684745505903237
0.23284230270900763 76.295032510348022
0.30564230145331206 70.313228347395452
0.23389698842216472 78.302046378505139
0.38854109091195538 62.638629664918014
0.32901677850203936 67.397769457254142
0.27386866194003889 72.34783211615499
0.24781343610408083 74.587257719789491
0.35099141280981466 65.678500622949628
0.33143816648536495 69.430027949077413
0.34394192165790172 67.537045533860478
0.35491418481854925 66.048297465220031
0.28750550766182109 72.049875944167937
0.26854747122534134 72.802243976545384
0.1891557188898271 83.968783261147337
0.36199592684558773 65.244362895319441
0.27267255625523157 72.667996101741664
0.36618189267383761 65.938831098317735
0.37965478020814003 63.987912542920995
0.25436374351503294 75.283416038519604
0.23132656028671744 75.470401341129758
0.31032897514017743 68.176958039682219
0.32553370411312438 68.655857980787871
0.27353300380910678 73.296396570380125
0.27475480578830747 71.646594621718762
0.26198118915411828 72.730626404347944
0.25298625421650223 74.016319409422067
0.38576905519108057 62.905630555174994
0.3087321341852759 69.982540608490382
0.28500657168507931 71.296401697391858
0.27407990595273818 74.852373133754767
0.29581502174214996 70.598037433779908
0.25059805514313394 73.63853697768603
0.26652944665527639 73.208243680333965
0.36142519042638416 66.440621677663714
0.32392673446399983 68.789209666406947
0.22932058678990758 73.866494362623882
0.34758479008446808 68.934641843746164
0.32543810128919964 68.787221426690621
0.2655573161750347 73.801288061029737
0.32329851701200829 67.574065774860898
0.31921107028529327 69.318028229219934
0.29134062190867727 72.054097195505719
0.33863159149050248 66.922069157548705
0.24079015938337026 75.139804636282904
0.29002293002668533 73.124874984803924
0.36709681700227526 64.707254316848733
0.30224453049749345 72.276509878875601
0.43783368699416714 61.12745193478451
0.27373521246117533 72.58013808221645
0.27194395521186931 72.36826625684526
0.23456979466969485 76.608449660265066
0.35681435867658612 67.04498304599727
0.31141841450714852 70.290025070947905
0.27404332349737115 74.267161227109426
0.30634112118978452 69.692796132565363
0.35449047059251176 66.464073403463615
0.28495752862827123 71.537397897314605
0.34914305943185336 67.297732381323129
0.33713027602342183 68.357247420413913
0.26721780675788853 72.943702314773901
0.25547083511441737 75.650694413602295
0.25666481310075911 76.509700677785673
0.4126217164640652 62.619684857337894
0.3232637549931987 67.256340682321493
0.32011698025613294 65.982550350650016
0.32517283247756473 67.320585505138865
0.39396805567300097 63.600254857291468
0.31390439487303196 68.272246832877997
0.2893528777282921 72.549406302304916
0.28247623398164856 70.672017726996756
0.26687580489626028 73.610504940831177
0.33014338541549887 68.010303967986985
0.32259178367803748 68.279088576126114
0.28895738500532098 70.658476219569579
0.31653688717561818 69.260995189875814
0.30646548276038732 71.866305477945076
0.3483950231488358 66.211942089921791
0.33514433992775922 66.231576449473252
0.28030350567479512 71.032132721745654
0.21292693501403462 78.290587097799914
0.33256689410918427 66.290683913822093
0.25799316792888721 72.784851316261737
0.23165999892125247 76.353101761300834
0.27328335293393285 72.520665574940594
0.33340810777298818 68.938582895985846
0.28979530302692014 70.659712273202771
0.3363300841232652 69.314510769249793
0.358757465622282 65.122808181787775
0.31504430250151333 70.028942545226357
0.2898674090371206 70.810480413211266
0.27946886915614105 71.755382787299069
0.30876136581717223 70.117547531768736
0.25178059098603583 74.585608906619768
0.37699607984196448 64.341550086859954
0.28212691101855891 71.592795545547702
0.26406037256537573 75.745971044771949
0.26299271265569468 74.200910467641762
0.27373243447266171 73.099605116100591
0.36474646156168539 66.298097557181421
0.27549808454250313 69.694138652415575
0.30916879172723555 69.15803153018274
0.23152328487225599 75.77313175998313
0.31911614830643908 69.128944382920423
0.34811800126948023 65.877512565169113
0.3062488165139976 68.212760024054703
0.26461872722539892 73.799353266337093
0.31921067994736618 69.182932294069417
0.30168022749385548 70.626245855179832
0.27115326834475678 74.044125287356593
0.32459465641173768 67.43757387197968
0.26785500012111924 73.712386895015399
0.33545850470278166 67.701876981943471
0.237119552018039 75.933135041742361
