# Omage H0
0.3207408873745311 70.482374149657886
0.24334282089004866 76.49065319705241
0.38735416631477587 63.863100917676817
0.47000683239151964 59.04142149728461
0.2911339647032149 70.717427262593631
0.21610691835365348 77.7016699151159
0.20740215157800596 83.370031043006875
0.24615734531118316 76.363270444721564
0.26591218820145646 72.167172808983949
0.20155610054889367 80.506202060545064
0.27609485578485354 71.628553929993942
0.2947357881580257 70.299960429501667
0.3162635809977718 67.74152195701366
0.2647792119994381 74.456899308889476
0.27342110015429083 72.208080264142893
0.31131927692762806 66.749339676830132
0.21903480913283851 75.922071031577914
0.23089851462840189 76.545731074420715
0.2621288279375999 72.160336085791627
0.25422206428603256 74.432141317877438
0.23883952372963774 76.735623553951086
0.26141504546673405 74.885754914690239
0.25961467218308482 71.995564262626132
0.26434082256297786 72.049734088973182
0.3421960860980503 68.07902375611215
0.23340405657080524 74.5589415732845
0.21070273814427418 77.640361866537972
0.24018747214007871 75.904799971826321
0.2879371753822782 69.575886012142121
0.26755689291618001 73.913111981987385
0.31927946822806008 68.235643457329047
0.27631821533176154 72.587144756748955
0.26418646106722138 71.501862176657795
0.24219433164389229 76.634419314539272
0.20523191368816623 80.193709591752437
0.29081101160786393 69.62944076591765
0.23992001029665211 74.308690242690346
0.24745704507622837 72.922899046564623
0.25189260738326968 72.623699549560072
0.22483612373471681 76.58518024379957
0.24413676012499194 76.535568834795541
0.2537398325439208 72.645204664737264
0.26153852741763789 73.05846129269203
0.24071641802126301 74.852891066901648
0.23704731679477006 76.522270144993925
0.43037495067447623 60.460893037770248
0.2915881076965578 70.870625413786271
0.17545233666468654 87.605993696386946
0.26848771990081366 71.108894851843445
0.3911953076014153 61.848236317425453
0.21258532325702761 78.337318062475816
0.26520864290170754 74.418127018853482
0.19104724313423854 83.903228906318319
0.29966651307500797 72.160171696369417
0.29767004491876825 69.316064407115107
0.38347356245911696 63.477094652926759
0.26323968791222108 74.142639087912301
0.38140815184066229 63.333465349023889
0.21397066132800382 77.831576964718366
0.26031922590888429 72.233365332715806
0.20690194860806821 82.258761004690129
0.21864211504163056 80.023739072609601
0.30685086598711142 69.330791633307769
0.29220277716251314 72.275232434821504
0.29723355194152323 70.56780090535996
0.29555541511694033 69.281126816566598
0.24996322999087922 75.540532978480556
0.26287975136870984 72.13860228449677
0.24452509250034651 73.88455227484836
0.21006297466609344 80.080898896345261
0.33236342132280167 67.547193689133181
0.22275339880334627 80.074182402255047
0.25129788739231929 73.95674826906388
0.26380844501332318 75.022104503937044
0.29653751644352772 69.739347109500784
0.3722706648787093 64.142023447996024
0.30208681959506672 70.002838235159174
0.26984976003976258 72.669780662423648
0.30303131506585601 69.33306191765007
0.27518510774088256 72.867915756395064
0.19736275657459754 80.66375299993507
0.30889422640790681 69.647636146486875
0.29180754696686895 69.612638319300359
0.31740033096340858 68.26903417117434
0.2768315926267218 71.192703206723039
0.24887762855469281 73.36454049464561
0.20321768422381833 80.548563725439394
0.32061077456092441 69.304967460648228
0.27048928150673324 73.393663587701127
0.27798510319611924 73.962376397354944
0.303835385969497 69.39026886175526
0.29392698038258214 71.662344596808495
0.3335333257354885 67.50046197474073
0.27340224583247996 73.200619188625765
0.37198439680527173 66.052213107461654
0.31309969472134552 68.882520996846466
0.28454550682524249 73.411507369521672
0.31049602704354501 69.013740523656935
0.39306142868267918 63.336779777427523
0.25406571335514061 74.138887343352721
0.23796590180608335 77.607081393354662
0.32626843271178985 65.621299229664714
0.28581519087924045 69.593274426758171
0.25077862009182772 77.31942087414231
0.18484936589902004 82.889003073154186
0.25241456299262738 74.243099072760515
0.22291434218764647 76.557113293772076
0.2721143322337069 75.170837159439415
0.27555580332589952 72.87221199177543
0.26129724821424133 71.086356403904432
0.17181588632763109 84.535475960806266
0.2436146930999275 76.208251014706931
0.27420863131182677 72.944396250659963
0.28867687910716361 71.639248257584157
0.19401220155965462 80.915350083688509
0.27173869212052915 71.135710075582423
0.29301965429435439 69.967555384935409
0.23836097195172756 77.251700155403512
0.23517217679532382 77.453676591399258
0.24771967151455945 75.188373202684033
0.31818732731778654 68.806299307145068
0.43266378949159395 61.494696558547304
0.22584159668311177 76.245841072786916
0.32336256599767621 67.410127098847056
0.2853928509793105 71.931357031059179
0.28281172035961183 74.692841936616162
0.30565375584556631 70.744111911686247
0.28646599962242769 71.538278683202165
0.272119473791682 71.342737428060246
0.26170043838564477 71.806398698106776
0.37330042983540007 65.660307183671321
0.2841338554801725 69.930259682258324
0.25130853956055116 77.699124231595349
0.28042594073266353 72.689774983663824
0.35915209479046578 63.203807021999403
0.27560083592934248 71.802841380370936
0.2580525049124241 75.051850998245484
0.20739884520588267 82.908617424868552
0.24599802889117456 72.346056393777616
0.43801105377834637 61.182643552421631
0.22189172687326794 76.83133026210605
0.24007304484588138 76.274253610062772
0.22139776850681014 78.600841176611738
0.20631557167095912 81.148688065126734
0.23593517194232394 78.287890333147999
0.25900292448396328 76.311776426096273
0.29822825849250717 68.860697577281371
0.27898882004439907 72.532065854773748
0.34904746632412237 65.984519299047278
0.3263387622009517 68.508768144906512
0.2438137909339001 76.221934362725477
0.26229806436139363 75.364545398841742
0.41685770757811702 60.675314068808575
0.24498967821716178 74.498724326592139
0.21965167430647228 78.054383832517175
0.28924362442742974 69.639706916867112
0.24719617573682814 74.686377510648242
0.2419405821263636 74.200743912051195
0.25519548728187058 74.904343834741965
0.29083862523994336 69.142430765218492
0.30129426156692202 72.86459279285171
0.23700349239548399 75.029738667368363
0.36044612237792922 66.036338187461638
0.27495128772874433 73.634869141476713
0.2608403201394256 74.250659840823346
0.24996268833048491 75.102447519251115
0.21234439505138833 78.169369708700671
0.24617812477402268 77.181707627196474
0.30832938082641376 67.45038316752472
0.32335059149428752 66.542237895426581
0.21137359013334453 77.782045029250526
0.21523905101327451 79.683960904232663
0.23297850931758579 75.21189347095482
0.27770943257078956 71.433922628531732
0.32776499834107614 67.625638821880671
0.24312559961380445 74.670398828461501
0.27124427371217708 73.269189844675481
0.24765906713954741 73.420406902253731
0.20414891964306325 81.794479658886132
0.23781658750539283 78.242917648918365
0.30714432922138291 67.722883762922407
0.23878460920423653 75.125344368921091
0.21658078914560155 79.976986861856545
0.22624617028328825 79.186564025067568
0.2537447343038256 73.806684297709992
0.23441359557041549 75.349471143971144
0.30868360254623678 69.908968885297568
0.22032227700338872 80.008591620623946
0.25257679737069466 72.940315263431302
0.23619214261408461 76.72576623867738
0.24531975513236487 74.639058678235685
0.22843889563912476 78.548632633322072
0.22447330575217517 75.918701712061079
0.21682812022467374 78.649735585915323
0.28583022526046703 71.519015512730121
0.27007957924598969 73.068430270064184
0.25680208832491913 76.833551694552028
0.22870777407518603 77.589691920863288
0.36451075028101493 61.546985901180108
0.30100038249756339 71.763361786585762
0.23482068909758252 79.099164809301598
0.30742155371183472 69.842482151058775
0.22524210267788877 78.79501938565339
0.31763021744789183 68.523603679934197
0.20974603109676568 82.292696911924367
0.31159931836235433 68.018712932431498
0.25272264872118821 70.955777367102897
0.29578193749175508 67.63212773325526
0.31068581562305819 70.150985686861816
0.25352243820426756 73.727246676027733
0.21751933367708134 77.572036710050199
0.2049507096318933 79.7441366003155
0.25020954053280609 72.929147282925484
0.36371856765628513 63.003459735513708
0.32417755797916958 66.414433871553797
0.21171845033418174 82.211033514309506
0.30446719273918177 69.974290080625138
0.27598121444703411 71.719023844132892
0.30167983055125513 70.390960323810361
0.43930208013299521 59.529739591698501
0.33961199888632976 67.814005980618276
0.28392076587579512 73.074309274070828
0.26224644897073257 73.346219967812416
0.25813138946822006 74.037002967978864
0.39457544394708643 62.937695489370199
0.21473368523503689 78.032866973124186
0.28152516385156134 69.811461813747584
0.30565179927956648 67.459673857143386
0.26241892429443159 72.657161043432026
0.23962616193179137 75.656179960825526
0.30441433023391873 67.674392950067428
0.21478583010396918 79.178116856980893
0.26765626234234885 74.097756392906774
0.15961066998565446 87.937168405602563
0.54999866751348392 56.761008472187811
0.20595995109077544 82.338579630171736
0.23934139226211382 74.993968302217752
0.28557607184352135 71.851333347928829
0.25711795472385346 73.270750638921029
0.24177608325428473 77.175155612974251
0.29556727027356416 68.131198273120702
0.21998423066355238 77.050423787725023
0.21328605923478561 81.116874939236155
0.27881351929213505 72.549532357652481
0.25046166052240187 72.112213734718424
0.3218083577270297 66.747939782559584
0.23620080518886619 75.736637540449493
0.27490953537971602 72.606710595198308
0.17744764996326215 84.086685370288265
0.25087600633157187 74.136398999039287
0.26752490137869628 75.331327207017608
0.3036325973995696 67.688686635311313
0.28274680270475239 70.761027445246853
0.24853857638933052 74.641888182570725
0.31779877814313384 67.947651362053733
0.27065814209129346 71.668256772537987
0.19846070748182015 80.007606134782449
0.31021269527044815 67.469548235696493
0.28076781071372375 71.74404720803166
0.27155386306757462 72.438091056518189
0.28013856274143267 70.94643446743072
0.28923695853398917 69.958384231553268
0.19645186157193026 77.264040882570612
0.25782302112891503 74.695236808485575
0.23247241110735206 75.420365963712783
0.32590838404174738 67.956151423016905
0.24094181660554806 73.496221938053822
0.28158600536972922 70.438205763904378
0.26667937140355419 73.537682280495559
0.23916439099316014 74.097531352234242
0.23762648428440475 74.23946545276776
0.29608702499612988 71.281081091759503
0.28210096269697466 73.555425423528632
0.2321959980802201 73.139899554851993
0.24538617481589708 77.608847799790013
0.33441849025841641 67.824364600906748
0.2171232643238756 78.476580963762729
0.36002398219034093 65.941164161498705
0.30363868850291276 69.252343850911728
0.20420930174930596 81.125560794473273
0.28604428207906674 71.939549629580554
0.28563898510698088 70.090677771035061
0.19039505300404694 83.349896710683197
0.278272569245403 72.103831522900293
0.43838337226572871 60.381309446213656
0.36189134349513191 65.929035312539114
0.35792704448332785 63.889336929245452
0.28387190767599707 72.464780433225044
0.21596690765677076 78.962780780134779
0.27820214105564606 70.513269985643475
0.39186241596799493 62.177229965321366
0.30954870783813765 69.723904501549001
0.32148180627281797 68.787399598415561
0.31987836882114767 69.710549647884648
0.24648970107501719 73.476291842555895
0.21065526461489409 75.573689140870556
0.26073369245509498 72.224761335826202
0.23527295124694275 76.905035622538833
0.28847704533453811 70.907845725233187
0.20971942003453325 76.469367547896596
0.23160980272704484 76.737448874159369
0.22572340868183988 74.770174618131534
0.30440096404781219 69.161957152957626
0.36969453223007087 64.007299367591017
0.34991280534636382 66.493386704326483
0.25776626106314715 74.314038017749382
0.20477404816024805 79.848086254979719
0.2554138658328492 74.696092246690924
0.22130940304325311 78.979747367040531
0.27104046800833481 73.303932869136176
0.26914477631646344 71.783807955982098
0.25348713321518701 73.380673492020662
0.25280439583813497 72.624872487207014
0.27136408034450493 72.282595171196675
0.22434717871800333 79.108209226703124
0.20869012328844411 81.940108605992052
0.29247797726379454 70.300616598482762
0.23913525350874951 76.92455164748732
0.20770260309965685 76.745887058277717
0.22554100289832638 76.809551907642813
0.21924362307412779 76.835440960414928
0.31387027544545393 70.327163746917137
0.18885107959502032 83.485547855191541
0.22811767531038438 75.122135129024116
0.29772226090423376 69.542045260048653
0.1971750726028558 83.650591785434159
0.26139229174312018 76.117570911087171
0.2851723290375725 70.11237709990553
0.38502126784397767 63.337125956004883
0.29744544058960598 72.721549543293804
0.23300625425691793 75.209141622332297
0.21926976620515995 78.882187118989052
0.17867522619243589 83.055606461918956
0.22331353497741802 79.01649071062694
0.36868664975014653 65.124609419684646
0.30224760221287483 69.304275751278766
0.27688351024571323 69.338294480984544
0.21681611552767191 82.779622686606515
0.29783792973789253 72.106683713530643
0.31032132036912052 67.277906239347388
0.21238518744683188 80.156234038904415
0.32595314869353698 68.44768668620091
0.23804633809522927 76.230246964640855
0.30209115902035383 69.448045264031137
0.41145039624702118 62.461493105739841
0.27244763847134756 74.184235340608822
0.23291520485621409 76.010552788932685
0.26818532852448079 73.778685301964941
0.44399903662178802 59.096732245592413
0.20204324226164638 79.910066776128133
0.28691819793543727 71.559071572864482
0.30599780114558428 69.735389334690908
0.31570824958479043 67.81650352102686
0.30989117199624211 68.66130507176365
0.26234824452498146 74.69919108715618
0.3294302477846453 68.219352493748474
0.32149134747129487 68.113356786893036
0.24546362272408123 77.09830121033481
0.23938329911417078 75.994652465652592
0.25809207398314749 73.878680799708448
0.24037340200130522 74.566908531344353
0.38762693929239395 63.985559916317037
0.31489834288915369 68.898973176809037
0.28524602980466635 70.656053926671262
0.29233242289948791 72.700149182218368
0.21321339119547511 78.850903603987746
0.27381352957093252 71.709812998485688
0.2821600580245483 73.487221531411336
0.34816584882587498 65.396088122584302
0.24117385092178606 73.482130184554521
0.31385414575323761 68.088049074208527
0.32036057481202324 68.900512518285637
0.22669524545508898 77.499172703291265
0.25984997107295893 75.493365958094216
0.19973165238364352 81.752534378474678
0.32934060525357106 68.290419899880121
0.37861011029446634 65.684307606353485
0.24659755097944183 73.633294695759275
0.28063023876297455 72.136441215785496
0.21942334738679256 78.538737276901585
0.22283525119943895 78.420400282091322
0.31336497673575697 68.838667990754359
0.27902324175370202 70.702296186906835
0.24492402228727583 75.528740196312384
0.20218151683993435 85.016665014016397
0.29245620476690759 71.529405580262761
0.39466453346359925 63.688814834493883
0.3070968596167673 69.068772022013661
0.32448001537320081 66.216745628870839
0.26960092689309106 73.280562978857134
0.23782765761474636 78.116457865815946
0.25769962420176573 73.214558735941736
0.33538777340627768 66.772908689431858
0.30142600620496018 70.107997726709954
0.21399572801674258 78.534399123464055
0.27194544295192175 72.99039789076609
0.28489341299137994 68.136623330481484
0.26192367301569591 74.287789826192451
0.30359322142281275 71.105253910561132
0.29572641678142764 70.865942604860024
0.36452575921387376 64.038018659617023
0.19863991603046749 79.406629232112422
0.2935122914909486 70.167709896622014
0.3203824070583256 68.825853484138364
0.29451491975776589 70.192644097960539
0.25666524320299139 74.443186168207632
0.2306888986105525 76.145775150535087
0.22646631367714229 76.619101292598486
0.25304851372528803 74.751329115754615
0.21247544415079556 79.728293623614263
0.32268033366451698 68.041030709662138
0.25996080603603516 71.567761132463076
0.16079124925838173 88.824775781415426
0.20357343885285256 79.076055586320834
0.20519581215124741 78.43543080755768
0.23947418986060184 76.1356206343157
0.38128261308883377 66.34093906682358
0.23961416712516354 74.723106714891486
0.2529938818936513 77.331555611381575
0.26002679178389493 73.515698662427738
0.24228469678775336 75.522416277819261
0.31394993045819009 66.503459040691112
0.30925777095138191 68.89386656213405
0.24172166709752926 75.250344055347668
0.29139180176758156 66.006123335580611
0.43139045230248158 60.838654347189966
0.29103473391771695 72.291143638859907
0.25852298861402934 73.382703537860777
0.2947945033814714 69.089977604291619
0.20233273981351133 79.874474790682058
0.3575055156367839 63.935168404609399
0.3174109644874481 68.20100843946652
0.26543298430214485 73.145544967473924
0.23739017917876132 75.647382061705628
0.21571825037106979 78.745503494242655
0.21895508404654121 74.997014204980218
0.29804946853621206 69.030000739171257
0.23406392862185058 77.08954536584038
0.25535150696509057 73.078355177656505
0.36716187979622772 63.923942274353578
0.24970126442854518 73.871028297062026
0.23538419806656741 75.525011368879987
0.29165326147405252 67.348472421753343
0.37544739163557972 65.100657794220879
0.27928444564304422 73.092396636096424
0.19661568709928851 81.592937758159124
0.22473787008625357 76.231921147709002
0.27958551538847137 69.861281629309985
0.31650874789125155 66.473919288717369
0.20418040310468158 77.348340974095393
0.34171867758849783 67.179287300626399
0.21838376271708107 77.807971804133231
0.37425281897793172 64.36541532258326
0.30242344725246173 69.61398845875668
0.20734132242416234 78.751176048678744
0.24466635650930152 74.69170480233231
0.26031369689491107 74.555341864152012
0.19247532337054238 79.831208667363569
0.25484747323715151 73.990260862696289
0.21983493825526754 76.34341163979515
0.41103429152047966 62.07509148283367
0.38990258893342189 62.752572712747209
0.2737334604207331 71.271285074246336
0.21599713685216274 75.703322365855655
0.26161948222420434 73.618673245377664
0.27475097792389086 70.093282510409935
0.25805631562815284 71.963847341209274
0.16896727660853472 82.852117818237176
0.25784348366193471 74.248746191733659
0.30262272477851598 66.497864671546637
0.24502384385359327 76.172215114239989
0.3096841342825753 69.076802438893893
0.30551160333535993 70.339294836532233
0.24805008552544466 74.984824072718197
0.26427116764411335 72.41968614481442
0.28670407184325036 71.403244346838363
0.29901835480811556 70.061501657692546
0.34782742989526705 68.364919152889314
0.25645413890797608 73.067378543809511
0.18098896928329999 85.336428345746285
0.27923073448311508 74.104203412158142
0.26746184791580091 73.827693648058499
0.23835284057178047 75.564189095158071
0.32644254466743361 68.123978758079815
0.20368695283758384 79.540878655485457
0.22007647000048489 78.138509061540532
0.34129922020459652 69.201728606147981
0.32201257103249603 69.136732541112423
0.30389774410982068 67.803810959508525
0.24022334078690241 74.875668886745288
0.34439601172519163 65.714517106087428
0.25108216586401472 73.763344811427118
0.22045752283843151 77.606329205842727
0.30484624988878078 69.63696061195418
0.25503460018537849 75.814253775880672
0.24218370419735921 75.503760863632252
0.30804737024354145 67.521610874438295
0.26579709649529554 73.386825053653894
0.32368793960295594 69.64800826173898
0.24852896070042588 73.128787510824296
0.28663176940008145 68.854193870459184
0.31392309850371869 66.43452927364757
0.25393821042511516 73.514680732604916
0.22514330361270962 78.555355722063567
0.3377940041370715 65.933634242811209
0.25003254263827257 74.946737307663057
0.28070059979851952 72.103918194499727
0.24895257283634012 76.116350440215157
0.24887208238468836 76.254981097432264
0.1724111380622543 86.971600760972734
0.26001705876976178 75.314702577444137
0.25355961629698659 74.558566825833921
0.28581241589812062 70.675336165522012
0.33240398435007706 66.595830137937725
0.19306465517445964 80.349196025598445
0.24438308143725956 74.558775744418938
0.26456445821805358 70.71992238095342
0.32719085405782444 67.924380231387062
0.27490055632714883 72.978058762492978
0.28105500409200979 71.178102842690535
0.29173692021804593 68.080859377460669
0.35926500873360429 64.811457304554025
0.27604369647678456 75.26892729186774
0.2991647589644395 70.989668085644325
0.3367977611489536 64.51519103960787
0.36356503539402246 65.819182961431693
0.30636362456255062 68.882212838966609
0.27654834778738846 70.8371707980276
0.2205608559605983 77.447237547489564
0.3409305105005298 66.828553198464874
0.28168167773901465 69.065967705480489
0.25093596289530734 74.609676958953784
0.28110677457695116 70.284880421995695
0.28695893084485907 72.010991623166021
0.37299800534719535 64.650756859916584
0.28856958076922956 71.554860677369916
0.26076496912259417 73.449330619813068
0.39738301421049937 60.753182223853642
0.32213557044886049 66.704562604203076
0.43453053878923131 61.488647209490615
0.23720962736411894 73.765232336521365
0.26982901998719233 71.58819349214528
0.22326974905637076 75.75559289742823
0.17848852602828763 81.174561834163441
0.29070503051545038 68.921290461163792
0.26355084685352592 74.288863334032214
0.25917601293091236 74.162978928244868
0.24424106208978907 75.543214285734607
0.23667027520455913 75.199605661614399
0.22614781037687559 76.499149425277935
0.27316199853534384 72.521654674226411
0.30292399677579279 71.027427027532354
0.25104367012567208 75.136330896198942
0.29545375099489679 69.39049109786194
0.18199554646650468 82.58474272705331
0.27907186575298187 71.551216563623797
0.33823603323455076 65.157531650788428
0.21714750288508919 78.398681732042121
0.26320618851471345 72.199315771534998
0.27328895815918602 69.762383672604415
0.29492139244937743 71.188451129984486
0.34323606420127867 65.575753040750953
0.44451218072530929 58.196451414061862
0.2433607281287955 74.702808339203358
0.23490009007866966 74.812533152474899
0.23782845704525921 73.325210799573085
0.35944109963652721 64.329897522189839
0.29926136575742596 68.066857654789715
0.33102404482846731 66.266286410117218
0.22626119009923232 80.770934258999645
0.25402846928600309 73.757217994478623
0.28193042044036859 72.368347442335093
0.28184701614139102 71.272570668630195
0.31689204620929712 69.228112589528124
0.25625267330960555 73.83759325176807
0.27428769296102978 70.574746443957338
0.24820819041480402 73.995664463105143
0.24363688831248015 75.591753359403995
0.22544599489332195 78.738718654494747
0.25240873830928401 75.430387302851713
0.305175711101839 68.318666608456326
0.2454547126788591 73.727492198451301
0.20796077134954877 80.768514405708657
0.26110606182844304 74.321072363772615
0.41566072062979564 61.411534834700205
0.22078780858889754 76.907219714699863
0.24594003469800768 75.874621020392624
0.27680823426299278 73.906693321327495
0.31697080267999067 69.746832350632019
0.24199382645061063 76.497404033861343
0.29626168061820257 70.652551906128295
0.36595827366608136 64.749209072325939
0.18902250234599591 82.159169533858588
0.33373420346543897 66.265019330997404
0.30619576780382057 69.343467697986085
0.21261788869175918 79.92749468671488
0.28390357954268902 72.859074736059554
0.25876503163076608 72.606936208778876
0.22196994951295171 74.242655240762858
0.23311193739246847 74.209940530902088
0.25405221056259075 74.197418862986865
0.22714624006562145 78.522763339380447
0.32514354567774795 69.172585192033097
0.19938460313698583 79.986425890350517
0.27169491169957871 73.304494269074041
0.2763455650012494 68.627664377571676
0.24981057445132671 73.260125007019923
0.28381271998793056 71.260399279156246
0.21405417643030772 78.871163901926948
0.32107607779451081 70.079907989289666
0.30441026161678392 70.504320678696175
0.25942601747126903 69.998578924256066
0.17288017268848421 80.634625054050289
0.18467242874108003 86.27714244702112
0.25118479191320392 75.119740345656965
0.27970384548140809 72.031921194247928
0.34458777537209551 63.629518043593286
0.22337602730513431 79.097532963148439
0.23310203719822112 75.853661710354444
0.25700543548963017 75.209822646447179
0.27737779183118666 70.489610884534272
0.22069205227524877 76.783541472201307
0.34348315544957264 68.887900883115137
0.33589375239514813 69.672701482265921
0.23413396833309624 75.769435586161975
0.25892135135014743 75.511145357565056
0.19798905672620543 80.551970479886108
0.28054287430492303 73.356884844560881
0.29314416861824094 71.466507532778436
0.30921932685188053 70.607815539952497
0.29046818055939055 71.547819639603503
0.31843637473758973 71.160520898219829
0.3471698262002505 68.535334161799128
0.29207894844352245 69.972990517870969
0.21323370592511992 78.533753805504332
0.28960048094945923 69.825364635242408
0.37960139056760916 64.264612613169845
0.2740301130784592 71.643742843621382
0.25639123020353516 71.85566485524042
0.28163347822368356 71.987846938033471
0.26430073585098862 75.895577952623384
0.22241517858949628 77.177222369193515
0.26426253811088002 71.324900310398078
0.28928984015371867 71.027709091086081
0.31770934048111721 67.925849528107406
0.30984630527772128 70.313766263853196
0.22490794410464357 74.84170857205477
0.21775795009439708 77.755862428248562
0.25786216462572215 71.28649101537971
0.21890193271582548 75.825715170229699
0.25994655923963017 73.880409607056052
0.29800419093208047 68.267191111750591
0.22489444187857538 75.126076724302024
0.20503746856450031 77.700527414547608
0.32703248288736858 70.29008171846759
0.28980976425017463 72.706214191088421
0.22260326254724019 76.730771712238166
0.1889523749102342 82.415798466123803
0.22079981852680447 78.502812972770968
0.22665651325275188 79.172879418285362
0.22502080371698965 76.873213348913126
0.24811910247060884 78.405689543781193
0.31024067997621535 66.948620249007575
0.2815532762648979 69.349937233805321
0.18414448946791528 80.40674598921926
0.24378051075765952 73.426608359667711
0.26561703019095201 75.969709757222944
0.2576476680060687 74.579944404745859
0.26939599504768014 75.665727730169166
0.24007648767738263 75.115844075501712
0.21792996217084257 75.537421158170389
0.32675659574992544 66.756007198276663
0.22478032725969627 79.01008056510112
0.21845726741114418 78.711737467917445
0.28412463475413613 69.669919519004566
0.17365770463767238 85.953953119161795
0.27742162483064209 73.814161311401278
0.20028087692011221 80.056680989785605
0.31077314637759113 67.798519036877991
0.38497565804822564 65.234190025024816
0.24688378058288574 76.240966982270578
0.31353303611172001 69.310870737104835
0.33306938653086587 66.754640860555625
0.21931988516824805 77.743094767356041
0.33889742377331189 67.660682689674459
0.25481549002991422 73.210206724801793
0.25105147619915957 74.695130132505241
0.1853401400126827 82.912281648584596
0.25384781387925998 71.743224476748537
0.3451935182718438 66.346323810557919
0.28902952039235774 71.231316185262372
0.30393494901473805 71.638391995207769
0.274944417014929 74.595838540381081
0.32741515662477583 66.972391769322954
0.27550049774051477 69.395146644661224
0.2806265150972454 73.070495302380337
0.31024663870931812 67.724507610865331
0.2904921571008332 68.963973321242065
0.34885283265548461 64.952478246550399
0.36603662735312986 62.295492721164401
0.23808118165766939 74.811016030913748
0.28750570852250645 72.489305913073906
0.28467233357357136 71.687285848375453
0.36143040082312344 65.287639077544156
0.38287953949301223 63.190037460941184
0.27198029749170194 70.90103215273696
0.28933734492451285 71.008398236566222
0.26770090100817284 72.073028867265748
0.30281883051450231 69.996655647622603
0.37485560809405122 63.689807500390756
0.23712988439254018 73.436884970492372
0.39941954132089913 64.285516828026232
0.31316183166198364 69.705873222159141
0.21156080091749663 77.116970527827277
0.32250268721402942 68.827623218181188
0.32342882190372152 68.082203438165848
0.24999880785752274 75.844843097046606
0.28891470385567924 70.694970840309281
0.27369728856067882 75.541870087547665
0.29752206404810683 71.629757762082306
0.23003356855067797 77.066325470962141
0.23861523412620153 75.713718311322395
0.34447436973884288 64.930625996952216
0.21785523318205136 75.137449258032476
0.36251789981442795 64.245359166491653
0.26520842561557628 71.267518215354144
0.21481703487402809 80.135166885984461
0.31394151859098612 67.082601592302794
0.27477334504466316 74.23814876793864
0.27748841325502166 71.868648916882577
0.43115820296481711 62.949406773818168
0.27556655273238245 73.746789334459464
0.33098433158570006 66.78756681781519
0.24954918266731718 75.416431334427955
0.24681953588357217 72.998081536977438
0.25795105911409649 72.452905334952831
0.2155450916352277 79.44130895760847
0.28290562420762161 72.754391462829076
0.29485994850546365 68.13062251711321
0.38863582387717011 63.509073469804541
0.24602991644833652 75.959639052365787
0.2794012786460171 70.204595382354611
0.21212605707346396 75.653800154580964
0.22163801056103893 79.187868888236125
0.26228288682393613 72.881874839859236
0.38770250920113936 63.95160586402659
0.19900349239565099 83.802881424398578
0.27102046337123509 72.885777137545119
0.28957157532222277 71.144470028151389
0.30158992823866926 70.17710369959417
0.24977004592274279 74.093281567938703
0.19500969732732143 81.003935118445071
0.24032780760314551 74.874363219371901
0.36906935703210469 62.874724649779658
0.32842393529143904 69.268618520976887
0.21135714054311858 81.381784773663313
0.27806895408454352 68.931582548816294
0.22597068698001951 78.402204329532339
0.23409608242106372 75.53776031177398
0.30878991360192776 69.491932106874913
0.25945740995131999 74.837766229767098
0.31646201660838358 68.802092270882511
0.30579691506085316 69.521457648228662
0.1965526790158485 80.485894747907494
0.27693853520252587 71.831151862194261
0.2424579137236858 75.264581345235626
0.28416287989783628 71.435173525482625
0.22249913514311265 79.205153535162921
0.27170554827097848 71.663509537027451
0.31780093711097823 66.09051708289266
0.22988235827361142 74.858322663611133
0.26172332636625079 75.804266815381538
0.38929351993469136 62.736671023069171
0.32698426622722654 66.679097228239115
0.23461241568599875 73.992473192029806
0.32461042793420575 67.919022622741991
0.2543602527414357 74.563220122686616
0.27706770059742092 71.881855014877161
0.21394113777618762 79.649754277144652
0.25335424307561472 72.335089195254923
0.17851226319046287 84.292055821583077
0.2454161975325182 74.678833748908318
0.24597455759379708 76.158811786149499
0.30345201493785695 69.30870598938219
0.26413418005373074 71.84311660589087
0.2664666731030646 72.922405892549236
0.32902194074043739 66.571255664021166
0.1888513145738728 82.125121617757586
0.28471525462183517 67.943682572777803
0.22427186996431081 76.065334151072364
0.24039955691832021 76.551920935577385
0.35542373679405831 64.795653383205561
0.31735780047977802 68.979691646703216
0.24487531471842089 75.778516414146409
0.20304495745485571 77.658886498130741
0.30993370246626994 67.761538176871156
0.29390786809271435 70.468374887784933
0.22177541451129268 76.963789132867277
0.22540932134910507 76.888001848528404
0.25284354665308983 74.762545600637907
0.20995055226930162 80.828997197824251
0.26661083814143499 70.61946073342169
0.21945704154983328 76.865967837763606
0.26486525374682446 73.045143585914929
0.25398926161042401 72.559559895794763
0.2120965171842808 76.226154861954825
0.24582312741662679 75.887518655086978
0.25909616798605029 72.98060681765017
0.2341992883883442 75.937024743040809
0.25702097214622616 73.443899370311243
0.29448028684321859 71.58159927966436
0.2755012658435757 71.978176916564323
0.23865283942952703 75.642827635255813
0.33961943408008211 66.385776796332081
0.32690569824938753 67.250703378105257
0.23476742331962766 77.664757946848084
0.19454427606566088 82.661836760351278
0.30388565021727548 69.300228417552432
0.27039513357074751 71.820135052620401
0.23452368350495456 76.532508248482486
0.22379855379661909 75.993768398697554
0.26605158919276495 73.272840035873756
0.30961082990444821 67.806866884953394
0.36142637781364273 65.975165191338178
0.27321285034995635 72.90532424873588
0.31556522729418834 71.130868838523725
0.39663556440449682 64.108828269120949
0.29161917268347004 70.314607457664579
0.21731657295501011 79.399658621599031
0.18515564162840065 78.696906465616351
0.26437448002817132 71.154104954115979
0.26712323846717151 71.693314485985468
0.29719260093883837 71.085953597170302
0.27793266672866368 72.417606598863401
0.3462936152822888 64.279215487149031
0.25412092016737708 72.277880251860893
0.26914300706983418 70.066547320237888
0.26990545000895616 69.123458452865066
0.351898343202525 66.940545202497347
0.27022481729869446 71.044227231187776
0.36876709039751371 61.443435919413844
0.34057532700885457 64.736796989664725
0.23120742651446388 75.904134659355933
0.33358040253132321 67.058402909577069
0.20187151394016972 80.19357592253948
0.24823216993833816 73.912935568917845
0.34661017507998126 65.378782708567797
0.27977329711154686 69.610065155625065
0.25444721983277868 72.348795372198666
0.29664195994247444 69.151225799188182
0.24488245452746171 72.480562273607333
0.3322142230020575 66.88028078087666
0.26667120478874445 72.663947753806212
0.24828635777408059 78.407206307947362
0.24388290301447027 77.891351836579773
0.24729047248162903 74.995554687063461
0.27456026396624539 70.551247705295467
0.30279202042566333 70.116434433698558
0.22941574350466384 77.510677575795896
0.33244510749908612 69.817994097426563
0.2771492026719331 71.396163477314204
0.38829933341925277 62.917954970934026
0.37932180838135138 65.034189014336661
0.24130137916697386 76.893658027532936
0.21264441905282078 79.463468127174139
0.23026761772688056 79.178779027709524
0.39436065550419824 62.874536886615481
0.27923561696715221 70.726303580990191
0.27473104405262128 71.987416069472062
0.24400872178986688 74.317037864977976
0.22862202204220161 77.784963207918295
0.212356310359579 81.852570705554811
0.26320478677280201 71.898619453084478
0.27982184364869767 70.386478645830337
0.30446848960488032 69.296907738637472
0.26349341121599584 74.724122556412311
0.22831042749195912 77.81227616053728
0.25826369547339983 73.026197965242474
0.231105981189071 76.937176511735032
0.2492271490736562 75.980554006578814
0.28540528699046724 69.876948309026247
0.25563087810766738 74.904147639576138
0.24818579927296039 74.426572653589943
0.30545299474668636 68.47379130023171
0.21262713918695789 76.844764484980544
0.2043221400505755 83.011526341739511
0.2673652640632655 72.51057683534934
0.23235397421575035 76.136692707361306
0.35580614749119666 64.134466470562359
0.25016386309919408 70.223827239277924
0.28027346965773309 73.38679116011798
0.30414950427228543 69.739904666031393
0.2872741107309606 69.778617956802393
0.25115625061149111 73.170510275266494
0.29091011304195752 69.637197465599172
0.18852327416911169 81.740338201507143
0.2316009801079745 77.991289773003999
0.25820873436298486 74.109445646509286
0.30763178184628442 68.498754542048999
0.38434421195899432 63.509437695839942
0.23767059581030273 74.114777687745303
0.32054810742552625 70.129693604265668
0.24050656092844769 72.898183072597988
0.30999252719421144 71.01227573351477
0.29555489877878399 69.353831692473918
0.27268016906281445 73.059667451514883
0.30294114783768766 66.430710333766257
0.2380989246936214 76.720905942813573
0.29807919894743812 69.49969073355814
0.22362553009006564 76.254132467581115
0.28737036332003085 71.226942374744226
0.22601128423537789 73.044182279096475
0.27868164893233727 71.95431881921246
0.34275318086239642 68.253833438897288
0.24735513830812392 73.883586851413497
0.28282796060825982 71.502151541732431
0.26668652216924399 73.361431580244044
0.28592222134012263 68.828175951809897
0.2210258362450023 77.563401305919058
0.30612924048535906 69.439127777464421
0.29709771933688739 71.760957795241694
0.23724352648063285 74.857782993046513
0.31120152616827673 67.019169471051143
0.30483669076251807 68.695058223331031
0.26002532727722455 75.928556451577862
0.29721412128373703 71.222405535256684
0.24187064175721468 76.773243350211331
0.25793436230427869 73.939124770273182
0.3133087680166125 70.861695129154043
0.22886583204836805 76.645656265616608
0.22798904241699017 76.994713713614928
0.32637100786309564 67.103982816525672
0.29162900991712187 70.991801491491373
0.24473852704533539 75.853127120272305
0.33681625044526303 65.255444944116746
0.31090855759984654 69.091565796479983
0.31714856193817376 71.650698227228361
0.38765648767694877 62.469619949267823
0.25892074767569467 73.524096277055619
0.2758290719026939 71.190925716148001
0.27670780682010149 70.785163170407486
0.24234331000047307 75.428331848249556
0.2775410906164808 72.078854395497274
0.30739247329938629 69.651726640637349
0.24983527230238031 73.640901614780134
0.2388489030750168 74.109157755997217
0.26185641452887726 73.628485917785426
0.33378032425628962 67.909113528610121
0.20530226950768482 78.949040883150815
0.27589744377545861 71.667865877621622
0.33258310438588001 67.668015634707842
0.31509679538579738 69.676168215753819
0.30114991497613236 70.594084320051024
0.22057091449480606 75.299267846032095
0.27577636125648181 71.474092581841631
0.23798459545288672 74.474769277975369
0.25537521808809621 75.069328445695589
0.24741496726924048 76.763763690592612
0.24606776256393456 76.855984324673145
0.22556361526094829 76.837648813406361
0.28603832086924769 73.304788439249094
0.22248568388987089 78.74853800920188
0.27582858357227374 72.709602013495399
0.28921767173816942 70.614348993525951
0.24921272668413813 76.061641660873661
0.32677183807486165 66.386846734080578
0.22942360416038149 74.195115865319735
0.27003497600572152 70.641507468649181
0.21168701815704266 80.254326153403397
0.27369636458654106 72.250127486953716
0.22541029720275091 76.091788693609004
0.2216817482244835 79.869466383032815
0.2741071955950895 73.329397751013715
0.32065837638304134 69.383872711302445
0.24033070080888888 74.30974894589724
0.33773861361006402 67.532992496591092
0.25402320165380593 75.647565141792455
0.21082196782203924 79.168278344502724
0.17689112647816296 83.775359978965028
0.2794048355122894 70.975145002656333
0.26533741588029458 71.901100264212431
0.30113232802517703 69.617438559251383
0.25561899056125698 72.977433876409336
0.23213805536634449 76.409241843801354
0.20936062534356753 82.038471937523951
0.28366351317364535 70.719788555745751
0.31702980039428985 69.790756736112925
0.28460281895754086 71.50167355803454
0.43027583922455548 61.870105979636541
0.24438454468970824 76.09348551684117
0.29581874376897388 70.266677965110517
0.19049657094987255 79.058194995098788
0.2408170663821666 78.500950199732031
0.18563705341954767 84.620271948484302
0.32802490390094829 66.990102083991346
0.31279873908448014 70.540099794564824
0.25195842994659295 73.355924063471051
0.35711680899370041 67.265676063550856
0.32521098113053709 69.84389744878024
0.31432399524717236 68.099895862163734
0.26087209069563599 76.231539671393932
0.3385219286173215 66.903779535905883
0.2948209761042484 70.854491123348666
0.22897431105628399 75.907855676623015
0.23847192942983506 77.637856874824436
0.24548210980222085 74.386132860368093
0.20905062874702396 77.701069316494028
0.2505983705075488 74.053084905283768
0.24545891330084904 73.162952268375278
0.29322519665399832 70.08416612145075
0.21970474272484039 77.219974080517147
0.27151182470410912 73.659184586894781
0.21520106176393486 77.702314240149761
0.22234145729433435 78.438137695466011
0.35361157452389863 63.368218594121686
0.35142854291036396 64.692247284633595
0.28082284890414183 71.113763686705624
0.2747964816217961 71.979830336002081
0.27538100650866298 71.399155842150478
0.30139714388200967 69.815961625086203
0.28632852396073261 71.385455104412884
0.2531083478718848 75.054562635867825
0.26221614541994448 72.011581570756277
0.23522202619141269 77.047985529461002
0.15984006630970779 87.068084709097604
0.28559055474432848 70.459672906839288
0.23718383085029721 76.124878837906934
0.24363367469681077 76.967583460842519
0.2654759726885228 74.749735272138039
0.32388925941469654 67.400620305507331
0.28652698959660322 69.590791874212044
0.30571320176507355 67.69995154555329
0.26334923042891878 74.246210716010523
0.26532973430846601 72.468125853121961
0.29703205454258574 71.163008765687778
0.36440558937978468 63.686317293161977
0.24869666553355477 73.807470955421053
0.39159530504614115 63.022457553359033
0.25314985867983814 77.297742171440561
0.25514813913179307 76.227719845745412
0.32242549307003804 65.731738684929041
0.29267497658887065 70.237024585299579
0.35159863108370804 63.596220948947234
0.24095525048449937 76.070549163811705
0.26801472730760606 73.2309486850138
0.31586369567168954 68.333748027171751
0.36316943541326779 65.431363458565954
0.2724068113299738 72.153841060482037
0.34233044866985957 64.462388126796526
0.29778075943795101 70.031673985299406
0.28996090219001552 71.182326521590426
0.22943970569319397 77.13071923943815
0.20083459496087408 76.338699253782224
0.23781352990412663 73.240007520826325
0.25439907671165074 73.041912712185407
0.2866134361942842 70.762522379749541
0.29613769350337127 71.025218577862091
0.29416908911292139 66.469069229304694
0.29282159911154443 69.947052812113157
0.21770101378134316 79.466561647766142
0.23056194744050279 77.400080620750614
0.22677196850725945 76.87992904389786
0.23300902981115748 75.815159531631963
0.29503099810296468 71.454144666381254
0.29966133142039314 69.845955264220379
0.23906575152763268 73.897321061589295
0.48822707120142605 58.268609969588454
0.24095547497281442 75.36299763009076
0.29018183050471785 70.7370923211096
0.27191106590602032 70.904080848079545
0.33215054108016145 69.947067773913844
0.26757439996841065 70.842134910356052
0.27001859875028406 71.279288160785356
0.22192101761168792 75.598141228673526
0.23999621491728401 78.182201078959423
0.31920881143022678 69.587172591353962
0.24615311141626184 76.526448101935586
0.27738286150395647 71.772377122992367
0.35189259663612926 65.748173029296723
0.27209636591163483 71.652155549202234
0.29094633901025407 70.359497675758263
0.33417132230107294 67.701285701115552
0.35719430209372988 66.321603406418376
0.29472591854877683 70.750048959065197
0.28841506489901758 69.521248329582818
0.29114814126049154 71.405993013403375
0.28863052959288982 70.438882328959536
0.24784110927064132 74.674122732243617
0.35569649011388649 64.898862475077905
0.26130640425327811 73.980856582707602
0.26237328092105838 70.599494381580811
0.32040960131809748 69.292744336793035
0.23542509233353481 76.985368308353301
0.28833270110732495 71.580968504244765
0.28844995271604251 69.424607957748407
0.33044020430737781 67.775903403463388
0.28001763024361159 73.448719403823191
0.29321603403585056 71.523530381255057
0.39209527303833536 65.260070513106854
0.30353873050673408 70.867812679077687
0.27065036353701832 73.306519292779214
0.26004324845324961 74.128492424334809
0.3006488064128931 70.459167696290194
0.31488665218442613 68.800426928317705
0.29083489028611498 72.00842820006973
0.37423654907623993 67.047023284571665
0.2224050040762266 76.848507376039208
0.15500046740942772 87.585488250322342
0.37992088580884681 62.712816939668372
0.24184427568062702 73.846100037855251
0.27746212564048156 71.952562762620545
0.23104551086975306 76.596722443350941
0.30777498248258101 67.570786797514927
0.28088439373324231 72.44647430281502
0.33767318203726898 67.970673110256655
0.27121707196812556 70.279792973863309
0.23811042725436499 72.553687479192973
0.27487905919940708 72.94630961404232
0.19543620514972351 81.20459867017739
0.27049322398804482 71.734261689664194
0.23299632365925946 78.769804146914424
0.34200098550898034 65.06542847153537
0.27887049437702149 71.976846957744087
0.28377958085051302 71.150306508135159
0.21561647869697215 79.471024250379926
0.24491484845268999 73.114439198289475
0.24855270898910733 75.150621781217865
0.34774737507295611 65.867208021996206
0.29203229016987636 68.131673608143061
0.24366315695884994 74.907080151128511
0.29050002672132802 72.870941605652618
0.21688141360426241 78.379340774784353
0.35691542661896564 65.373117426863772
0.29262096104648494 70.635358585364273
0.28919217370495248 71.957071802830797
0.30464598737267634 69.32589440204903
0.28684396785531835 69.196771794312738
0.27793096675052348 71.613397528399346
0.31581064789480123 69.664465489693114
0.27791238722668143 72.437883019239308
0.21311083772857431 79.057659229075469
0.26506228527267017 74.032001623719481
0.31477292353644959 69.257098241632022
0.25300042735637396 72.48748527083454
0.24984974214296921 73.885045857682243
0.184569524612678 82.809278564961673
0.25117459290454924 76.699904985427963
0.23664614877053142 76.24755316675224
0.25193575435547688 73.814438014007223
0.2136996658180445 77.562143624135885
0.21060580132758158 79.627761150106096
0.25356651939462538 73.19807510388587
0.25666869474541404 71.881753502173908
0.22723009801254671 78.832358605086611
0.29013084306927478 70.22818050149877
0.19406417260304373 81.906352867980999
0.29937201103861405 68.975015310543128
0.36662890443386975 64.226111840413751
0.22953730272775294 77.391690470543324
0.23207998998345453 79.031879574398531
0.32831400451501863 67.962545434972043
0.18507014797820101 81.895650985045904
0.26760437705386819 74.875959838074834
0.30752556841803036 67.669670829722108
0.3181793526124912 69.403459374751336
0.33020747921487498 67.641416543935378
0.30622674062681488 68.331279998672301
0.26646762679358965 72.181695598555635
0.32883755164670664 65.83015409964446
0.24779514408146189 75.74080769788074
0.24350946427836226 75.357551805695948
0.30295709162604578 70.108507383431061
0.43273387940094399 59.552300697429466
0.24298015608252049 74.838272049773209
0.30470025264021022 67.728968156770733
0.21117947185003086 78.40170160333814
0.26244264639379283 72.075807523543304
0.3251296144170075 68.296623740689469
0.26090106799656176 73.708667256229901
0.22561840644064751 75.31995169091023
0.21300961377836905 79.448669852092891
0.20463723926566721 79.738692003852535
0.2197130933478377 78.405905565221119
0.2201651040280837 78.963391933054098
0.27118098444859778 69.88315120282617
0.36867466116027287 66.275264518211145
0.24997927275244727 75.804424670097404
0.22204198154798596 77.081000853191767
0.28916556399752996 70.305923890891421
0.25444793176924357 75.109467125713124
0.2366770425054287 78.833898544845582
0.23161752603339592 75.047602313362773
0.28820896996304346 69.458273724874303
0.22587495972673019 76.379669868445603
0.22549090357859192 81.047297407307838
0.20271229610608688 82.39142405242842
0.22100927501543771 78.878721957380321
0.2844428474315735 72.707586309974445
0.3601889631098612 63.21107300984665
0.25449653675805689 73.781356193185644
0.26195810753848814 74.910496168636683
0.22270099114710815 78.101512323031073
0.22999707751304127 79.725579900263952
0.31793273063548483 67.771697307288193
0.22385593353281269 77.021892814836747
0.22749195082886489 77.396078504088905
0.27665098701063567 72.99739537347746
0.34911902481626789 64.203127120617481
0.24798652122186535 72.636472724590007
0.20926711792230879 81.057970332995524
0.259364109505483 72.732913551860037
0.22196663006550896 79.018675881616815
0.2739349755616724 73.43650662324066
0.23218711072161757 77.990998774643927
0.25590896627269155 72.222665610694023
0.29219030886797537 71.110688660156498
0.29543636436324022 68.240519493291472
0.23104524256900658 78.368049923379672
0.30877381461997133 68.163176371530454
0.22382870843124664 79.458526982538189
0.21636837284634844 80.4562370115259
0.28416679229252179 69.853350636627482
0.28720874646913236 72.453979208709214
0.24715449983748902 73.638645221705389
0.1926189321229578 85.257880046204249
0.31234303777583156 67.890685800868965
0.24244992450400416 75.789856160139166
0.37289127015870238 64.62714412501029
0.31331752366926729 66.368359854938774
0.21905716684215537 78.459308504267682
0.28960339041514344 67.528330086645909
0.25248304971979768 74.882085122014217
0.40199240820464333 62.825486239095824
0.28307148517991076 72.541432325852526
0.31090810292744159 67.732722072324435
0.24494147262215443 75.227049976441108
0.27266986439995511 69.408945633265205
0.36871687613091209 63.432869529483895
0.20508354780030286 80.25310645223631
0.31890686067162166 66.804292567361102
0.3387426143802037 67.125185571927062
0.23196845463045182 76.294704552477512
0.18919095715582906 81.350457905520045
0.27396224802108754 72.006950317225488
0.33141885116718428 67.702647179354727
0.25358383542371721 74.712512781233499
0.24121020902353449 73.800514927797977
0.33227406586689229 67.539298891495363
0.26913920781919903 72.966795366923151
0.28011095775335004 70.997390063562108
0.23587069769595193 75.442463716263092
0.22620577496093219 76.668897702105497
0.27798958543874736 69.569906944788087
0.26004959902107727 74.023626782524829
0.28912067008691705 70.568931381871138
0.26984862297981738 70.506883382016497
0.25438609289429259 74.595245755933661
0.23134775422137729 76.56520077578223
0.23081064153350894 77.196288561604334
0.25151194429993373 76.186053397455453
0.21747265652608574 77.956888518798124
0.2467351215527466 74.757211673579704
0.22178858339475263 75.559651606667074
0.31206417372208417 66.71312691801073
0.21227997058092293 79.208097230865164
0.37425416515819954 64.171222015175033
0.29547216034154661 71.004870428342684
0.24898411363737852 75.991231415727981
0.27122816004348105 71.895274042677883
0.2671624510098779 75.011060767214857
0.23081757012939233 76.318052472408382
0.32843307601060662 69.961419149087547
0.23554416972133618 77.871797019575624
0.26169517521914909 75.137843051445415
0.28362820934211891 72.537209700764024
0.25458478179409888 73.288311341282721
0.27442377419945974 71.903911041978446
0.33688442388628015 67.814082987510162
0.37854114777504128 62.347074132112844
0.2297781363755852 80.615133284809218
0.22083363546876497 79.286033243802876
0.28996713371532046 68.398907492994425
0.33378043453670597 65.980065927770951
0.21551519595721852 77.215054501146241
0.31016067685367665 68.892783098623283
0.1708260615003272 90.299537728540571
0.22126630793065835 77.181278973955827
0.21786219004058396 79.045317673358582
0.27015591353638913 72.799916011037652
0.24713250624685604 74.563195387483347
0.31030002860816963 68.379828599918795
0.28639791942780157 71.370504224322602
0.22852012779608336 75.872150689701883
0.18720025084836306 85.439486891189517
0.21591031260534962 75.151411976586544
0.31037247988289163 69.364636712317846
0.28743896894017545 71.209917197986414
0.40339029643143587 64.003367629211496
0.23869206423466988 75.650808317362007
0.20364024460792129 80.764043749303198
0.24496427027317394 74.169408598344688
0.26954565969369021 70.274311743902089
0.29002541401037363 72.494019665725077
0.26697311504542448 72.827972861453745
0.4165206048310976 62.400856511071801
0.3169728886647733 66.106519964538649
0.25932559192887067 74.256320047002276
0.21136031254434459 77.612059620800011
0.3050811005933704 70.117583211049734
0.30067645989828662 67.32037093304848
0.4988365050110084 55.351881927524829
0.22228490182299301 79.363131809368454
0.23027047002413836 76.528571656911936
0.28557408680673241 72.02482887958142
0.252339626025602 74.483099242097779
0.30407503541634084 70.305681007506521
0.28666262701482847 70.408848680207129
0.22225412149412055 77.867318433151553
0.36695694620883296 64.036609919074252
0.28610478114267318 72.758870180096324
0.37857190628160059 64.344907955840526
0.24658440052774266 75.385568408843056
0.24735270251864208 77.103241396909652
0.23002867815483644 77.133107330588544
0.23535401634664785 79.497345825018428
0.3090822592891469 69.991158937019392
0.26585008805259824 73.260164340183806
0.24796700208811087 72.438375937559002
0.28388187194001513 69.08189774414177
0.30276407748303474 68.795228361021884
0.29235097593644743 69.15296936844328
0.22371442719412593 75.178315513388938
0.23451132728734211 77.107581865797982
0.21750082789578423 78.732406037492353
0.2690103201021995 71.404209968931582
0.34090407843020859 65.791530914669522
0.28168399916481396 72.396510085920255
0.21087133064901967 80.156980424831048
0.21754891554638117 78.800798898426009
0.39247816226778104 64.168205228532358
0.43881702140009926 58.256036467547744
0.29502301512405754 71.500106313537543
0.24696308972985773 73.370495916064982
0.33401034595550189 66.905770531779083
0.21259005687133983 78.096162583218387
0.27510829787616947 72.234174757918211
0.21806458365805698 78.116552295677721
0.28999608935040899 69.525781812721931
0.24698899851641931 75.219141587804856
0.30504945942235973 69.993301656908784
0.37070583286902858 65.197592925285761
0.22997245545351319 77.80586268716506
0.22950691308268797 78.016871346072719
0.29081417199910697 70.200335486452758
0.22390296530030898 76.835625933796521
0.22211976207789513 77.202130769613404
0.24316204879801859 77.397926942195284
0.31925484196024689 68.39688202524934
0.29307859779576861 72.014729531290897
0.21610606044014571 80.346506596934958
0.32196282093437212 65.464350761167466
0.32341650405476424 70.478896061018361
0.2161674963704244 78.781567150263626
0.24641377858945562 74.19577935663861
0.32022583162037144 66.984525254366545
0.32324711080384061 69.05198663271176
0.21251145133989582 79.141016768694442
0.27014483465970079 73.513562825250958
0.21494681272603311 81.742779470433447
0.23584390274177891 78.006551996514247
0.28665735435175332 71.479785778427157
0.22781289278004596 76.755553446769568
0.35403290597410192 63.642577697110973
0.29225432361982817 69.787013364089475
0.28586364028058103 71.799395279143937
0.37618883558059613 64.329791885680848
0.23206825358573852 76.375554513973057
0.27870381934216909 70.92913248300971
0.22706028302566003 78.280444462620665
0.23809512253920584 76.018184898703012
0.27434180166867844 73.345607313205804
0.18921771587673966 81.90693324059967
0.24856266998812054 76.111107307503232
0.23737698007468891 80.731522929262823
0.21683475850661751 78.932354428018641
0.28594726378061686 72.924084164070521
0.31416194781531559 70.661777672814836
0.28431197715058659 70.073215836972707
0.33253950851313124 67.583619719684236
0.34632530920276144 65.324687930833107
0.413012810466935 58.047934433305777
0.26474034400923324 71.716877160966291
0.25851903387016767 71.397500657664693
0.18184861203725283 84.01675405161393
0.22535143695760745 75.974883488332182
0.27182786405842491 73.118481618386284
0.26168628856523496 72.685637984384613
0.24868150400182323 75.883342184391651
0.30832127632240786 67.912799193220167
0.25825109736074137 76.538009855842049
0.22177570737735183 76.609144823635802
0.16668091212496908 88.018049163342695
0.23911998785633531 73.657593906083989
0.23885948142273378 77.979137440151788
0.25498771828644207 73.770107960415316
0.26303464258622361 71.967953835577347
0.27785141661225771 71.844934276408409
0.23805789344417774 74.75434134273857
0.31409703115380877 66.956410127699442
0.26604758114690169 73.681108665032809
0.31347604657194 67.42920018871817
0.26592215821362097 72.056762682481519
0.28065736461334911 71.676399670102157
0.30569560191478229 69.70701834581709
0.22616741827856968 79.041523256950327
0.23658623928589517 76.313164933398284
0.27558903778361166 72.477050679585389
0.27293245016431983 72.816581817298371
0.29244222684005872 71.305700927433733
0.26583901207390481 73.278640574427669
0.22265502866759451 75.44722877427597
0.21802332898065568 77.87815679049821
0.22303435219108741 78.758241561124947
0.27868526985153619 71.68976531866717
0.26048217563535458 71.640693930409014
0.20078576918345725 81.323317799511855
0.3049903531187611 69.963989695520013
0.221609590311659 79.761675984898318
0.28451549719464114 70.827514078835378
0.19103670477733131 81.734258578010355
0.18245929623687104 84.869168243284861
0.21284876138269723 79.196605680485121
0.24672294349388596 74.609431762084981
0.3168837486004929 67.071045910520581
0.27752888410716753 68.898442489629517
0.31368386197117881 66.841364976665417
0.22235851171823962 76.872971580635706
0.2816083158267349 72.658553448454597
0.3517992007830551 65.52221025914119
0.24194972835756359 75.772663693548765
0.22919169903541364 75.665268360973542
0.39196217807099204 61.184994410572202
0.29492974707705066 70.60874216654824
0.24167117183213579 76.478010451863568
0.28815891599425469 69.209435662229311
0.25594525507468308 73.773137527014526
0.26621553029715955 68.783551568270966
0.23673250780076391 75.61866449639362
0.22125420221532907 77.864519035892059
0.30284664439637055 69.144736244763308
0.28070550579133419 69.787957052713836
0.2789254316650932 71.844258185001024
0.29978839559543907 68.469001823488213
0.24661090818075893 73.495601696574724
0.28036811600908418 69.867223872576474
0.26544339068599654 71.809309098580258
0.24712337436507548 74.544326163731753
0.27722364517484888 72.50374618076529
0.21969587958373865 76.861867758170433
0.25037337962411765 72.981429317505558
0.30592373147295587 68.325914408130288
0.23931783824760275 72.739178852546473
0.23450862265675532 76.772160070570365
0.25798156422956875 73.585227915546568
0.3504162058392184 66.423630167400702
0.32022789542533125 68.072439997876771
0.23915836194392318 74.86302395820924
0.29444802713454116 69.182045421622206
0.30286619960840916 67.30277609462523
0.26157140174261434 71.452896863277203
0.32520264561182871 67.558794682436883
0.22887929150387931 76.495556518462209
0.31008020005056336 68.325610215642854
0.24255269466996604 75.773876041477507
0.29136046936426818 72.573500297774061
0.29377905833047213 71.678889982120168
0.28117090540728967 72.403877133474936
0.28184174508946369 72.172057308667917
0.36133441137