# Omage H0
0.31340636223679114 66.007129606227821
0.18603595106752233 79.612671228270074
0.25415622279335315 73.705070761945379
0.19769741713444547 81.101718724889082
0.25532630003388712 74.347022663722143
0.18408213369465284 83.56551153416774
0.30105864098703916 66.949601471590157
0.27258630722981159 73.036696760682403
0.23056871569870424 76.433012281159748
0.24255613299384446 74.817466870333917
0.2241954949874933 80.294126186335774
0.26421942364046891 73.086536217584992
0.24860856800921868 68.935059216882678
0.33559974253875419 65.746513925934934
0.27938408037298984 70.121394023382763
0.33950095829218974 64.435056742709108
0.2080612606667068 80.068666764551779
0.26033088644784119 71.825591650955843
0.16095116340927151 85.268855423666253
0.20292885890979012 80.304212228688556
0.22249672591373312 72.770919148524143
0.22992161051603405 71.101000493913631
0.20958716620455853 81.838185900678553
0.32494750938824524 66.461136121122379
0.29493381980444572 69.078376431860406
0.30591501203563076 66.665571798421198
0.22725461403618819 79.20765176814551
0.26051536581421014 72.935370575847386
0.29818218744179992 68.169494626733766
0.26556832447744089 69.489299408546088
0.33204765420727805 66.520707199417558
0.23718148325795882 72.469020460150148
0.13676434537752968 94.615189955879856
0.23974146281450917 73.945341489980876
0.26266884666168666 71.650016494615286
0.21672006925598888 78.528081732448086
0.25087721645177224 73.846854963264832
0.31270226957142178 67.60822624829828
0.20854051994728254 80.189683893652855
0.23518689101348927 76.829179323126723
0.2547351788557205 72.150045968845532
0.24435154927203712 75.161110032504496
0.19946624553574582 76.958452199410786
0.21185900669763791 77.965307831702617
0.21972330244596025 76.602163973219703
0.32213385472373207 68.968893535963133
0.34325272559598285 66.70251299814197
0.27970428790034546 70.760813164436428
0.26499090878963411 68.85472501147423
0.2939099327498369 67.346608127701245
0.27922100796837585 71.582966787682082
0.38455539250479631 61.416699323699603
0.21866896702732849 76.087389128213658
0.17779395561070502 85.189796211963653
0.20906504930827641 76.088942619475461
0.25040738102769966 75.667416400357695
0.2654736452026476 71.280212085198301
0.32945277413602175 67.29594340704368
0.2506126292321893 73.753410985382303
0.24014268591501584 75.43789293539669
0.2585456785826768 74.516644199341059
0.2981010596786613 72.386455058648437
0.20341071253209489 79.038033103668823
0.29622861010241164 67.1934878394853
0.22928665614497545 74.487117130706878
0.31853200296444839 67.510375865057796
0.24248580305362252 75.985038532941971
0.21926516610915758 78.985736314029026
0.33043226448773022 67.124144594409486
0.25368650248742453 71.270469481258118
0.15481586726842084 86.308827840758852
0.23357503295365475 75.917308226092487
0.37504048184305488 64.47321154765541
0.16349207776263935 84.922080157125038
0.34031232078749241 65.684210547626847
0.27472885569356059 70.979336744907954
0.2483640053911482 73.015928042576803
0.18429626329435006 79.022782247040084
0.27688331056370358 70.545205568921332
0.21223425412824531 80.580796131896236
0.22841079005814688 76.988982689715655
0.21233810471716472 80.032244204602961
0.28133576248323422 70.812435468024347
0.22652754754706347 79.023144811800051
0.19722735935732227 76.766801292830138
0.2279202358990845 78.914019443616894
0.18169626870838004 82.00253495579183
0.22784222599061535 73.183581178836903
0.27201180726906549 74.348621078196913
0.21239038567178264 75.335181156826181
0.29526585420744261 69.685583146832428
0.3182660567420828 67.102732336647378
0.2722610441963878 69.786540322967227
0.23613108135552321 73.900291860606245
0.2760364248218693 72.16426359348138
0.22060416888222378 77.041343699144377
0.30008845217111874 69.774551827958447
0.38283486682474094 62.4954864784089
0.32607472183886849 67.934577523466871
0.22342688942217723 78.303555556343483
0.24286165297131107 75.625321358693782
0.24904634140064397 73.753672688232726
0.33650437884049628 64.307049883253057
0.26263331278552177 71.394466244463501
0.25542585947662538 70.917365459738406
0.22686365232143291 77.219375923143986
0.30413217157176187 67.063865530998342
0.1986176366848568 78.308382855628196
0.24138885270422655 76.47459989545446
0.21771771503530674 74.732100285240321
0.17890653818700947 82.727282963672678
0.26763259914780618 70.428539947739097
0.20600643007484626 80.570144540353311
0.24707927285977846 75.592294060538038
0.23554220145002094 76.623610804228363
0.31858461234543894 66.872827500013628
0.17310348440619222 83.99665524509723
0.28405057313532911 68.971637061768945
0.36425484264137842 62.243775433426492
0.28150609539951177 71.714034962489322
0.26135659031481168 71.42969698648038
0.24121563815296665 76.250088277872806
0.29890882447808004 69.013181710430132
0.2366012719694032 74.56910071933784
0.25293862484319113 73.777762806422317
0.1811097231388063 86.720383895981527
0.24383644284738498 77.164827850656437
0.37771995623003862 64.359576794672023
0.2612404841240823 73.14337352032031
0.23303184888218034 78.194690261559046
0.32837479566663647 65.917760648473589
0.24753331503911302 75.528317065174477
0.33726865961198982 64.294845755187026
0.30145121700256766 68.745459742907272
0.34088657107394399 67.175422878954436
0.32932019507142452 68.183835123318502
0.23167645802760062 74.941943375940781
0.2634141176892339 73.290950420381833
0.30516344096961401 66.002535489505917
0.25478453500707349 76.329284639173807
0.29721476451292811 68.62858096126071
0.16836967320241555 87.864569877632121
0.2270166079278377 74.947572011414962
0.29996236993383485 67.240635000629382
0.18169543478147129 80.257598720110579
0.20022282576870468 80.068449266702544
0.2145209412062247 78.360936166953479
0.25715089652969225 69.398984161894077
0.24617082010727917 74.311579255167103
0.21170873255243258 81.182326700752398
0.2837852953595012 69.006027735833939
0.25466222004802724 73.379220707499385
0.21409668424708758 77.305008462721517
0.25810543305330114 70.61235384560257
0.18938809624930006 78.630838883169787
0.19434550620833624 82.893463611129846
0.24265463871423371 74.798446841686442
0.33295529473141383 65.612461391446359
0.3151499763716536 67.860850158131058
0.20384559758358958 77.339553175814387
0.26551061639422407 69.201118181599725
0.24656327681958717 76.520034644431504
0.30222073324315996 70.716810342697784
0.27399739031353471 73.353390873244351
0.22398809951059129 77.242678037902252
0.18672257253458943 84.334444252217381
0.21689121373530484 75.297806287707417
0.17427778974565525 90.226058863846447
0.29156761101676715 69.326484127427463
0.25825521500404214 74.546311799147418
0.2562476113199571 71.284376589642434
0.3087412678404084 64.086075714392209
0.25591089695536318 72.235341288595066
0.31025962938125723 68.416006213811514
0.22598787521834704 75.901906696665137
0.20067110060134083 79.746606125318081
0.33073854504095551 67.797781259692172
0.20620150128627651 76.063268020692306
0.19945914331422709 78.582767528360847
0.28740134314889032 71.094300424608818
0.25550491560249555 75.115267922502397
0.27396466721625223 71.928877031401711
0.22393810401964676 72.174250119718579
0.31823586168385265 67.117043531555439
0.23264628771717502 75.003552619402257
0.16796890036447365 84.299442349338989
0.33817679949538321 68.231346344133058
0.28123374208183338 70.194560299616882
0.23977712366954043 72.202440890421471
0.28308677863438458 71.3745565887467
0.2995014472920749 66.754299282476808
0.21835408987800725 76.263268935074095
0.17708635766738887 85.282123198041816
0.30450363763925781 68.148430278696594
0.18351107910033604 86.01849224240344
0.25010621997886012 72.426825369319502
0.24991246915485146 76.915054413304048
0.2956454473186923 67.391597502544627
0.22769415026731502 80.876715756902584
0.27647892282914549 75.064256205274859
0.30089569462925359 69.789895825708484
0.34458987518833117 67.535745593221506
0.20310903157878132 79.711307282300183
0.19976869994227006 81.604164123685266
0.2228805714104983 72.52480900445363
0.349460014828123 63.382995874818718
0.25478558836461596 71.46741242102371
0.16559410990187937 86.942660291396493
0.29640810118779359 67.791135586787519
0.21865301209249577 78.259018447958198
0.24268470297895714 75.016603212655383
0.20007032882528208 79.083956633012761
0.17719435082474336 84.019399648217586
0.22745264418813238 78.204883761492695
0.24864219688930997 75.627129675152986
0.18025636902220196 78.406574807624267
0.29380688516901654 69.982157475804698
0.23809361478293134 73.636396029577071
0.27909907903470932 70.46737217055896
0.20021490125982494 79.289275256662521
0.23466361838603764 72.137181847571881
0.17892481896545781 86.042164864291067
0.1794656166432485 82.659506319142452
0.19373433875887783 83.129423359058393
0.23928154734370863 75.75015490005444
0.20875982631209736 79.243300324629388
0.26816199124929196 71.906974057377838
0.33866723905447627 66.760522411575479
0.27382522081405303 69.049017935734753
0.258072354656328 71.947927849300797
0.32339737124012341 69.77429836768124
0.23258244312222273 75.942204702163238
0.25319488630567982 74.528845957245622
0.32039579491448728 66.686455389903784
0.27753262313910915 65.979067629201452
0.23872508755768504 75.759669410947097
0.313891371124634 69.300200811176182
0.25322149195876648 72.410321629235327
0.2813491494999506 73.088943830978536
0.24352410093774973 73.167790337410679
0.22284306385696689 77.519662408142977
0.20129094378475346 81.465969666083851
0.29414584662558513 69.760418754211329
0.25235307893293746 74.241969298547474
0.28833225058677692 72.27387991753902
0.18680870818966852 82.354869995125043
0.33851275454967733 67.86951341316599
0.27102696559430789 73.447726767332696
0.24592676707797698 71.027014110264645
0.30924587780895674 69.270271280184744
0.21847768747154814 78.719666087516643
0.24839859721882551 73.272419574595176
0.17436795133864066 84.809033442324775
0.24509623014966578 78.237941413175051
0.33855726614426296 64.732192593789733
0.24378677554588579 75.693480063956159
0.2314159431979646 75.7668994143053
0.22847676992264912 75.601183003964934
0.23657161070813035 73.034451382381008
0.36988046226175375 63.87375407649067
0.181485595374622 85.570380051370918
0.19993070596970086 78.236870039879676
0.21520140992592726 77.108227120065152
0.26876736681134888 70.025799287713994
0.21208385010076769 77.786128582715961
0.2519161705090564 73.832720854834506
0.33655114404674941 65.415518820632016
0.2801718753722095 72.274035534197665
0.19659429368589831 80.371874453562015
0.2384260139854803 73.430231377395273
0.22908372139272115 75.160384447524976
0.30937751626305043 67.140440789769869
0.37647103951673688 60.185820669503549
0.26067115903985716 72.362667544519212
0.29722700437660415 64.261868882253765
0.20420177037721077 82.068794051842815
0.3372483376808173 66.455717280640997
0.20453442031058669 76.525763796891198
0.24526255847095216 75.278972507811631
0.32739958510446954 68.11821424414444
0.31200089870757819 66.295304255303321
0.37351090160373496 65.580176708834585
0.17618243917823448 80.774170817411616
0.29920039881926513 70.262976512270143
0.20998632505850243 80.412938990730396
0.23305001149688725 76.10464773437802
0.20596746215780995 79.250172863731748
0.30093088140300606 66.201590330962262
0.33309474357949936 65.583881500303633
0.23302307002967432 74.70178055148132
0.29003435379711856 72.623192088165908
0.27265746088537068 71.236788178849082
0.27504904003526542 74.44807289236455
0.24631998669590879 72.681237517906411
0.27707474090194351 71.775220921598489
0.23802833492885767 80.608160972279521
0.33494011539873153 65.359463458202256
0.20810180414070636 81.787036741574937
0.2440675538077148 72.281038670832473
0.20787710854052122 77.443077485110351
0.2581030969237133 71.522488820491773
0.31216623306103158 70.30695483749885
0.30619590355102272 64.242995394807991
0.26759550248496866 71.56529983214989
0.21806523812368345 77.437520683637302
0.23461845220252864 76.439988568997492
0.22352180896439836 78.060029443821875
0.22500982889044577 76.422357942593123
0.23855115668768079 76.797351382845861
0.23169169667821796 79.182689127713644
0.19880581730473731 77.734762504792528
0.2825985577453029 67.977308612171754
0.32622509608077882 67.505936578987956
0.19010584039437017 83.68779246959096
0.30908283749270754 69.990242920621327
0.20671308850462916 83.855953819365325
0.20396582317867507 79.526502073175365
0.26383316123210776 71.986235898762914
0.22601914021912842 79.091488976845085
0.201891559474868 78.936461261805221
0.27809686794710142 69.873883126657404
0.18793589310197917 80.968498076012551
0.2458975253993731 74.478912695467017
0.23845071802685486 73.795512810796836
0.2273685259234951 74.549017446495796
0.36276354883535383 65.994163659925619
0.22852095097205649 74.479994845566083
0.23963169603291992 75.096729764639875
0.2880752819099287 68.750805184686044
0.248639064637839 74.030084506485721
0.23689157629374949 75.353670088948547
0.23348289259641453 76.658403210507288
0.30431789300254164 70.353549650754019
0.2501175857715805 77.367764914013165
0.20498213553242822 80.387140900268861
0.33376148249247628 67.446431457281264
0.26133323047973528 74.869131942389998
0.23309230727504096 76.562032798679624
0.23768325865291939 73.839771185644167
0.21153398895496126 80.52193842326183
0.23509666027413323 76.29608278244099
0.17076959773608974 84.98915259498844
0.29278775363562415 65.808041197066032
0.33326852670766893 65.72411418796176
0.25442720484639386 73.849527598815769
0.19222999881648992 75.94858384631786
0.32407984872921397 68.46307652148586
0.22448533406698942 75.795524198011236
0.23564762683014587 78.411486163272869
0.30996926189177421 69.524746365277323
0.24363705957582629 76.682666794378818
0.28588749903385552 70.215163352701964
0.27084969266685405 70.58498742323421
0.30169849064351811 68.749920308112195
0.28043493826536503 68.37594208082993
0.2590645023121943 72.438922205489916
0.21789744794624241 79.057937407751965
0.31817105755561886 66.433753107314232
0.29719602971247383 65.846601949832319
0.23853132067587413 71.36473060284537
0.28906798823045965 70.610802114256799
0.2033605881189815 79.500063492172657
0.27128847156056785 66.938892136111477
0.28256267568272797 68.593312725910906
0.27661801446560175 70.754714491192217
0.17814400819215634 81.739495396533343
0.28487248291758205 70.882574793297991
0.25440990418652765 66.546560914328651
0.215060563518298 74.482964608711114
0.25676908238395779 71.334993200907022
0.25625451528129628 71.868711997453588
0.27697097576616164 70.205614881992233
0.2834028063688756 70.508428824827007
0.15220448537701436 86.777100316900658
0.37256586597375602 64.219836190189469
0.26194886285409102 72.912621108395101
0.28731515434183813 66.949403834034669
0.24910884788107845 74.163173267752313
0.21798561332277788 78.47891779012312
0.19057296226162238 80.653578304008732
0.17356157810664433 84.519296015449001
0.28105186001245069 70.666134176532722
0.25053356782325253 74.454238451497574
0.25275528920324697 72.497303300708296
0.21957309532773148 79.259060958858981
0.21543061500199351 78.261452828587679
0.27419626352750587 69.62265263928839
0.30972988540757712 69.846560841018857
0.27854441371133554 73.762919746416998
0.20478209083967727 79.558702517738084
0.23930909871931563 75.410521426445456
0.22367302357052019 78.538509432562151
0.36492173202153289 65.469432481060366
0.26438425594388842 72.822292321465113
0.22895707628247056 76.461758186782731
0.24790902854443572 74.166012817897794
0.3058096895513232 68.035596821097968
0.21024082816877182 79.414346435329549
0.17754104213639774 84.229491733108105
0.2199243804388086 76.149073843248019
0.25823151677214895 71.87645211521351
0.22755816802417186 77.853150815327567
0.25122551893893891 73.073237437722099
0.21522958554256738 76.951430033475702
0.18686460823747975 86.16055176668803
0.21963445605368012 76.029548288329948
0.24693295534029783 74.937776858979802
0.28290796312703009 71.88744289372957
0.20736563136374211 78.71220705000465
0.32224070404401312 64.660384145684887
0.28398293733786062 71.212349032979148
0.25601956904691192 72.775993094265758
0.37096895642910133 61.718366064478495
0.30841055711940163 68.036335208125124
0.28755877046844214 72.05692807929357
0.29234737032283481 64.47604595568275
0.2291396101264408 76.263512679980749
0.24552722106552435 76.356273735764944
0.2550765778295655 71.108709287654904
0.19377435104974083 81.922258338911362
0.36241017916552909 66.122852724832484
0.21642384732245898 77.647251710903817
0.2892206760484789 68.508973163709072
0.31664445825857673 67.263540519415031
0.21287046716262137 77.561649345808476
0.4173120849647764 59.388757919968718
0.26781419633242298 74.067802240072055
0.27969297023641831 73.745148048073332
0.25929841127199399 72.748908072129225
0.17810062118323081 82.114142965922923
0.20852206655796129 77.699108325987737
0.22721128798415458 79.911865916382666
0.19686182871331007 80.996993959213071
0.22489645363656963 76.018777140076281
0.24045482568182452 74.790923231171078
0.24615899628466439 71.758062764787425
0.28490939343447347 71.925992666268556
0.30235549893624875 67.31093266668698
0.23716465772601222 76.804554589894366
0.26200678245201703 72.178387681125855
0.34227231502760391 67.472877616673543
0.26491239908728342 74.670283710458165
0.2481624845378157 75.102157938149759
0.24447917041292086 74.851962021142185
0.19141101704555952 78.580313068667081
0.22433277877346885 75.224547261433656
0.28006850658219412 69.462681992709093
0.14194058978208612 94.999999760521163
0.19632448655641363 81.921299960755377
0.26301497163895604 72.468897426862554
0.23450510056550097 80.778809101452708
0.17692110899703686 81.042314579617212
0.31052487437975007 67.586187694403307
0.20993299697533102 77.036946749032282
0.31006343663447777 69.177167762010612
0.34023856171415884 64.514835414890527
0.24177497137882639 77.225909699592691
0.3000850317455 68.144800309346124
0.14217792929247164 92.864328270929533
0.31623554852243341 70.585866365407895
0.26478145724474234 75.640623606170209
0.26498398193233069 70.705329569034106
0.26122170507664833 71.652405654120216
0.3533347050565101 65.06767057990497
0.37818582575576154 62.088502102334402
0.22876884961663962 75.938793462301177
0.36450969478510953 65.695739515866777
0.3367837912429012 64.814143591361358
0.23979079489082333 76.38722057336436
0.30067474997410948 68.979510193972857
0.21723861267188121 73.309356513446915
0.37047839072464755 65.797919161421021
0.27236141147957915 72.494434965587999
0.24611528542973943 72.115979391454474
0.2914782872896336 68.831465995978775
0.2297004633620264 76.801170873484935
0.34990414195810776 66.286106481740504
0.22822593997149088 73.288476141293472
0.24400092131275722 72.209273406885742
0.22644721187251135 77.128016408468014
0.24015147237016293 76.560666364231807
0.23424167997287709 71.991015773731007
0.23315591842554034 76.058818426178405
0.21923456667876853 76.802719189482829
0.26702997738796641 72.72188499778666
0.37329568993029177 63.996722779867767
0.2329639705167377 76.327545910479373
0.21128464995698029 79.660650719938829
0.30723637045708008 69.247346878597725
0.22760158847109793 74.043736708226135
0.19365405578447525 84.344421486863325
0.19447260871693164 80.947478462526774
0.248387594568173 77.06521890714437
0.28441912228630561 70.268191719725692
0.23363025317802885 74.157222821683305
0.30396367416192233 70.187529709578726
0.22602100272402897 77.227719737549023
0.26430678330930063 72.578665038653156
0.21952181325856751 75.140737930713456
0.30801962593809734 67.751368512183191
0.29123838959198867 69.228320134238018
0.30677695617281819 71.410199647404909
0.22335733707430799 77.332569564001616
0.2819032034198149 68.687746142356929
0.25716641125361295 72.187895519379708
0.21754201489047664 79.407833681979525
0.20559784114510837 82.34148847704077
0.26953294516023624 71.05312240421803
0.29707715619912561 66.215206908913572
0.21339127222325854 78.862026835525725
0.23081981507451929 74.082572458066849
0.25794179937787126 71.176428706730121
0.20320874313603415 81.558385958531915
0.27969114915714233 66.575069985546705
0.19802957109072208 78.761349464459016
0.35097931342781019 63.632557505261794
0.27462233578362066 72.84819878291799
0.33555431286628429 68.447191781995755
0.28754360071166857 70.488727806781952
0.3506567258629657 63.886708575694598
0.28744881482452506 70.746025055432412
0.19223763110824987 82.828873859619193
0.31302042873304359 71.217544821706753
0.19253139455734955 83.226093391315018
0.31660075000321591 67.736357151860304
0.2108277640174028 75.560191234857044
0.22078305303534185 80.074256738533592
0.20897893456919048 77.023320464899157
0.22709991902548263 77.257993655326544
0.38818467145372343 63.301676431385815
0.29588855860660102 67.419794327343567
0.2527259770129992 72.285316901467482
0.18850133565324995 83.985776226929914
0.25654967214307067 74.98270303640389
0.29092812160604975 74.101040722054876
0.20416410827521181 77.864983114037841
0.25796843643603073 74.444334861167619
0.35702296645587783 66.906958509740718
0.23561163780486324 76.64390299468009
0.16945878534520303 81.666781092840381
0.22162898473853618 76.341798608898941
0.46570531227446543 56.846499056273174
0.20490298922379488 79.876562506882138
0.28903135070400299 71.913195155508134
0.28721547833528882 74.329932572399301
0.18295130598357925 82.568240329589514
0.33086216055755002 68.240181106542408
0.21296380534467849 81.115353802597795
0.15083389164083641 87.267361903189183
0.2941649489426979 67.196765572010364
0.32436502479684948 67.799965176499768
0.29437945097773394 66.468074183060992
0.29722557575096953 70.854274156344417
0.28831806351104833 68.608953851440006
0.18718534750466043 83.14806915406416
0.38024944827474633 59.911821243335886
0.19525622335803175 81.176806430248448
0.19599801192051519 81.065530035932127
0.19934593317676197 78.616096441298723
0.1898880769396161 82.03761844092476
0.28140480811100405 70.187521041670408
0.3522420698409453 65.565089753506513
0.23355641469612265 74.291313463139517
0.24798319402426935 76.009057885541907
0.23921370757503888 74.563116367078464
0.2418986160243215 78.58099557105605
0.24481557717261698 72.557249477059358
0.18653977849338027 82.480028593149896
0.24414428912078806 74.582074811780728
0.22606541906751709 76.776995210987167
0.3050066686771436 69.44654741028711
0.14689091560227627 86.092717799675654
0.24393882773535083 72.973913848905482
0.21661538724242013 77.766774536942634
0.30355678054107293 69.795707114885886
0.17354548907847347 89.084847609277858
0.23015789133591733 79.277775398261653
0.27486239396995027 70.241767201064292
0.24052330894492024 78.189615996701505
0.30427440519020049 70.56091155665159
0.28107774694880555 72.084007129436742
0.26030882070256944 72.580631620006926
0.26686784044952522 68.708614998617875
0.1794186086528422 77.690320713821038
0.23167359686472705 75.51757619410931
0.18471065266188708 80.105077581887556
0.18525902425777246 83.233176627174103
0.22830523160232161 74.311615870819125
0.18271578155994445 84.275322650099014
0.27814390325919963 71.037105727070113
0.25787993547600563 74.361144051591282
0.19892578950254414 76.881892890800671
0.37328581627764718 65.021279500575801
0.24490584411071648 73.996731618127626
0.19712329880033522 81.553290263245913
0.32101885459888041 69.410195178717117
0.26267441330996327 67.668128025096905
0.28561849839447673 65.930209481581443
0.28756468492034187 69.353942867739534
0.24591290217359973 70.978457949867419
0.30608770914768635 67.804560057703867
0.16125469335454415 88.618954545185744
0.36706906832795977 62.828721563791149
0.22584954013095296 74.770953519046714
0.29700443075866934 70.864440835223746
0.37044028903791981 66.303418271540863
0.26804234847494818 69.994506357981905
0.32725511197474044 66.678197875074687
0.29143817498428864 69.040769255600125
0.19998021840720201 82.233162230677664
0.30616666056260705 69.167511106066144
0.28821615310790888 66.194777462978124
0.21348469107807291 81.183286021820919
0.23718125452838559 72.359282123842462
0.29559707763090254 68.492712229201103
0.37154095334448217 64.309216480877438
0.18040196716289056 84.82953180782431
0.19108486626371382 82.474952493529315
0.32163833007065995 68.748296841083658
0.27146148556547817 72.743448819288233
0.28558051327737893 71.58565115567221
0.25995495896030879 70.390702918167136
0.24666481533788473 73.168641210164765
0.24033985811473171 74.060725861373541
0.23772059085385175 75.820864865192107
0.18248677349987447 83.140254344065326
0.21506345346663464 79.107632035059339
0.18180446784657189 82.308631248478278
0.20659356927486763 75.807562601050492
0.20571128228438179 78.968753878878346
0.27450068349611489 68.272262740595764
0.3006585615532496 72.407651826308765
0.25757557511308704 71.846246914100391
0.23707288502490714 74.687542275411346
0.21118218572954517 78.407907888370488
0.3712352696152395 65.143465512689573
0.26332285388998872 75.189406573669359
0.25825888631886035 73.736467007124446
0.14712198467330659 92.519140948468149
0.27506029711400454 71.770947779653042
0.29348738558444093 72.010292984888181
0.27577448625612028 73.610518167998464
0.30362854581309257 66.959722079663393
0.22857909359479417 75.393603197548501
0.31358628350450957 69.549543868634217
0.24776124713865746 71.682239936702146
0.286669859280482 67.236287087299971
0.27738982213444058 69.608716662717043
0.2948026181098376 70.457027000573802
0.22916278009625654 77.936611446450073
0.27024753744360475 70.771861239727613
0.17798740923639561 85.553139898501954
0.22639197523077897 78.28371120355547
0.24958900503507575 76.751962649685012
0.19892886218803288 81.131150747522895
0.27643857765476926 70.58668580452327
0.23976204294966741 76.187410184132503
0.20535604733069562 79.126500864019576
0.15051215637521864 88.715796385388259
0.27544933844737546 71.508281127447006
0.25499937674382217 72.008413156595608
0.23509231750172885 75.656913470487794
0.25412372922986598 73.88762600720969
0.2907260675508796 69.055425164758688
0.25102345565061884 72.293217011228521
0.19921399864373979 80.932964996282706
0.30237975953307161 70.26925031109873
0.22913715698401246 73.630603592654595
0.24809600459206796 76.527547831546016
0.20168424777207977 80.766484421584295
0.24687747251665093 76.032379392274251
0.31645760266873085 67.384616189790592
0.21567325112786612 79.195525200610717
0.26908718087371292 74.33861396133544
0.20744150249258012 74.141971068541579
0.24965536380740944 75.202463401205137
0.28276438791611685 69.056618863631229
0.18382464071191695 83.549507843687024
0.24757444285206343 75.835619552990622
0.22738131317108026 76.406291662810375
0.21454126025735878 81.03102398986114
0.19512824088402095 78.594212504348477
0.34794672573709551 65.990780481679863
0.17748026927293536 83.023600390762951
0.21501088046395603 76.108595169430259
0.1721334109177238 87.383560678082077
0.21715965922917713 80.322854190978902
0.23160266511629848 79.174914501693578
0.23138888370658706 80.826876527649617
0.2227546537472895 79.74435083286933
0.16846545642897737 84.815515077562694
0.26739778589219321 73.606684766914597
0.28725465548583479 72.403612433472318
0.33287656697059226 66.478390424328055
0.18971708728127443 74.546269638092582
0.24923797793847585 73.132190473825474
0.24668985735360491 75.318896032893051
0.21219963718898807 80.092668939422637
0.36397699000966816 64.838271930827233
0.19847456323430382 78.982782601151527
0.19361211434670925 81.565748924639379
0.20860585542522042 79.805594774627735
0.28717170387673163 72.270616325087659
0.30024588723850143 67.849158886525601
0.22116191611412708 76.562648416197916
0.2472537074404596 75.543667635113138
0.29032059830508045 71.120973221138186
0.34489679403876589 66.327128926734801
0.24295258675123968 72.107806316304291
0.26581964976877676 72.755132544760457
0.22398579911659466 76.450513143198648
0.17611153528943285 84.430533748137975
0.29624371584448689 70.814155808338
0.22034806120494005 76.017125079212164
0.1652216997502115 86.206098978058719
0.19081888665482363 79.501864159288232
0.21853998371349861 78.319814621492952
0.31339869537490528 69.880051607505621
0.29879186081768194 68.72642498860364
0.25571381188219239 72.79085450398334
0.31139389666060502 66.054439069141239
0.19936078722886735 81.710440646121697
0.26688050757421561 71.039963499785543
0.18587118853398724 79.971332160072848
0.27563969971852853 70.741838634008033
0.33403631854895594 66.270770822094377
0.31266333532420859 64.288814518381741
0.2426902310598795 75.737496521881553
0.21425908899217933 81.721127133407307
0.29075465365773334 70.644045742526416
0.27967531994224065 71.03371557308958
0.2285177985782518 77.949664798810673
0.26009602897098338 74.719152642835638
0.2031038250874819 80.172293667158868
0.19270970261295436 81.138093863992339
0.2743244958162242 68.991208355982792
0.26709745339316721 71.833626416534344
0.26149157941797424 72.5235079839468
0.20772949991083592 80.931469584859954
0.19768822696842295 77.217615282999972
0.22896754554209928 73.804551892380502
0.20205487655436072 81.885734608393136
0.20344233434526021 78.720690539544449
0.17829594714957461 81.378798056345076
0.22291237816678275 76.279060178920517
0.20048971479382596 82.445544751109708
0.18195174018509272 88.769364772579749
0.23881123909153312 75.288230461679746
0.18031300002191841 85.166284955750314
0.22230006756184151 77.511401030477401
0.24664784650358168 73.343681868931725
0.23459374590771229 76.269361046517844
0.27163334720542426 71.788132135132741
0.1771082176930078 83.443636982643184
0.18795668615280509 77.991925012254825
0.27605601693962362 70.736838432752521
0.23080032081649648 73.987319308905072
0.21698173566199705 79.363409347556924
0.30629598457306373 70.201774015514587
0.21826630621666376 76.216125426543471
0.27505524584114804 71.055949471797192
0.21708290438432465 74.027936519449966
0.23043423096630977 76.358742445067378
0.23653642893154569 73.64879761126592
0.24691045100658723 74.195673603362479
0.35579508833394002 65.142029204215603
0.24660547097917732 72.801396426528143
0.29060107316020228 69.572630972576931
0.20693260757873388 81.177851901253163
0.24168597623545274 72.87558106533514
0.29207509164743589 67.187081068734642
0.30217211691984341 66.40494845188401
0.18975146514102251 83.011665693979708
0.22698185239548174 74.14307151490415
0.205835638130729 78.389798772439633
0.3037213105001571 69.865775376598648
0.31303920214469599 70.170000840879126
0.19085868537183631 79.491452469946154
0.17581111237277167 84.613622622745666
0.28493379738265889 70.487302990263004
0.19954273646303741 82.984763881165975
0.26869206542344853 67.436569359095472
0.2216041929262651 78.7742689320892
0.21189841077583188 74.115508154784337
0.29170689492955976 69.619943942297411
0.33019719189458446 66.925058083899174
0.28848652760039362 68.48968645783529
0.26673708320986717 73.213404392160342
0.34188496508844674 65.911794249791555
0.36438054245141216 65.843937499035093
0.25268702280353067 72.631556024995106
0.21289186728458573 79.820469138558963
0.32881528792694675 68.583852881710513
0.31220049781882797 66.8764336702435
0.21558048324105011 79.366005403045037
0.23873307716801023 74.488012212222472
0.33018249628792984 67.537574821738033
0.22791230806704427 78.643676098634586
0.27085961152889343 73.814240381824561
0.38436902432859671 63.902376264810279
0.36408215484828926 62.676494122874118
0.20461274317814521 80.228638991309126
0.20997422496651105 80.530373305743069
0.24073986671142991 77.112520836351607
0.30429979909952931 69.049874000911103
0.28983026921442923 70.944983703704267
0.28372659529167438 70.879569601868766
0.33647846174641199 63.585173623637935
0.26477856550279283 71.172443803022375
0.22227341994115446 77.218544723916693
0.20020940770429943 82.20792814513716
0.17229578738639387 83.795072748654619
0.21961649952857512 81.205428626768565
0.25061958610085588 75.766225746343451
0.295106007349063 69.537390013450107
0.28554673456387059 73.752916882951567
0.3203504947064767 67.866048607129258
0.23013309658360503 72.304872340623788
0.24879446889066087 74.587561160150344
0.33456898399518331 69.721040988754183
0.27253925904439097 71.855625018654635
0.24461466172069379 74.031456881475165
0.23707382790382692 75.652634991154969
0.24478039158515333 73.109101220153605
0.18703474361696992 81.058292320750638
0.25970854429850809 67.250172139094147
0.20165002038575278 82.128197213087418
0.22885600113274862 76.696501093218984
0.28936973260406723 71.371260127565463
0.14099980081510188 87.362335392008589
0.2223825052447389 75.769018814527442
0.29252145076192482 69.798850365052658
0.19641294504523382 76.387909232559878
0.27136787722304451 70.447882651924232
0.21259648815308096 77.025464944367187
0.28877964889710622 70.368178783822756
0.26439498717784526 72.260349875999012
0.29269261817191078 66.548660972529618
0.22418062835574445 77.51166158367684
0.23637438707549785 79.800600015830597
0.26480524100020258 73.201764788029521
0.21672644396508844 77.229793699359078
0.29731219712155343 70.030985911287544
0.32818778389258885 67.732318329841817
0.19476440995207647 83.339153404718004
0.2475708691436172 72.609923692356659
0.33080588701184643 63.124179802341423
0.26942987401679785 71.399694616215186
0.19423902026345896 77.782646990643997
0.24107607796368899 73.086039452528468
0.25371158578817349 73.731241895345875
0.25177159812239108 74.356442501516767
0.24033953041747469 72.608184803325415
0.25048227153426772 71.400334588662233
0.2308985551868617 73.780743741775098
0.21136997263611493 78.58966390121779
0.24359249390350202 75.255093530094115
0.25265845274038617 76.146891293713622
0.35226219159281674 62.072591000381259
0.20523475452246101 78.239769878882498
0.20962358159120281 80.696473665043257
0.22491528947590819 78.421554615843206
0.2643406734922269 72.711563792445673
0.32445985606513955 64.696564931210276
0.37852877326434775 62.786909227253602
0.17838572064524452 84.498342244492434
0.30482722719818389 66.779193719258387
0.18573409269280872 79.794465536700457
0.28895416259901435 67.699258928320901
0.27832269784727981 71.516790261573661
0.28682482527768743 70.050327639830854
0.32899765588797875 66.909761012540756
0.24718376806402387 77.689425945793189
0.17879860828637498 85.622118668071664
0.23089844497053885 72.408965623380681
0.26820099097974182 73.954810607961235
0.24620588084791045 71.413160518512527
0.22837260950536475 81.256278314591356
0.20145649733952431 83.884087130432746
0.34774030226230396 65.053003287018711
0.24000824169792664 74.291664297971309
0.306486501583285 71.748248961474175
0.32736254695836436 67.783615547280888
0.36290897381670778 66.728603393225995
0.2089200278389306 77.302384128959829
0.22771132126203747 74.935417670923471
0.18711013313455999 84.661698104267586
0.28888431665130798 69.900509395584649
0.21830302876716701 78.144018951062478
0.25541497347164632 72.566584520447023
0.23932251064994609 75.813860849535743
0.2296552776921835 73.158680570002602
0.2549340108591473 70.78137011567928
0.32742501437747806 67.060434788057108
0.3320862029149258 66.712337077591329
0.19056104535150575 83.335364157296539
0.23779449717890955 73.089102776660596
0.3702230843844414 64.675490271212198
0.2518788479123702 76.608039568711163
0.35989092156472247 64.964084457627862
0.23163087502447505 74.668474143047035
0.23294601881513041 78.080191623820141
0.18321014531240809 81.256406628770051
0.47093585021174095 57.856613015654702
0.26096660241086139 71.662406609921092
0.16864352269575481 82.704270479760211
0.29331063361154003 69.700029984497434
0.2204680143732535 80.034409796798315
0.2115719512614522 81.434937172051704
0.33226932701529444 68.604622512131513
0.1612096251492923 86.120097715889955
0.29326852224808314 66.483405054071554
0.25033050943763346 72.793057724712412
0.34788881862567711 64.778873695443878
0.27041822817967198 72.659931630693862
0.16497957473473551 82.61017121599221
0.22932735984083005 76.197273718514097
0.17281545913009919 80.529795496551472
0.27096470960346253 71.492781970099003
0.22155544515595735 77.7347569451575
0.17081417670961918 82.932915555102085
0.16216356311531172 82.590671754818104
0.18570464399185932 83.626499209893041
0.25298901152242187 72.032704303106414
0.27472114732603586 71.206553622822284
0.39965827776160745 61.623046939954641
0.25956923762900697 75.198862122084648
0.29451388751968294 67.257994963066935
0.21542089337039497 78.678807663897857
0.28416041978790185 70.062599585829659
0.21684499922560249 78.90255403364543
0.25842940398123604 71.940616794094552
0.29524956162018556 70.819025202786918
0.17605628856756303 85.114362750793333
0.22070964321343536 78.04127128028091
0.25741191665805491 73.387644919175429
0.22803113088874213 81.497140776631909
0.31901192118519034 68.605079536358289
0.23084270685439365 76.789795442626598
0.24634658120065722 74.686708132045055
0.26051711170647446 71.415186389371215
0.19316082590447073 80.951386968251825
0.36972969784119131 61.495837629993304
0.22319705918992572 75.243785421358709
0.21490065186085272 76.059328482544615
0.1751235084448568 84.778540630742953
0.22913044913670949 70.853225828542392
0.22193208228982861 77.585569610317904
0.3099900223008481 71.815316821477083
0.31513542964423275 65.595459728290052
0.28137825830090185 70.612219652460425
0.28834026623752279 70.507589588345937
0.22646235782580398 77.498226534539896
0.28544178353518512 70.411011506317308
0.17852218170562656 87.164732656109862
0.21541778323148758 79.230975448461749
0.34356631034407087 65.41373147426863
0.28148178619096026 70.175170802625829
0.23299124142017058 76.066861349063615
0.321836308466871 68.733472031744014
0.32146242821092103 67.477035257176169
0.2294917409311977 74.878228015433635
0.27844231633796523 70.401452557931222
0.24027067236200073 72.613831589136694
0.20943350060985255 79.442240981181683
0.19911189008301089 78.606480464656329
0.23631175870391119 75.373169824185794
0.22848262882118589 76.756743701600229
0.22209007965223906 75.946059799540834
0.27280860112425837 71.005160867169963
0.29472456726909613 72.693448544209716
0.23541077501223093 76.284550180238099
0.18431252106264909 81.98852137357791
0.27318971628707955 73.28930376672551
0.22159085938849191 76.778338936177178
0.22694246507823493 76.997131119756389
0.31299148512316022 68.723300473231191
0.28207795889082687 69.958229587789972
0.24244519310547011 77.900896915762857
0.25683121338571269 71.514791587076346
0.2127547132046613 81.246900439066863
0.24101139633519775 74.648440304743389
0.28143059689987504 70.0009263815449
0.28245327951260574 70.1451963494967
0.16874339841548003 83.428220142107577
0.22431033498450278 78.062769811571982
0.2783849702604288 72.102732295909917
0.20124344193891636 81.907811069216578
0.2403406558156535 74.285414008487749
0.16384192432211581 87.960439217779324
0.29542677439617754 69.85672646040031
0.19454588213926344 80.445544175583066
0.24855840572285545 74.959522163126195
0.19252962717009137 80.363101751119075
0.24967643642654072 72.568618851406754
0.16929799046959335 86.376633563075856
0.29069551866122068 67.548864423081824
0.25768748390586832 74.831742782663994
0.23418753045428842 77.636695517846235
0.21674425339033998 78.024738863965737
0.25131757858339415 71.398587223534676
0.24281325339329463 72.638496118777184
0.26371204443463148 69.689097990994526
0.2229550122484264 77.173047615156804
0.28095074807639669 72.011554761850789
0.28169472578821608 72.915329677731648
0.35666387892836138 66.490803317808172
0.23891356914463543 77.236247723402712
0.22952760214574827 76.037354103977208
0.27406669581040777 72.105361337638271
0.27056410907523926 71.770886721020034
0.31988435148529265 69.594278453373576
0.27529478498118126 74.42975035373577
0.28344518687418174 72.634475486670482
0.27149938355881259 70.947219305154448
0.25693164770931803 71.895959218354207
0.19246162387645666 80.073028991448282
0.1897394785062379 83.533575534785072
0.24383289753489959 79.522149658162178
0.27092481033402993 72.8580804457781
0.30429461280556835 69.650284533518615
0.21119614767469166 75.608792054475742
0.24602051170166528 75.045766399422291
0.23138379122322111 77.932387976326865
0.20892479569258568 78.933630242472745
0.27131233044269376 71.30579988772746
0.19387369247226344 77.773041778409151
0.4086642340450935 63.425489676865887
0.31204184482553793 69.670580424372602
0.37789496216377388 63.319902734653063
0.20737576107303635 76.493805683376593
0.15055351628170879 89.319676379305619
0.29948675901848226 69.071397223064793
0.39926615160763951 63.434940414493362
0.28531543786757757 69.257671584833602
0.37830295917313705 63.565902640941957
0.18154836136348546 80.792894271296575
0.2397818778270121 72.335201769996218
0.26712470536969807 65.282020249981969
0.15091145981150172 88.702687108910609
0.28530178856861804 73.588300838748651
0.25548363165820193 74.685563595260305
0.25320582584550416 70.019983662396385
0.24895944341738432 74.093667120232936
0.21316664092244977 79.720869644879954
0.29842043339435881 72.426347171860272
0.25675733221983332 72.214291079843164
0.25214875888196059 71.28550300655273
0.31009039062067201 67.717428148985618
0.22632469250225876 79.596467308083419
0.31031229566582863 69.843007413290522
0.18953028063876012 78.891968658537024
0.26569738801701626 72.411715152504939
0.20391342606965937 84.750580256194695
0.27591736271383066 68.904620615129787
0.29446464120606736 68.143052691212674
0.3318554239900382 67.093379060160331
0.25883804742914818 76.335597534263243
0.34297868206164683 64.598193612246149
0.39560082103297761 59.960534794930723
0.24268893974827752 78.49271127856035
0.21204203132860419 79.049236353582046
0.27424141740766605 70.468534638513702
0.39007283619319427 60.71907741424625
0.22718312654331282 72.90205703459354
0.20956343015279996 79.462270006873624
0.3736337203569709 61.751145248216936
0.25794559953056828 76.241429092517734
0.19699219236496915 81.491716228051573
0.27080974450885387 70.516004549473394
0.28200104151430522 73.570662146510287
0.29705254378825235 67.750155333600205
0.19820105447248287 80.412080900863728
0.20105052155907435 79.463704433092317
0.23512748696675356 73.336495280856838
0.24192924521945888 72.732594889982295
0.29493585729035265 71.964075201743668
0.23781301463046989 76.31150235413341
0.3060244308643203 68.10240047237339
0.23655718726210637 75.876460186144243
0.18514838479051246 83.540651778240488
0.22491091539629354 79.027947993784323
0.16762636686799978 87.86705470511491
0.40851101484690894 59.816908984394388
0.19521763692359137 81.121090971363316
0.2578790344746752 75.372639702345538
0.21252360520529798 80.495468377739698
0.19018298162995667 79.489200642118178
0.35314497610188689 64.741502649181427
0.20987438858507126 79.144742439487146
0.29202365230417821 71.081789557292836
0.29202597157854338 70.472673277710413
0.31136014467955142 71.453980103521118
0.23390364631945379 76.379007498068418
0.17857861485657431 82.592417491931755
0.2140147125066148 81.532734286581004
0.22190634322366787 74.341899676469581
0.26845374246501158 72.331985395084786
0.23745587425545731 76.411095702987751
0.18320420139859345 85.223636123449296
0.22944977489966401 74.804758446970425
0.27731186620953496 73.108115519774628
0.25828395427660322 73.225683510310432
0.28769441072831015 72.461262277346606
0.19475690512794716 81.014369680780959
0.23304394246497523 73.504623417162037
0.34527902031665336 66.996029184460269
0.22219958641737853 76.172326801447184
0.28136697736250321 70.423808395746576
0.16641247057323358 83.780366370186911
0.25316634597537635 71.082936405260298
0.27653097007259353 70.851998073590238
0.45023930346589414 59.334556984328138
0.24553331355477723 76.636115864085866
0.28419891039859146 69.035108821609256
0.27048355033415483 72.593690400895809
0.22750591063118059 72.056993014192912
0.27287339077760292 75.031502363268828
0.28984679858995482 70.847431262076199
0.22501004332209112 77.258464330038819
0.19313390941122668 82.343473390690917
0.1930593441778603 83.135542618030854
0.54999791388731667 53.547730493566533
0.2527926881594259 77.013640458479131
0.26052794943189994 74.096702525716793
0.23406638517698741 75.080749116338993
0.31902129776719612 65.574792394029288
0.19229254944624632 81.568626745630866
0.30002146020478887 68.842516025087221
0.24499679626628168 74.471034508876642
0.28249706610678554 70.283916246076288
0.24156879740415668 74.874417014762159
0.18895810365820961 81.901691524500066
0.24953191162347782 72.083892125389369
0.30399915790150689 68.575039421913928
0.21910092241817683 79.540626477910195
0.35950987605245138 61.338287247501739
0.26456807982487041 69.29386850787337
0.27289226123316174 73.82778889498951
0.2004834015577486 80.915071022958401
0.28793018554518768 69.25683947023164
0.28806111379183619 71.569135450016901
0.21637956485458201 77.425816099541876
0.22851837600991068 75.100596329106708
0.22204130938836197 79.333479141599952
0.18610265020312114 84.047353349450105
0.29467431255859849 69.233612491971769
0.25143251782738019 72.924950702767063
0.31593782908583345 68.781568353173881
0.22365933027541859 80.162055965990092
0.17274105405148046 87.860543979784495
0.24537505627041548 71.69620192930536
0.22077085108225233 75.130341890989797
0.23711824231535045 73.257728558639698
0.31633821234264969 68.061989614939918
0.18774282911875598 80.917897290427462
0.17558824398783549 83.372416378646165
0.3275043240811551 64.844641098793062
0.25736204865490936 73.45695189494397
0.24969924835619592 71.283928041270414
0.17306684777441061 81.721452075637913
0.28429835529647884 71.754361094950639
0.26273033966699988 72.474366168043645
0.18913529004032489 84.834010897169662
0.23923861110007055 75.442850389678938
0.21069521367623811 75.217332596202738
0.22497614784081918 75.536825950796228
0.2817438912780556 72.184223305015053
0.18503893374254082 82.464622983398726
0.22742784497771282 76.600657920746116
0.27223690356229352 70.274735306556309
0.26106958042619599 69.125674612765053
0.24428474771144884 76.713517933436279
0.38717605696899188 63.297611097950103
0.25360316460582089 72.737117054155789
0.23862742738026216 72.211871991741049
0.30392812078407272 69.165453134926693
0.24647018159253056 75.796220296530066
0.25220533317449084 73.513426256036738
0.32154499750457388 66.029176772246132
0.20385009590857567 79.219214174689341
0.18167174760003532 82.271896122459111
0.23310697570612879 78.228390576315775
0.27024950347821103 74.265079340539103
0.27643378218528242 70.489499688256345
0.2768782671895218 73.039471520167467
0.19971540078169769 78.71178508838446
0.23771654763853972 72.038884985625842
0.22226683385114293 74.200078198943118
0.32692693322088151 67.577733476495879
0.30149858809075281 71.183188703823419
0.23703960837147445 75.236007051425901
0.25484906534355561 72.192740176844907
0.16584763234621286 85.558387138251362
0.23359428128651769 71.947024010957136
0.14978060854192352 92.143954265985073
0.24033509214218043 78.355173087385026
0.2168459676737596 75.386486750961581
0.26243214211499888 72.725187338252624
0.23587476858470674 73.220183664897434
0.23823874678549251 75.711162680347456
0.25720828749480845 73.911676452464988
0.27871122220676586 68.617107482578319
0.23839135623930513 74.274629646143239
0.32602124489400647 68.168411947753441
0.27715186227551347 73.2602748065502
0.25227476615965494 74.936112455882181
0.18861312909685338 76.637001779648074
0.20933294452603743 80.937432596905751
0.18028377971918669 83.196956040417959
0.18692301503219866 81.607266417840279
0.28480012877970501 70.545082694400193
0.26372902975194035 72.034782912450268
0.13007095129553742 94.999983103276747
0.23113249032663383 77.763185095866589
0.32187958919743204 65.604361560497864
0.24201320031464729 74.236041470826976
0.18607683868967459 83.023962622679718
0.36233025412265446 62.276874547835007
0.25703236028567583 71.195621098347132
0.24385872195441527 76.554594926816534
0.35610517961360272 63.932111063090744
0.25702799601772625 75.137371927061835
0.30062654850714104 68.237860484027564
0.15509745168862712 82.826917447656228
0.31619914775169006 70.614136436538701
0.17138157294891138 83.632658560661127
0.20744804535653508 79.790310902097744
0.25348901760843728 74.111159165554639
0.20739029613105808 80.180437511661935
0.24301202645444836 76.458642033648545
0.20210955329858615 80.734401703633822
0.25568923134610921 72.555249220139402
0.25025208266563209 74.170122104311972
0.36495931112714264 65.894923673895761
0.16856326578517788 92.459421408365401
0.27906587018931078 70.662217037322193
0.32355019731000123 69.601663923369671
0.29546620210114938 70.571317146222
0.21929609868545555 78.858584948861008
0.22574035416941929 76.540837037300676
0.28590036827370957 69.696724085118305
0.28002083272679246 70.806667752988858
0.36942024107289129 68.412584994770995
0.27085111413705831 74.492596326802442
0.18732642351244339 74.804969794361526
0.18298046814760727 83.191771413320993
0.20699799489399698 78.589833340569044
0.32872819564070199 66.749418772456778
0.30553748507146794 69.204563032719207
0.23686733256573159 75.154374317996343
0.23732672379561906 73.708429679649996
0.25292319797865348 74.520325488479685
0.2428109039302653 75.6672950312702
0.27212676550883158 73.134754370904844
0.21180453774987199 80.053234413998268
0.26522146954826137 74.234955923735711
0.20954051829998843 73.982411504830353
0.26442915756924795 72.726012395372237
0.21257214890958981 78.750552630475099
0.18040774401774773 83.953027968348422
0.31273044430219565 65.316851782444914
0.24214641160677722 71.8393747289998
0.23506819103863741 73.740546359543302
0.27628841665877291 73.700573841439365
0.21314671470563018 79.619075118033066
0.28837270801167031 64.470623158422384
0.19983059503860645 79.368137447450636
0.30944641652948895 66.007558363929732
0.1968424241660103 77.723739327146504
0.15504835576137274 88.144032870483741
0.29502227013072985 73.264984245929369
0.24023338568160635 73.380116095550932
0.31253578310715574 68.440972865895532
0.28368378116573373 68.60621624700407
0.29362661161502357 71.350378949456498
0.29479244384972086 71.125885393380145
0.2997781110288662 66.770131306387384
0.24358385373118585 76.279380321723764
0.27646129816913584 67.218203060479198
0.22480167447959368 77.493073983948648
0.27756512957907542 70.815587071047787
0.18570010354351521 78.241523751079313
0.20775338372564384 79.78564332161082
0.30232451194170235 68.52896236154001
0.32771382809703353 66.101311533480853
0.26852695100600876 75.263767148664968
0.36174628364344052 64.307251456621117
0.24662756641534361 71.469415502592867
0.20356600966343966 76.4233387858322
0.24525751264205212 73.360845607103855
0.33838168575632793 67.57680482592778
0.24654617329696313 74.96116477262413
0.21542136942287787 74.561420146133727
0.24601932098803708 74.39771524067028
0.37742690091601455 62.999314522065063
0.19858933724952205 80.050470687772247
0.26292555337890161 69.305620803755005
0.26562523708756564 71.014326185164705
0.32870300713925626 69.616011521973761
0.24888981551117073 76.440558577644182
0.21370580034874626 77.482621680512111
0.34540590955419215 64.988598372046482
0.2079221653891816 77.222402857872765
0.3880918467724051 65.321984228418287
0.26455774912788116 71.839646928536041
0.27080436027372085 74.938439260686863
0.24022767407652759 72.807655184455982
0.27287429614869785 70.717603162928299
0.23910333508474188 73.613278268244073
0.25446171927269629 71.792725882223664
0.49939952750621186 57.031103015950784
0.20465839612077805 83.243022117850018
0.27413756169013292 70.652747448966977
0.29415098804526585 71.312318331683031
0.21746046504892852 77.133491476096168
0.25276829686402119 78.046078559902114
0.28376940039133114 72.571581994265728
0.20777309799572433 82.27875246094402
0.2235679073534973 79.362321431563217
0.23275457509350655 78.313455744275885
0.23813249564441127 75.925988119889908
0.18878507043021348 80.489178406831243
0.25675851564487912 71.31882931644536
0.27528648272911571 71.146453934234884
0.2318587613307804 77.102728470869209
0.23521421549246374 72.083234903311748
0.2070674478292843 78.291909937440195
0.30401793096519619 64.170350730877303
0.22905229313406703 74.814451204755883
0.22866435462148682 75.726061665737078
0.22061414412655161 74.796786549888154
0.2998531413213732 72.09526189484103
0.34056529647682438 63.215874182322601
0.29858240431672162 70.108427788610427
0.21665139670501943 77.944021921839351
0.20333181868634054 72.305610424740706
0.29990665456170024 67.918374838421059
0.34798681665113829 66.668109979205767
0.19827039848582328 76.593163120585288
0.29271483219769318 69.630415805608379
0.14758602498392515 90.333900990465366
0.16433541095920681 88.561140893912849
0.25302080594127563 75.273279646070108
0.41795734090305037 61.340695904414147
0.31569087660503181 71.764845544893674
0.19660084083465129 82.817082073015456
0.24042692073741634 73.445758554258234
0.25900740512070186 72.195031671445307
0.23692283324755642 76.019362181501123
0.31982962188530628 65.134516551806882
0.21809101533900993 76.268544030348963
0.18334790345725543 80.145350609612365
0.3045388187100167 68.535556008862784
0.24577163421954398 76.291440403219752
0.30460479779452199 67.888981164951559
0.35855900145866526 62.387251517880685
0.2132602815096995 78.486480811596337
0.20136450913032658 78.46675528214071
0.26855766950309279 72.094665977061481
0.3114123918755759 69.53068047244389
0.2663080086628678 75.242821256012789
0.2345808837594667 74.624113434145229
0.24617867986591516 78.971438843855054
0.241891019409674 75.259109575989683
0.29471116252731022 66.331266647535827
0.27158540504973222 70.26070904000909
0.17393197467861266 84.174929658365613
0.30936109040060766 69.215933537780288
0.30279188795570006 68.231641637557829
0.20064897120926689 79.3029795487207
0.26739908867786166 71.937342150341493
0.22359213448155024 76.932645634297188
0.3077196226