# Omage H0
0.30758489575418246 69.595618808207547
0.26529518809578018 72.017758458573695
0.26963504035872754 71.567257626608054
0.26992968429732855 73.02211275581756
0.32851506357392712 69.550781134040918
0.32963151268187429 67.440469314698021
0.23325015933174525 79.039566389529583
0.3027610064869799 69.210344262577493
0.22670242176316122 77.304609916381395
0.33529375789489552 67.155635037987452
0.34485990597946359 68.190915245648284
0.27771076136427369 72.464229204390818
0.347406956882928 68.372857993057806
0.32978204193459737 68.138817673728866
0.31353282803396115 68.300801555396532
0.28864025138045762 71.075231469772859
0.27681736937213303 73.237905497046043
0.31288332790632584 69.171265384655428
0.2918215225515407 71.381274939738631
0.20710430904196733 81.101863413671737
0.30782782903226447 68.836361980986453
0.2485324215697351 74.350366226343681
0.28077035070320511 69.969587673200039
0.32560800341978335 69.431149009450365
0.30303610079218357 69.438570561274574
0.37563625896576275 65.725658335051804
0.33991844147034561 67.668425081214835
0.35941100930999226 67.062817062978112
0.26952818989594257 72.335754899213597
0.30715949001120119 70.70370843744503
0.26671490232643008 72.835953310699267
0.35010893209040767 66.025833990915572
0.28484375792292771 71.084851889519925
0.29565034742242569 68.597300603384596
0.34959906299505855 66.155705898389883
0.21608724214986674 78.20623746386407
0.30884098335034377 69.878368485494249
0.33677442487678916 65.750811039313064
0.28573788185356563 70.114239867367573
0.33709319893602568 66.968900145479978
0.33540981535200903 68.448119393226122
0.30072831289194585 68.112172030111864
0.24546263964370793 74.516298513650057
0.32969912391835154 67.841360090574184
0.30314467376296056 69.511156444304063
0.27160953411088462 72.374438910520212
0.29733194805532609 69.37465769672859
0.2982311003514202 68.629004903529562
0.34777256405898849 67.419073733431631
0.35570724830012462 65.524091484700847
0.24954852706158731 76.488396389522009
0.28858392164957281 71.231527009086506
0.32723545991394087 66.098171001472807
0.32889054872802309 68.058580200340373
0.30947022894719139 69.064360488156396
0.40409184570184487 63.24427305879
0.30003725277339477 70.120525589345135
0.32137731098784988 68.753249411414359
0.24962388221656767 73.328174784821741
0.27467981819077125 73.175852026695949
0.32047939125132691 68.627719085339422
0.22456309910191349 78.575008223037543
0.35718072345986057 65.841058175596672
0.23684176328056958 77.74848899835267
0.2367182250875455 79.056866505473806
0.27835307899286926 71.891506711115369
0.26272866605096268 74.24991389370814
0.25203997264021405 73.829750555087145
0.29848561784998995 69.572084080503444
0.33021157399344292 68.663241253217734
0.25198814342130238 75.620708294700975
0.21283245335599368 80.480327610600909
0.31559179731055687 67.637392439839687
0.24677501368908306 75.833348049322638
0.27222522788502107 73.283831347704819
0.28478423679012765 72.200949763942916
0.3366440221635027 67.313211387463639
0.24725870895729363 74.698644282446168
0.27023085604322145 72.244816936911022
0.24392120884313651 76.47492077342514
0.38747620277043426 64.310995991387358
0.32703104974951508 68.320850010023719
0.24041474852703684 74.449789250360624
0.32026260797085176 67.903778287135978
0.33496604947297764 67.298215565778065
0.32456019930782065 67.268048938708333
0.32364554181239119 67.905415461860812
0.29657429129303031 69.078708796008286
0.37196033481605706 65.024410196320474
0.30349102864133987 68.613879464148113
0.29803584743238815 70.428989814103801
0.30073882047922085 68.850479644823295
0.3783778938090856 64.910465282318924
0.22532640919788635 78.55707030592022
0.2789348536235689 73.463550511767849
0.30304064268770126 70.224801993827981
0.31117554019458732 69.368146634210561
0.32396037387638144 69.90258103186639
0.28903691760626082 71.239430326652723
0.23421001688823584 76.03556165313249
0.23425368789897205 76.934580749336774
0.30148133478646122 69.930205098858366
0.35153828110019553 66.457375519268922
0.33138269524096092 67.240067726283456
0.2242053154133859 79.540212338069523
0.30981878144414754 69.609487441357516
0.26328477409795226 72.08919108875061
0.43229863408275992 61.688793907850481
0.28416324577764412 71.423030598217323
0.36685539244526144 65.957364928928214
0.27979845523802299 71.329444195343413
0.28183257935938777 74.2776046258261
0.24835974549773965 74.391632136208642
0.29508563574089886 69.095821739999195
0.28989340902507071 70.37434831938937
0.28184052211872135 72.346625952005809
0.24633191365400034 75.700937797198435
0.34501648561234749 66.464279855393059
0.3381925825159835 66.477514819377689
0.2545561169053156 77.190112291012596
0.26937638300669225 73.286094660831495
0.3180408487564344 69.04558375442106
0.24346321447764507 74.763375175191285
0.34512435360549004 66.302092632755972
0.23062918925104639 77.498185833585765
0.31511957383796546 68.704996124606879
0.40515382624064089 61.559646346474821
0.27547527886065321 70.935375985538158
0.22524324910957721 79.028032569765259
0.30615136279728417 69.919651282694716
0.27853307453173026 72.320050515725356
0.32069458506709192 69.281070859953218
0.28057871661890899 72.578483660517108
0.30008274850166677 70.29065898767432
0.34128601738910519 67.283897272766168
0.27682195430856987 71.376166139443313
0.3006005864557571 71.942278784906492
0.39415539601298982 64.486613783538303
0.3885845619010036 64.089272390692287
0.34758035200503973 64.849349250931041
0.2645822604410093 73.090772251056777
0.22850847444517661 81.095342222751484
0.32721952590015446 66.685413716314642
0.34156617488508517 65.704124810181384
0.29182793267693963 71.9834564243138
0.31804291177906008 68.640221213052413
0.27868175060704026 73.17221864829601
0.25876867942451193 74.536427084910784
0.44180115677937953 61.056567932736058
0.35268054559669743 67.32995148195927
0.24248728474520034 78.048463313708609
0.25001455372359976 74.965157200885855
0.27041210426777307 74.326665530653642
0.3808972684690759 65.555624496705221
0.2598748346554608 73.748243324829559
0.27413589579313558 73.486924250684751
0.30808244950972413 69.783830036072871
0.21900853475188287 76.78332652330738
0.34088593586380506 68.008633568792177
0.2565274400726329 74.566258844078462
0.27599407985832414 72.010602543896283
0.31526652008165362 67.966234577204133
0.28599864167397243 72.62891519960688
0.34658559326358629 66.333532289581953
0.32169128296132227 67.72933423380006
0.37466902615516362 64.579777114035096
0.27416666804922701 72.050423797367216
0.38583756022837024 63.349980755752512
0.29011649591253302 71.346180067210511
0.2953076222023116 70.292323055117222
0.29987120470180556 71.838504258498574
0.28823549970280782 71.599306884897914
0.30896785867463972 70.038191215401795
0.29076766180877572 72.328943929008162
0.31522808248992001 69.662840948431665
0.31581589662306847 70.346726670183997
0.29661170700671402 70.38051547462527
0.35536320392841947 65.811679793724466
0.26366478606852717 73.723250224450609
0.30345479785258517 70.300173034198295
0.27303802591828807 71.985194306797894
0.40840378114580617 63.11915063471843
0.2865783219596067 70.687936906327067
0.27537511556147481 70.922924718579551
0.30505152661955504 69.73340991530911
0.33120897798291138 67.041626358511564
0.35767730091977223 66.263660763870661
0.30600672132143558 69.365595380452959
0.31783836273407601 68.904868730208619
0.2254465672929809 77.511316798223817
0.28690562560879895 71.063166585333065
0.28163180399886184 74.366165285133974
0.29179982078969435 71.483392228721655
0.27666757941708059 72.826610269192543
0.26911077719307991 73.611106924059328
0.24364040493325012 74.724235238595071
0.24076774607785087 75.3601055643298
0.30215119936901791 69.437434745102735
0.30169881968174184 70.265633542850367
0.2373169280498767 78.199710545767033
0.36938963114842971 65.417667842081698
0.23966744890710301 77.336579526308213
0.28502523743370001 69.554782438279332
0.23915962924371739 75.926413473911282
0.26386253470111409 72.883574368846908
0.27064397590204958 73.328985268292328
0.21645475510576551 78.3123813457578
0.2479268846660902 76.902344832652119
0.34507601360389517 68.382125761578024
0.25671556845421789 73.250550408851083
0.36343073089995143 66.033840862855627
0.29102392808681526 71.655869170656089
0.33374076713664935 67.211950389262
0.23664060797530631 77.499350626172259
0.29755821269258104 68.69498423253809
0.21147963780832543 78.240399707373811
0.30874483777516204 70.407085938889466
0.25940005657485143 73.545023499596539
0.3253536527591277 67.840076244594243
0.24499007558404642 76.760013189791962
0.32989071719625845 67.077513267423029
0.25927846636316876 74.004154763943149
0.26922797599103848 75.805983981332915
0.22211600664433248 79.263703872593553
0.28774309468638076 71.420605017172804
0.30902245423255414 67.901573879445451
0.36092879939618311 65.803259966113416
0.24719019851080262 73.590359228848854
0.30473080293149002 70.837862475108949
0.28785985154038291 71.185258386667513
0.26360046457868436 74.436055299064321
0.27149921667736249 72.809465535519621
0.28719170220473261 72.349201004544639
0.34687000244892557 68.183337719042498
0.19014343919683371 81.285718203546779
0.27831473508600646 72.800186044313108
0.30123556400655643 71.684761893511464
0.34413764227514088 65.851599418074372
0.32985149346289439 69.470223083160377
0.27298235171209062 71.712081504206168
0.29982643447748752 71.4100797034002
0.30580187484632498 68.138758981076094
0.39631619504399418 65.578192040446581
0.30965687583136114 70.659822417924175
0.22773464709735239 75.555196272302865
0.29123549263266357 71.363464572046482
0.32893133166956068 67.81469508923584
0.35145717285442835 65.482018652642182
0.30425032560203241 70.242465705868241
0.23541514266558825 75.456113288742401
0.30151578302361448 70.167384093601186
0.27145458384737797 71.709398160262964
0.26394028064720321 72.9155791337393
0.30195279863963415 69.007859377828879
0.39592424977687474 63.319992898941862
0.2772487414746117 71.204901302058559
0.34178498400491919 66.021603523562703
0.28719457479098121 71.639529095050179
0.31354514374335996 69.933154356591785
0.32232818307599403 69.130021914073083
0.29913341786709186 71.867980474852132
0.29477006523119836 67.124891155591001
0.31137847636853705 71.744393783143991
0.31680519454858547 68.042727652373557
0.26724954013207153 72.182698136562834
0.31768262090781563 69.916545444881294
0.2363234974421338 76.101025467015589
0.2511561655430013 74.588306123930707
0.42250832107633968 61.576379658115727
0.23178020065177721 78.706215275643459
0.28022614424432413 71.37589973842789
0.2380779668733935 77.879292636614764
0.35393693269793908 67.492237056028969
0.26771770109082976 71.442336464074103
0.41509715052215113 63.299615070792782
0.33446831837652408 68.23061211545793
0.31860933273725717 70.269440941590489
0.34344680895827434 66.546765278696981
0.29239826851213019 70.852778659518549
0.26860604468687721 74.778070139528381
0.30579569837112092 68.938488915648691
0.25730036662522299 72.994728543211181
0.24890610213659978 73.386520222135047
0.3254536265556851 66.947805462678389
0.322196077889705 67.65909080693892
0.23109478606514358 76.51656918402692
0.27356305934560066 72.403142474446952
0.2581513068899563 73.47893066970272
0.28784182996878399 70.124026625506019
0.26647230798189597 72.412824157819685
0.30164735911734752 70.319299285017408
0.33437532549580828 67.435035668240772
0.31286200602208708 67.84673303994694
0.2358598961681671 75.821650059598866
0.33102558764933898 66.51966875448727
0.3661303693144668 65.499041237188223
0.35472469490962566 67.052781745278537
0.38440365668636883 63.343569028124556
0.24348145116225328 75.425793945521946
0.37199804938934272 64.378363987439286
0.28961653570524176 69.479700582935777
0.30166618788789701 69.228879949336005
0.27392569214430917 70.691728120534819
0.48365002322908857 59.283581475412653
0.21209166924519909 81.015649151958371
0.31303898090149695 69.375717385714637
0.29852794616960598 70.298588320826681
0.29134963372148837 71.439036519318549
0.32686356088077251 67.437237838898355
0.28069293333357015 73.180149401303723
0.36355651235300013 65.9194764642085
0.17975380363640506 82.84932902111926
0.26111219226788795 72.773092544454755
0.32074659291594954 68.115634362792932
0.25535434025869019 73.612443347439068
0.33063758445880065 68.184982373562974
0.22348192227333927 80.187504088924541
0.33409969314197813 68.153436446074451
0.29449977362340779 70.027489497353187
0.32916044825207585 69.772568638549217
0.32532951698727253 67.578079906307934
0.24701365571912659 74.501614099076534
0.45398152629635657 58.564334700725411
0.34238647642511671 65.769506764393057
0.18666486604919233 81.770747235453172
0.37935423163574039 63.822208773385206
0.42886461694948524 62.196667093869188
0.265281089565506 73.811601173372154
0.2716714713197354 73.662227861303691
0.29474416537879849 70.050076604702411
0.28786610047503075 71.598379050734792
0.26128901521002645 74.756148255758518
0.23487934344204114 77.610107969146966
0.32136840377646375 68.681140429522102
0.26879896716461082 75.257543358744556
0.36664434820724706 64.560710978075832
0.23992791259039115 77.932954854840034
0.34202193092044791 66.544647829958805
0.26736621527414217 72.20378112205016
0.25386699042707983 75.007500160658736
0.23164227167097842 77.253841752436259
0.33650148376730532 66.874641866240694
0.26140838418487972 73.487008256845925
0.32871756140575764 69.708427242160852
0.27806854955896904 71.83552196418934
0.37960608614544816 66.077856733315571
0.33761132866502347 67.558449384368799
0.2837271885197683 71.526735010645069
0.35034611108549268 66.020470955923628
0.30941270234036872 68.472673051868327
0.29916330684570924 71.333549632560889
0.25048096904371775 77.172657583199026
0.27053959506844338 71.709802792910693
0.27742606987463353 72.846237911236997
0.27440305672612336 73.610408484028724
0.3335984698057653 67.3647036176651
0.25838993061585397 73.886149615248669
0.28442559108203186 72.047581651704022
0.3755698339991852 65.119666600384207
0.24263398776506998 74.704632835417456
0.20031386650851543 81.261940992590795
0.3242618729013903 69.662605710729494
0.27391895825565621 72.477942560271259
0.27238872374632678 72.867703622461789
0.29843762161898102 71.889450086088232
0.36396472688355913 64.032482212055498
0.33879499523600054 67.72338635040775
0.31100712305533662 69.123829876165857
0.31361307560434015 70.498782047744598
0.29535134229600363 71.995535657823524
0.25640471918610613 75.372994469000972
0.29261148811662258 69.791025671833552
0.24961510839022025 74.254824890904885
0.31164749448497564 68.468226180751714
0.3627931501400346 66.764759766597052
0.35024024931499342 65.496574084670684
0.3263043311742222 67.679666572619809
0.32668620258873277 68.669991140887944
0.28660974497170283 72.279754198667789
0.29318466138674326 70.398491077369854
0.36294919650570889 66.271096632339066
0.29911042392236487 69.084884477222303
0.28421880415822059 74.338089040588699
0.21326997614876034 77.215006269099931
0.29544699249818107 71.769086832660619
0.26963983274879111 73.982743947498008
0.24884434338176678 74.522308287801749
0.19894776128745009 80.60870746816849
0.24720006138851489 74.379894276536177
0.30012119118541103 68.049848418354344
0.32579465798688045 66.958403131971167
0.27720996941006038 72.273276647226439
0.24075503043235227 75.628003759512808
0.32790374758882979 67.653032705889032
0.24779713979829571 73.995871874597341
0.25018209575174766 75.776914362798522
0.29598909756455699 70.84544251568451
0.27777255074261298 73.379334126232493
0.27507258446243288 72.251902684813203
0.35257081893660408 67.287860975708497
0.399668897909082 63.089932144863887
0.24259040559257081 74.802884620995201
0.23346739125531932 77.70593670154021
0.32199791544837103 68.998335331283727
0.31586397259734222 68.111658410922317
0.29891604338510647 70.084845050425031
0.31101854494182524 67.861598528986619
0.30199669922147376 70.599838477570117
0.33019133401976869 66.431341835293125
0.29541256079321854 70.185141519951713
0.23534351554566058 78.921722101060112
0.31363677323185402 68.911386764849809
0.28536928599728761 71.844913475483438
0.28544984979257593 70.383184178614997
0.3527696552652948 65.585378940818657
0.32229015189921018 68.901949501791307
0.2383830988712613 77.671685831783833
0.3438538283987928 67.119260140797792
0.28836507075260737 72.70774107300339
0.38507278244225823 65.759927309481199
0.33739453842186262 67.779376227638636
0.29010493529177761 70.902120695443756
0.3455928596333071 65.194413961672552
0.22420975761857648 76.705023687988799
0.26057409231823159 72.787613945459896
0.37375647852007426 64.285956866125915
0.27172991393370705 72.693336972428071
0.30158916176378836 70.730141272908369
0.33578751596936374 66.713004954193622
0.27641260324113676 72.315569310303431
0.36847902150972311 65.467831762070716
0.28210243864439255 70.901592535846945
0.31875121993124961 69.731143878352981
0.32284707804653551 67.91109208268098
0.29388197197793214 71.282968156691055
0.28942510703921753 70.120036508781382
0.32433805490127071 69.163927637595449
0.22365984075229101 79.196419096283805
0.30044344006184392 70.3867623576662
0.3697150313102624 64.35184985428387
0.25370911910914279 76.165632710767895
0.30412149510653025 70.630908461118679
0.31201836846676312 69.54326879420617
0.22907995870305611 75.534915330954604
0.30877016507610056 70.793124823810203
0.31077053684999961 69.008907856846534
0.37848057307432281 64.105307400857626
0.30788256063983177 70.592947264382701
0.31671774527299895 68.763464700778499
0.3433882143784302 65.447870718348568
0.32302626369940446 68.000786657726749
0.32068361407040241 67.060195958467745
0.32148148986597813 66.846308000319979
0.32519736322601905 68.459924186045541
0.36043225886083169 65.688715314178197
0.26652120764537568 73.973140141067091
0.28102053482327588 70.798097110604246
0.27610955613756716 73.680120460690745
0.27908762090715639 73.60166021784579
0.29837342203920914 69.855320924284186
0.33535850493355762 67.586758151554534
0.26503068202703944 74.638532559103098
0.33551248223693642 65.200457204845407
0.26010156390657868 74.342903152270438
0.39845613734945945 62.728183244830795
0.35485490324106328 65.879393651476633
0.33530041412808875 69.258124043766756
0.27070074633608926 72.543295747166852
0.42658564720589415 61.260205885528592
0.28534831065680272 71.356335226530035
0.29252466615511352 70.882482317610766
0.3325425053691678 67.898916452226104
0.34274711891645204 66.791683173961403
0.34219189811437234 67.321901775161123
0.32033398021736054 67.102822697595172
0.32422441658423845 67.992991366015147
0.24394750229092546 75.432551397002825
0.29380436459341308 69.288340689727335
0.4089303143850227 61.619947120586673
0.2601626463792131 72.878329409311831
0.24084600130243106 75.47437799982022
0.3230737993031263 69.344066578047062
0.30461975562243571 69.218482349793504
0.31199655442731833 68.672470868128926
0.36537567102572227 65.71535759109274
0.38138194451324575 63.746429139587427
0.3301884881493084 65.97997721261757
0.31362266888641482 70.02728053696876
0.24759009424669748 75.590322125008996
0.26841990685492334 73.545895247786518
0.38981178371913283 64.288230112410602
0.27613731566280769 72.605066837767652
0.31016770048948561 71.525054136240598
0.24836193458596079 75.801688841990611
0.28920008219710114 73.278089802730705
0.29369232813039586 69.783722929326004
0.35884159110771385 65.652301554432483
0.32274769810012033 67.804308550026121
0.38367596485854122 64.177712495290308
0.25271822915760089 75.817671120344741
0.2623412658190884 73.486439149502644
0.30047778874713477 70.633419830030505
0.30342293558945588 70.035670682393913
0.42898114411000959 62.364586903740161
0.38104599643303061 64.731614451128223
0.29046396758467052 70.631455265680884
0.27349210056685641 73.030077299126503
0.25766679658951352 75.146432999114523
0.31603584062483125 68.860386968498105
0.27014761710950075 73.506209098243772
0.37123058467257319 65.752196566401139
0.38251951717498922 65.606809785889041
0.26728721196844651 73.088136382893452
0.27938708474867502 72.936959195088434
0.23314034616942367 76.154510534042075
0.35034813718592395 66.549848328106236
0.21465881491813868 79.703383652575411
0.36572965899232301 66.858829361646229
0.24519769423944082 75.586388022944092
0.38059125242984237 64.138289472798078
0.32790438653200776 68.0576190036751
0.28242827422595729 70.867172920292219
0.30965308199885455 69.822034996236127
0.39237025747626392 63.500069356889242
0.36997627424135421 65.758227997657812
0.31020561210336589 68.817837737607277
0.2696713033385541 72.825687164349532
0.26667941039369758 75.172864784891857
0.30752357802288449 70.380288519155826
0.31003667705787247 71.213294203040704
0.26846781465418007 71.262806285274138
0.37975360257739926 64.943212939974245
0.2857522175250749 70.718772965219287
0.27774771373407742 71.992810655599172
0.29502930788730131 69.340477706323227
0.24084207404712632 76.040239364836552
0.29289030432682051 69.459127226130562
0.2333401443421988 74.65450939306055
0.29546929111535453 71.753392539996256
0.27242638045920997 71.603138032069964
0.32336032157781835 67.826854888518312
0.23031600601192476 77.718889633112113
0.27472256091434866 71.618970642616702
0.30704569405482557 68.534040371627199
0.25062406213045135 75.656622622962203
0.23624893229483579 75.574202813347114
0.35546144742763458 65.75587694356102
0.25017122340798159 74.599667239903113
0.34957603622504102 68.019066982183048
0.23974196956865923 76.418069263239303
0.2365547976545288 76.467309755353369
0.28379206184782274 72.545064823129294
0.31591871760381957 70.065199540112943
0.2817865052512481 72.377086823104307
0.25154535404914902 75.986694738555215
0.32445272510584372 68.995936295409791
0.27443711415582206 71.7301532513019
0.2215057595199032 80.658526294422742
0.25890439429501799 73.890093290312166
0.24418291450080151 76.097722601728549
0.35174509220502426 64.728793572809835
0.27387619271752511 73.02073001637892
0.26721152031097573 73.018462623049871
0.26387365446465916 73.987740331937914
0.30526962287853732 69.440490971790467
0.24073913433274913 76.768243794436415
0.32653053080048089 69.234557142237861
0.27891962585484981 71.70135298633997
0.29954050302875834 71.831052690109473
0.2646907021115571 74.111334080450746
0.32470549717881908 68.765059105554968
0.39137593785486841 62.856316407542117
0.33517610960931588 67.571759037596649
0.21469698029326031 79.625128795667507
0.23356443022093576 77.48149098467988
0.31986348505283629 69.231049121157781
0.24859935027229582 75.465575140908342
0.24887482280959175 73.902996674984863
0.28628760551566873 71.636079960258868
0.28482752790191729 73.320806952571075
0.28328314763626078 72.440049373160704
0.26195739591855854 74.015463735576773
0.33773749442145018 66.1300703228288
0.28522063587832192 71.747738868599029
0.26223117653244576 75.118395612081159
0.25653806376833754 74.012124289158152
0.25637741359555466 73.987293707777681
0.33167586284304978 67.424297109938323
0.36396159592718003 65.285449030830833
0.31719435732839574 67.938046886457343
0.37864071053655535 64.596584085877907
0.27516268196436394 71.708023713475953
0.22304172851489071 78.33208425697957
0.32818966946978889 69.20013694823237
0.30336328953137942 71.70291430356535
0.24352724159622072 75.499313159106947
0.23585937945342475 76.569937558407176
0.28977233887894943 70.611951250991794
0.36126687978061173 67.394555134258709
0.27626356707945798 72.976014920438928
0.28522258197302958 70.477812460313771
0.49287022995168017 58.961611956135478
0.25072407723246437 75.490535722297054
0.28441484846796694 70.785712707717238
0.26350240603613861 74.142557988579568
0.2872718406894218 71.811812070869905
0.32347660077352403 67.470058483278464
0.3605115582413696 67.700896404686048
0.24978706091125241 74.976846837885262
0.27360432010862351 74.304667947142519
0.3250974300168713 66.997273578947301
0.21105846649500057 81.177440743312772
0.29990043743579858 69.904245798707137
0.30869832987113616 67.976244803635964
0.3711592355737045 65.504821490774034
0.31829405374887565 69.674896216389882
0.35609355382991142 67.629603312063296
0.2682393729441821 72.874208751306782
0.26138997855570112 74.942109505287959
0.21019705930542978 79.568054390817849
0.29673671126736578 69.154475572207957
0.18360638670070781 83.954858415837748
0.2852881025153593 71.245250288283771
0.31368823421990472 69.88829378652494
0.42827834854815677 62.181030705508455
0.27962668329332013 72.92254224267721
0.29745841079713919 70.569231039580771
0.26950677278046536 72.58203350264219
0.32992118255264186 68.039172399030903
0.2337598449366215 76.504448448631877
0.28434955329611117 71.463030421728391
0.45605177396233348 60.692634048310936
0.2751009086756811 72.650113249463757
0.29051199331382499 70.6937893299514
0.25326088722715745 75.64603844115571
0.31068022132779022 69.531476304300583
0.42856460164365273 62.880750763346605
0.365106424312303 65.499067634226975
0.27716791619583014 72.780664581489631
0.29437714923838088 70.123304178201948
0.27706801053339525 71.597459559461086
0.36517501266112884 65.361107230321039
0.38813815029600501 63.204429204355996
0.28041584821082394 71.446715707730718
0.30714264844031541 69.660426852009863
0.26373729779578631 71.682518517182629
0.26816558760817633 72.417741615335842
0.33255444414380997 67.656213576087296
0.26920247018197435 71.841762808918901
0.33514695864566085 68.690679360817725
0.28110107512215149 72.02036379242216
0.27401816737098728 72.439102429603466
0.30802462124352059 69.307601703044242
0.29068497627600165 69.880199923947799
0.31782965039171662 69.380159411384398
0.30471131723814793 70.370126894225692
0.29002807531315417 71.065970850253848
0.35927256932672652 66.702832331780513
0.3512230436964231 65.048740387610181
0.30224827139531285 69.772798508583023
0.28039013853655592 70.7966236482075
0.30413087905840536 70.678680218926289
0.33453234740264648 67.015075687877385
0.33312181043555378 67.419780807036318
0.24736681162203336 76.855727819360126
0.32791261425791252 68.241917372424524
0.22735542736008871 79.081526024468246
0.35481571289634628 68.895568152508091
0.26755005606064325 73.406914989949755
0.25007727669828134 75.712873332442513
0.23976391422988214 76.544081148181704
0.29978433086463352 69.727664537143326
0.23902004683906047 75.049621178986982
0.32580211695352052 68.063310050777133
0.41264043692256475 61.938957623326182
0.27747685465291244 71.079833266346384
0.3906088495034607 63.326903110416218
0.29918348663400596 70.96097765245699
0.33528637499137015 66.623209463924624
0.31709420008372008 70.905758423947475
0.28890312635599213 70.348710090815828
0.31165494660785231 69.655771853357649
0.26031548622585704 75.861893379094965
0.30120195236732983 69.2381274798053
0.27748944555322663 73.251790599262918
0.23070772276875132 76.31060424959162
0.30081988164306139 70.406509039253649
0.21910509169496337 79.587368168788259
0.23749741568709895 76.686795865825545
0.40487256211607059 63.609104262849442
0.43555355464786011 60.127163176750301
0.28453696554844343 70.250605538672659
0.27043643849671573 71.901125391513958
0.24921312612717803 73.040275488031895
0.32041111205863565 69.307054090624263
0.27738186731488917 73.236228328925066
0.26158005086268687 74.795309313416553
0.27031752496742822 72.366722175596763
0.23516118310842654 77.801402626797838
0.28643008498099914 72.235984101036578
0.25188993329982773 75.752476578421962
0.22912690659374949 78.196856954948331
0.25649728673876854 77.008122680392432
0.2613584542086495 73.616060281712919
0.31179780229600579 68.963188729766571
0.28697624949529416 71.596469599016572
0.26587590847045284 72.354212028811446
0.31990057696068808 66.965183359922364
0.26251870477986833 73.621700262134055
0.27121241333610419 70.774335857841351
0.3077092156431307 69.430991494244552
0.28097529369356655 73.425706829078024
0.32307418219579814 67.489917978837383
0.28662212150214178 72.18430782449353
0.33964422586316345 66.332837179351529
0.28801360988104485 71.939472605358347
0.30730660855051478 69.879438013237916
0.31823429296899963 68.018775598695441
0.30400768416855689 69.685720461286792
0.32305048642507284 66.664869494321167
0.27990545120792726 73.047006981810085
0.28265870829396816 72.655744797795165
0.38753210106519331 64.421633742900937
0.3228942286955232 68.142698732202788
0.35117405366248117 65.617893722088382
0.34605134894001938 67.239725925203231
0.29388144125410059 71.292823872858719
0.26362297098123522 73.412384467864484
0.31394656178703179 68.108441167244493
0.34463714461691747 66.367407142798555
0.30927756985976795 70.971328879809931
0.25112602730879235 75.021942266933237
0.2420628524556474 76.225508486258491
0.30915065139117587 69.483734482299852
0.39076361513460711 62.989973996439367
0.31259606662692618 70.077147033979003
0.37002844578610278 65.026202272959779
0.32482325420660102 67.247783461435503
0.27686012650813441 71.009885176415324
0.22563708563375517 77.326459026593866
0.26136650749021534 73.716815315139101
0.29005920734568214 70.496066716650461
0.28906073768328283 71.319241617979387
0.2965683104134561 71.98318993037806
0.24589361129905288 76.854427781138369
0.35064467285633621 68.063676192053464
0.47571520797769018 60.131382933613516
0.30295071027418202 67.373269318793547
0.22168304128914679 78.746100911365829
0.30075040634809302 71.383219520647145
0.35407773207051357 65.691662045830967
0.276516170045633 72.00175169845275
0.24997438922567244 75.912603943766072
0.291358283562757 69.255093236627204
0.32131347767308821 68.085459693321667
0.29842133063478749 69.926651422430652
0.28168867594971581 70.901174741864978
0.23811113042331036 74.689622708843061
0.28007521242690281 71.545357967110391
0.35027732830837055 66.45052055184803
0.34779756845437487 69.343789431979786
0.31219701361778046 69.837810023326099
0.30206779840774917 68.543080438112909
0.21988569648418305 77.77132623471455
0.30117761582099811 69.91355126093049
0.27098864450673382 73.124405594032424
0.21114599080789651 78.713206222865622
0.2718226431432898 73.126638187652333
0.27977204399791322 73.209981738494662
0.30748291528477373 68.548623473351611
0.2442084254016639 75.072488113556716
0.37144008737118611 64.735332391194504
0.26644088219456386 74.588140348774758
0.29841070510009959 70.746301650073917
0.25414595857560901 75.005820559500194
0.24004349366467242 76.449635603101697
0.27970084552449709 71.655396714388473
0.31640528075723501 69.413663342282419
0.3657782199606725 65.46791332607782
0.22134260939104516 78.129757731285011
0.36776308866338941 64.340404428791345
0.26605647924341747 73.34618501214274
0.32691709259826379 66.671895033113188
0.28088481677836669 71.598407937945538
0.36832164697223219 66.296795027219119
0.30606325760539183 67.106482682404575
0.22009544902130718 79.746204994883968
0.30591210553398923 70.140590397094329
0.26056016347908412 75.021868129703478
0.26490149752873587 71.676437326954357
0.4328591795726186 62.016980637135752
0.24836389669118905 74.893104773751247
0.35273864762017093 65.628540229269888
0.3036895071013036 71.05431197935556
0.30750620446516308 68.411211792732615
0.28125011817158552 71.909236355730769
0.32181148447853902 67.460198352470314
0.24476162285373732 74.900880277746012
0.38070544363064346 63.997478905403355
0.3030876895592266 69.701822170829203
0.32325572216933002 69.207158120445854
0.25699942525877512 73.699523285151074
0.18447462990812344 84.891384212738757
0.2174428383075277 78.144290774449061
0.28549571126360757 71.206141798196242
0.24220014758080591 75.676415134019138
0.23014201996697428 79.645038903511448
0.30969673527501324 69.035118499689773
0.27573294262172027 70.897603075587838
0.29736499254102738 72.225801056035252
0.24874752501226646 74.420348381755687
0.31391444473193708 68.526401166963169
0.25738005761107496 75.713981473072081
0.29239633639851575 71.053320961457899
0.3215066283658663 69.601727327941902
0.27701568338663224 73.66050908620366
0.27666316096142129 72.479270229027833
0.29346483710492849 71.48586423228528
0.25739742519220071 75.632081769352951
0.26675205983517458 71.493800597444206
0.40062831804323462 62.814932716911059
0.2713142570046268 73.445531192812666
0.30105027674105467 70.673899038446834
0.34009532175415624 68.340790412087117
0.28718744667116974 68.772508207186021
0.29871649868520089 70.422073467763326
0.27197710925618696 70.612803666143733
0.23796605385966044 76.922580512370033
0.29208232176887494 69.805519677443783
0.29315405736955807 70.035090829726542
0.32052641180341945 68.400986054852623
0.28056927590155001 72.093917794744513
0.28156026609546969 71.389334669949633
0.26317721530903843 72.80322241510882
0.23210443287193783 75.925741537047728
0.27422588368405865 73.322057111039996
0.27703561910695634 73.050485866700328
0.31170875825480937 70.247970528012743
0.30838224256946617 69.669543435417609
0.31499818164098042 68.524364518467593
0.3434379051809614 67.672283535263119
0.36885128208522294 64.603686157130142
0.29201832065449412 71.243285457470648
0.30436898626322351 68.965934648925227
0.33452136410174366 68.30426541032358
0.2688515746258775 73.224482551165963
0.33943536725523582 68.183189545167039
0.29491871395827102 71.361326073871041
0.29602845147646595 69.72823710814238
0.27825762053581915 72.22799863633675
0.30346378391862172 70.378621236039322
0.2852448562100921 70.20635160541957
0.3310326211675384 68.424883846187569
0.25620457952237546 73.508599927400226
0.28698410832571508 71.187872842031382
0.33121808866981595 67.447078510547129
0.32081151620382276 68.058213252004265
0.27988554842077307 69.507327757906069
0.24733339978367944 74.692551417185143
0.28633629559599061 70.060042801960108
0.25576912780085581 73.840302632228486
0.27842010883312512 72.028974265948023
0.18846302358130215 83.868594408434831
0.28437079622254618 70.474309920311768
0.24831629504129857 75.745988995494486
0.29150310449543049 72.618389974903877
0.26726146934278378 73.513466562182728
0.283948262448808 70.458869346733948
0.27986796734162894 72.874042889712527
0.24684377724651216 75.845969055673677
0.30451187922644141 67.52619807084551
0.30395932297329886 70.600837871457728
0.24575331886712806 74.813083629671354
0.26205024558014467 72.592171115972434
0.33075121363087695 66.899571877665196
0.28414094805543627 70.358385187443062
0.27461501462100957 71.766609344521342
0.31695816306871727 67.258320336336169
0.29603638765173063 70.582902400096941
0.36967060195525719 65.78801008572286
0.27429804525186147 72.438778211310208
0.38604926773736048 64.035871506920685
0.30946207302069567 68.465836685314272
0.24862144625668647 75.176461525886069
0.39229778536017762 64.273321520094143
0.27052199175522312 71.500147318600483
0.23023709023853919 76.996841427193885
0.26736728394700154 73.094843576789799
0.34774181980229757 66.411366002984082
0.26502974374169652 72.12711198925625
0.32333961395001548 67.694438098659631
0.3090789468257753 70.212837593649951
0.33795622727117541 66.940058270316186
0.26675771327596665 73.028748179070604
0.26109076783058194 73.594990177731987
0.25140771473103202 74.475739423755527
0.19937441075208875 82.715665678787119
0.27567043339657282 72.892157724355499
0.3161650643492091 67.892368639445664
0.25593082927090238 73.057359565171367
0.35225999119088214 67.86177579024077
0.28877031146094467 71.396229787111523
0.24886589434601086 76.104324272492491
0.31503215261616846 69.277525457585966
0.27125557980993709 72.11989573458969
0.24757947836213848 73.284106432033937
0.31787647252557683 69.122319828349589
0.25283405407311327 73.500339264515631
0.33363568165474927 68.585688471148003
0.35033211739461811 64.333574546230764
0.32721771942704636 67.638832421988425
0.32223461552029881 68.829435862832099
0.22583055387984546 77.564067896697424
0.4046716022849639 61.956788211973183
0.29767644796341308 69.816713689161389
0.29153568252907952 70.73746814894649
0.25150567895358422 76.011969819660422
0.23410276394584401 75.673173664591246
0.34209252654681954 67.066049124494867
0.25938789367199616 75.050751707405638
0.2692726976688618 73.924220050403633
0.20396319855843553 82.198622602609674
0.36232108719598666 66.685083201119227
0.24739159531581764 75.448767336836852
0.3065713889061103 71.035569436616058
0.31702277715377314 69.820043894192494
0.27641144718901289 70.591721160815723
0.33983766956791833 66.861127647932065
0.31678477664708354 68.416053328865473
0.24432598591925156 75.361709459103253
0.25420365701062475 73.090296782876294
0.2532576596745601 73.242161784072579
0.3085952705085297 69.672891515586628
0.42107622274107631 61.325332829655125
0.37964835959022319 64.448045134605536
0.2447588419019503 76.199590780365412
0.34213431247400039 67.75132246449617
0.24728263513850668 74.83506768493605
0.30607062107894573 68.585659152502075
0.33069409062154931 67.383320428861978
0.21041273445132566 79.708396594664833
0.30172023527785319 70.309909782537815
0.31009891793407579 69.287742374006939
0.27733287391894773 72.681244230221409
0.39877945600519277 63.743269162482818
0.22192204021525797 78.208822193662755
0.31467972348644146 67.463734799471609
0.30321739259945024 70.452133133926395
0.3300163141761962 67.494045039431782
0.33663093431693653 66.937403344475669
0.27717219836783108 72.315862198312246
0.24354035638059654 76.176259185526234
0.29770823001789998 69.931513641823457
0.37013556687089094 64.241683555550495
0.22333935296933843 80.558472808871329
0.29013709549565014 69.361908165657496
0.23617196234509311 76.412358873918976
0.28019695923218757 71.14599565277291
0.23704292598600302 76.908868274050732
0.34912754077882674 66.161289675716887
0.36738824511459695 66.266417394136695
0.27077836980745212 73.230776381434225
0.25033021611061795 75.599713543950614
0.26618382010805708 72.525458517190515
0.29282611688629201 70.429141228847172
0.34262842131187071 66.866923346762704
0.35922583266012265 66.800163132321131
0.25650001017369234 75.462256722261216
0.29793446694438641 70.920674335476804
0.39744081301756418 62.853801244954234
0.33765218030424038 66.357539253610739
0.36236000959252229 65.224175820138527
0.30504213590275453 69.946756922554869
0.28681120319541359 71.187407046829051
0.34938366781464264 64.764046829520325
0.28265064430413411 70.564349596161691
0.27177985433154417 74.005460001951874
0.35106804260758451 66.761317054683957
0.2935037609235836 69.041167133782068
0.26018196657933945 73.754182516234124
0.2691882040098757 74.024348268582131
0.33465970287395241 66.740113080820024
0.36155485860210568 64.245622946115063
0.27069071733936856 74.753364741993167
0.25188528486885492 73.953573207432328
0.29237300029151075 72.221500287745883
0.27372618485067085 74.214422612222535
0.27030281470802509 73.244105726398772
0.39072854285172548 64.271063755074096
0.30549742231028743 69.315497848939032
0.41643119701072201 63.001346483261628
0.3576297804829221 65.583672312265634
0.28037282334242819 71.855655405591435
0.31839368992687866 68.935362168356832
0.3531347617510176 66.809582439461508
0.28473934289985159 71.754172140589461
0.30771765968862969 70.189746942741891
0.33495817622976465 68.521759233307876
0.39192884577709852 64.041291271477306
0.33523378626539863 67.425563231491466
0.33903056352799171 67.000173119090746
0.22220992574103166 76.623415654431497
0.25663797272611905 73.906979919265453
0.33115885947763518 65.940443489463391
0.28849972672559848 71.066375803422687
0.264208263493242 74.682161533446774
0.24631200380690949 75.849262061918722
0.27438976840579588 73.134938806408044
0.27904273382493439 73.585917454227655
0.33007665420103688 67.41227804665634
0.25529039313813767 75.252193769467922
0.28099224579795123 72.755439046769311
0.26771820995839707 73.19746760701608
0.30398269850933402 70.74850683040107
0.3546569366264935 65.404823215196586
0.28375877997304427 71.256492816043178
0.40203049174130689 64.078786359076275
0.24760660992391587 75.364665546523426
0.32190858028748887 69.321240131989427
0.25845882937849862 72.902208394181486
0.21446290355633676 79.46089244273611
0.30831294140629412 69.377245899797714
0.2548338010485281 75.559254368611789
0.26330120861771938 74.66339866031521
0.2128441286319116 80.002515886445025
0.29475029629917393 70.711643130019993
0.23256487448852656 78.732090076355021
0.22551715516867338 79.242526298793578
0.2639712914455008 72.865659440367608
0.25931909955198351 73.244074834600042
0.26508458103758126 73.570571519159827
0.26947617260438472 71.758336863442992
0.33942311737239061 65.426252669845084
0.23430863209736205 74.469890266937398
0.29202742220018646 71.642761732721411
0.26427629669338776 73.382474784397999
0.26453895637653191 73.56156046358096
0.30376780328705744 70.773774300168753
0.34667334674143135 67.227960034973748
0.27413290163367898 72.81303205351233
0.22257994550732765 77.836860245896503
0.23639882264674714 74.947652326845883
0.3111668701598595 68.037618172351969
0.27995702933957828 72.444258618692245
0.27069046363113952 74.253081408897714
0.2597895052711866 74.499597621714884
0.40401428701843017 60.925358440950482
0.32511429640097983 68.018587986192756
0.31091029188808178 67.739027963677657
0.28297915761234899 73.234002289177511
0.26017367687084864 74.249107150062343
0.26979572822795833 71.843423756267796
0.24422718710223648 75.117987532494851
0.30590237742777759 70.450120386314538
0.26968783206137997 70.281492839781706
0.32189764320443753 68.759581644260834
0.2952588654953871 71.571444738999588
0.22751884387173743 80.866073471380943
0.36361461997161737 65.459200912477598
0.36655761082139598 65.53970052272463
0.26971575258043484 74.106901015692188
0.28223811501398893 71.734671949404273
0.32168820482481436 69.226942089738031
0.2677485268063855 72.265466240048383
0.32881551426589001 66.992124425529084
0.37193826882125219 66.026439112390975
0.29928341973662298 70.784988680954299
0.22498786327689158 76.626437923525671
0.27990540879640385 74.059237146601717
0.38997959853885739 63.316877168320545
0.25258003079506985 74.673049032730475
0.27855061790069091 72.998135730525448
0.259698290232864 73.187266760685517
0.24716111868894719 74.819151440313263
0.36352531552053802 66.220426227945822
0.31513338112267353 67.629085148993866
0.30657788787027174 69.501683941477708
0.27844572728925415 71.547693169526724
0.29976932672405715 69.012898612639844
0.40838193122473659 62.521994482563485
0.26237050450371863 73.993286798276628
0.35580469677275434 64.647574319774208
0.25119428062415744 73.263929650118726
0.28235315389670956 70.010745147951837
0.29985446988842485 69.907620524737936
0.35169736283749664 68.502321889085664
0.24854935637087577 74.496362069732385
0.30324757850499362 70.102933863636665
0.35074454866348903 66.203916917194789
0.30385824388844618 70.872000580792644
0.35697121752534822 65.704369896784684
0.27521487249422016 70.956530215070629
0.29454555322640608 70.63123387922225
0.29092296355612984 70.610479332106351
0.36620278752655194 64.646349558727167
0.29948915531181025 69.402495108925109
0.26214601880342275 72.786942710070591
0.28550981915486873 72.050754405482323
0.25396877643548071 76.158672401502912
0.22663305739780712 77.006887230994664
0.28886589941514923 70.305230937361756
0.27027362733397814 72.584301473640224
0.27866946588214259 73.24335996712459
0.35051931789254642 68.27490957039592
0.33116517973980519 69.085438882664917
0.24415061826717457 76.753507020367167
0.35444349366554123 66.513447453729242
0.31921838537785202 67.43719242786581
0.31142532792950256 69.556422536938229
0.277309746082334 71.390593648119136
0.30663556660029662 68.375260144184466
0.34559503374519102 66.534863548612918
0.29270033509387799 71.099738300420469
0.31885989916316076 67.487600486535882
0.23364969120935666 79.009402567150445
0.31969470790345944 69.836757201836576
0.2262902421986196 79.122695192462658
0.25435242733964958 75.08689871930612
0.37196128949135093 64.786271538883554
0.2502279752742716 75.539266145409002
0.28153437460726355 72.233819645796672
0.22496113983590868 77.317891709361049
0.31626191895489419 69.890571821926315
0.32084654420025494 67.352443042376322
0.32590425158515079 69.382368838022842
0.30902424352692232 68.932727825759699
0.30481455672944519 67.827118714686122
0.29562434203871701 72.396302639074335
0.32417686586629196 67.348458816407089
0.26699413627673724 73.183770576745289
0.29898600646455314 69.804498284169327
0.21924353279513159 79.262138496504846
0.23014993365619266 78.001624379395949
0.22261480843098125 78.851159367632604
0.28464834554370949 69.990482316455939
0.32345848481553935 69.627553457630839
0.30058222271872859 69.998489652729901
0.28729540241241708 71.877211538681195
0.27597078823138471 74.634703849578102
0.42999143962980862 59.641966865395965
0.24966134991352049 77.073960551654153
0.27277185466685017 70.854898565019226
0.26105809458054868 73.999389166471758
0.30294881502604326 69.29739385483721
0.30150112764872999 70.966519513400939
0.27054062372712384 72.096458037528649
0.25969168581027025 74.181076505535856
0.26628254442531862 73.321211097846756
0.23170035548927853 77.891837151280711
0.23193357348353943 75.348010818710748
0.32993860617834597 67.265846784061438
0.22054000511621391 78.652026422678375
0.31780307980811862 70.436350773823065
0.34770733022997247 66.524767953678065
0.22204472427987218 77.158648000679307
0.21357322873036452 78.90836641710608
0.254880636859039 74.381478782441931
0.29432477860837875 71.044359413312094
0.30698067617306296 69.886056384320185
0.30661957715873012 70.322244279106144
0.29853456042462356 69.733879549617257
0.30128096284520717 70.446327554149306
0.3742651134345048 63.776624201263097
0.23387111198933785 79.482014306047816
0.32661426608139699 68.216035595871247
0.33591327662137821 65.593759593319973
0.35701643213521456 67.784996634773094
0.30334865985155635 68.799397516045772
0.3522623269133075 66.368886229957127
0.24410016747369065 77.741193720713909
0.30799802540486948 69.999701175244169
0.34925789040094329 66.435206336690726
0.222472227932971 77.621788561159804
0.28860455850699646 71.548421515694656
0.27929807723910821 72.05594281233158
0.33184227553474399 67.127044876280394
0.3445708964257741 65.454646161985195
0.27121298425457507 73.290212395291604
0.25507739060324719 74.104553712331736
0.29008417106789069 71.796912495535381
0.34546708074071536 65.753609989199276
0.26331300972552102 72.056186243961648
0.30094260595495098 70.000010500323413
0.29973340674723248 69.88521531379088
0.27224637311410887 71.835458892999569
0.27158672802975575 71.565830393643637
0.23613367051549677 75.474860612160882
0.31371728827221262 68.479310522279619
0.40353848598307274 61.982758992204843
0.1960646455379487 82.06493764463616
0.39167469208656452 63.799231217806629
0.26624709871512248 73.445130675344288
0.24939051322260852 76.570542134550081
0.32356407748882132 67.00623797363933
0.28086458761089605 72.032048142366278
0.34968547447881348 66.297877647917929
0.35725175835404327 67.292164398178201
0.29406057292409099 70.294868916483082
0.23344973062671648 76.875158921496251
0.32470284181679548 68.748905302157553
0.32015976181991274 67.905330849492472
0.3208809980688529 68.447938877782917
0.29576013864012396 69.814597383825699
0.36315921651037297 65.661705558665076
0.27785607309180671 72.863822760429159
0.2763749437705435 72.826221882364507
0.36266815948456887 62.82642241182225
0.30780296583112254 68.467153835872779
0.25258061726480796 76.889847647403201
0.2805642625418181 72.22539431057713
0.281401736092661 72.007902558182835
0.24036018659460898 78.741639733113772
0.27281462878013424 73.107057385435837
0.19938979007843144 82.23937270739188
0.20769777794013058 81.177679680277066
0.27177671880554283 74.3168307820617
0.35796795659144054 65.287492627493279
0.25458608287618306 72.800358547279814
0.41122505680994004 63.28664964337213
0.2028966630001264 80.021414726800913
0.30744363716742962 69.547200650709883
0.32724352356525549 67.176789646258896
0.33231218152956626 68.397867176827873
0.20461020554972761 81.803608288020584
0.28841341559567546 71.627035257612548
0.30908444033387017 68.956523831784878
0.27799810018348781 72.511459993994507
0.22293814475166099 77.575467152203814
0.284373634727698 71.9495891189557
0.26785705017652556 74.223126749373321
0.30669497297456105 69.441226024760823
0.24294715583156654 75.859897916422625
0.28524014744910714 71.531059331437504
0.26037935241324395 73.585447272241353
0.32526423488834827 68.817981670923302
0.23453781360193529 74.547401687316693
0.33704455769265851 67.534022483179726
0.28106764770169368 70.900493148823543
0.30090911791058972 69.333821297224418
0.22253512172917847 78.887416883470721
0.23902007247990792 75.854006057025586
0.29839733877713587 68.777545197203111
0.38059515953335171 64.716781233733954
0.29714031072192948 70.039679429149089
0.33342226764735006 68.953058614389406
0.29465113922493519 69.694092562880229
0.34802592292111434 65.474914199503814
0.25921027642296351 74.208429261261941
0.32970270810257535 67.694031587750828
0.2306441931743807 75.472317228142003
0.34367969955866212 65.500223549342934
0.31682105476864791 70.236013724831864
0.31288077190025743 67.965751473033222
0.20826358308884646 79.982553788038913
0.21491579662980223 80.767579524980121
0.22571241780988419 77.805122646881358
0.3277372552521981 66.521364184298264
0.30406749486550294 71.448264578291756
0.2971953381280148 69.576881719012007
0.28251621287184031 71.135456984335732
0.31103590642689244 70.487164902842778
0.30637085755397936 70.065556853118821
0.23493337272595988 77.804541918666075
0.31170445739797908 70.215550491888166
0.33444607174541624 67.831804827515285
0.28682780130421681 71.006542486626813
0.30370583243644622 68.992762828628017
0.27812272487219097 70.892353869863101
0.21066647131587388 79.858616923711764
0.33336906194376459 68.230156603420838
0.26819628795483613 73.664380220944793
0.19297371262940186 81.150828007772176
0.28256728506352702 70.409381850510414
0.33324621580460528 67.304487713800867
0.23955082395985844 76.839701536961542
0.33170790481122736 66.456880710451742
0.26124183358888192 73.362795831138513
0.3318553486359398 67.586827940804042
0.22449721122299873 78.169730562804446
0.24676639880283915 74.841904832281301
0.29629750560950502 70.736760108422132
0.27596267204625874 70.811211724610786
0.24721602353634592 74.044001338623815
0.24426467227817114 75.414408295855736
0.25734724184618168 73.550421929373613
0.21338084042937436 78.395270006378681
0.22265928212223177 79.164152646667418
0.31087970388911201 68.568644753694656
0.29386918283644475 69.734056815349007
0.32218720257615724 67.386725655707963
0.364312044247325 64.632808578515252
0.26084033777786353 74.351595247825202
0.2414625224993979 76.600273095691463
0.31308134215121164 70.281265203941771
0.2291990631761254 77.816788298502487
0.32593763506970924 67.392562626578282
0.23385683474744015 77.188862046742912
0.33530180388150921 66.106156315666041
0.35100160743376185 65.672143885773991
0.31593168495012408 69.406534573821588
0.27977035872677342 71.738319361857265
0.29286142808353138 72.834820116030841
0.29510343731800159 70.870830714484995
0.28248881755515431 72.292628051501694
0.40288648638363722 62.45059229012184
0.24970080762131946 74.108931649450525
0.38623122559935691 63.823924136089481
0.33664058656671908 67.082091559279476
0.29768045287721173 71.800415601597706
0.27191688256664859 72.653256009775177
0.29898496746034148 69.931770371065227
0.29856061296807984 70.424027582378727
0.2806212628859463 70.651706761938712
0.28554415947028261 72.835532104515494
0.28352536226714942 72.812108529900627
0.27826553100736123 69.245887678812409
0.34343669025431267 66.83590561422632
0.31404944434547322 68.696577002910828
0.29927541115492923 70.351081039206903
0.28748090678414795 72.955993037275377
0.28313290013427667 70.993380794799904
0.32410333912328093 69.188504545366996
0.27021126795286871 73.071435710751231
0.39668433002558734 62.888285854083904
0.26042652652118087 73.454381650734447
0.29569856975506781 70.072145139657366
0.30510010955979916 71.511640553801413
0.27392517281822942 72.820713944094706
0.3397349662303461 66.17553786487062
0.33497771977321722 68.17815112931261
0.24560165685246627 76.829444971217711
0.23175696808458804 77.08369490987404
0.32461087000244226 66.573284050825436
0.38235663108339563 65.100351379404756
0.36356179402761818 65.493520415146961
0.27308646207610437 74.023178903613726
0.34292768812729046 67.903533077373694
0.29603919165459558 71.408029383666161
0.30048828753087786 71.630508936025606
0.35475724204931791 65.791158136135408
0.29520277194761096 71.636876319142672
0.2777937880630757 72.151383372250365
0.2610693459913434 75.247230729178654
0.3206143652946099 69.435906119141563
0.27973929189032548 70.707706355918987
0.27676573160894768 72.680496470596708
0.33434066950861596 68.911800982738455
0.30800556966086751 68.910178570812803
0.22047195521244936 79.387799430886517
0.31499736647104287 68.859788394046205
0.32109551679763282 67.887677124112074
0.29611315228660351 70.553909378271896
0.24628543466114555 74.763139879531451
0.32382736302644577 68.082807581187069
0.34691819990435102 66.305030161158129
0.24444722203049199 75.675568742669313
0.34247315209535845 67.441397992317349
0.33336303552399849 66.954657737802236
0.24043755698914912 75.244606626118028
0.33458199759536894 68.252554873907542
0.3642223025485386 64.110976106961118
0.21740455393075322 79.182151429926407
0.35236259618721311 67.455105749887153
0.27590634743966064 74.105102486695799
0.29733331058020362 71.024482337751408
0.39419809320674964 63.579746050521294
0.31635450478637256 69.073879399550265
0.307650241810495 69.497654932566789
0.29313651747860608 70.232095985898724
0.29827061483775991 70.889510305840446
0.38642392370190698 63.057699778115449
0.34336925040681143 67.936946407158928
0.2618247659550057 72.969111200844438
0.23848748943333956 78.202681679496678
0.25574080653016434 75.656531068916607
0.3220684650179399 68.574152600723892
0.33939629906580415 66.231510856405393
0.24106634236665669 75.396000022934956
0.29186455544036183 71.23887867353254
0.33646539813215121 69.193656574541208
0.31727467197091647 69.138217840183046
0.25067591480431289 75.100792399474983
0.30537051488173994 70.685341795250068
0.28319607454476037 73.690038752850953
0.28204026176733432 71.427832622212819
0.37081894925536996 64.100621776253732
0.24776914659856708 74.159149023850119
0.32248475441796809 69.09812839235407
0.41595302093549025 62.752239115341077
0.29697525262434743 70.312672201438971
0.35192169828419806 65.899360460636444
0.24403939219818682 76.090418901221085
0.22439432834590645 77.043114197072327
0.23556908203719396 74.994671435613881
0.31939022674959394 69.261265424366414
0.25009635342326952 75.44992754972661
0.26672958954460302 74.181435003204001
0.27460956244565232 73.030293137067773
0.28164063945448908 71.767753310507103
0.30238352895436171 70.483437487168018
0.22507390162062771 76.734726224389988
0.24231549710898465 74.657181962525115
0.28026091025044819 71.323634253882986
0.31550017328139335 69.162897966104921
0.2842725700964569 71.024239173800936
0.21171389160818341 80.455607972750471
0.26674995379962901 72.734232067056993
0.27422747507459211 71.480495207962221
0.25557746556891203 74.231267811059965
0.27803359107830988 70.420413085420321
0.24987276921928342 72.797522667510492
0.23884718573933006 73.548262661681449
0.19078927698345979 82.283410948126019
0.29936210618309234 68.824314248971689
0.25416073210779255 73.417030615088464
0.27674066123486235 71.710184970305477
0.2728891779617959 73.116062062520101
0.25339099933608655 76.089756752751768
0.38178466673916944 64.81931476497229
0.29710560083891313 69.717175103452448
0.29661479951002351 71.037017892483632
0.25728702429652578 75.139551411740214
0.30379787385539953 71.28869716236116
0.39977204852015108 62.831058063138734
0.23634123018402481 74.638403209031452
0.21952732240087866 79.7941619232802
0.26290873970590806 74.299814927788191
0.3566724735525158 67.162433727588052
0.23615304702080364 75.658262494263141
0.25233007544191632 74.460183938936964
0.28766323726690513 70.88390104249595
0.30514797564252394 70.716570869605107
0.25540417792022674 74.229916980152609
0.26579057833805508 73.982511889511684
0.28359878197888072 72.622550334709373
0.20279464923325707 79.316902061587285
0.29534333414444752 71.884991190351457
0.26070655261690628 71.979366943810902
0.32121343873902991 69.693528282105191
0.28570807834161416 70.863632047632009
0.29174308156522494 71.656350228950615
0.32592561203820603 68.18943760827527
0.33378991113056944 67.087798671335804
0.25484209123745144 72.747804320933184
0.32330509477096209 68.05057688342086
0.35053313466814806 65.837888326931349
0.20481506886917725 81.094732662891602
0.34301726049916886 66.252407060165822
0.21600952258638301 79.896731287885842
0.33311446849219034 68.025835533453986
0.35672415249877426 65.219998689904926
0.40300081309433511 63.50327180565224
0.32127268449194885 69.215167702271117
0.31886991748890237 67.336877085090862
0.31143404695376414 70.498543067197573
0.42540046950535487 62.441261581707451
0.27602383556023358 72.040431091844113
0.2182906631014597 77.298953762859313
0.1823109150493144 82.357533046729685
0.27508416080356546 72.67493801288947
0.24105918519137901 76.332727461528691
0.26811726588575768 71.804803643563602
0.29321024641821353 70.738161078928499
0.24021596280466689 75.091377113571639
0.24516798114388247 76.038402443415507
0.34183430026348993 68.715600267312212
0.29832093664939829 71.840274879068488
0.24175744502347654 76.86740871798051
0.30596702549892862 70.248596043121907
0.2529746154574713 76.926568628135627
0.31547361676527569 66.747392617594699
0.24469578732255659 75.562459078789857
0.36078504966781771 65.198807534922636
0.3000937016075465 69.546024803619645
0.27974107912518242 70.834727951296927
0.31410946069228662 69.556758282569717
0.23792061408624149 75.295987929098374
0.2845284192822729 70.761130528820402
0.26871961215077733 72.161315519700537
0.24655116698403179 74.966175557673822
0.36777897827974843 65.757359011179901
0.29701907864695826 70.357293062986955
0.30774140199415079 68.912770140024747
0.39903865458253868 63.934178282550882
0.30668170206824719 70.000837450489854
0.34618307031126594 65.594723396434375
0.28108600396764638 71.855572877805983
0.26571707197997813 74.903987822252276
0.32914093216543377 68.643637215461382
0.28620347923248352 72.378887438416598
0.32424993006036817 67.570873476436788
0.26191405752455099 74.865198744923504
0.2736093279059974 72.792424388765141
0.36694215440930261 66.140802542319278
0.43937290529218337 61.231887977082877
0.26730764472237922 73.142110975085956
0.28879093555088187 72.667323924129548
0.37608960038818195 64.98214617327649
0.30960433161795642 67.209907564564219
0.35805955538756234 66.746774220300011
0.31766089661774988 68.53214503603806
0.2555211394979286 75.886412924014508
0.26971902460288166 72.297986831394965
0.26576012895671514 72.67482460414908
0.38054273912205533 65.658130683429732
0.32092190727124209 69.81353157410274
0.35085570352357626 65.332943974505326
0.28267153249123306 74.611424043197573
0.24899856874312201 76.018708764739102
0.32013020640356177 68.956672915227713
0.26039036534241755 72.973707007303332
0.32459588370830533 67.404527884956735
0.32916608551094628 67.60173194256177
0.34455889023198799 65.02205013926671
0.29343224579943711 71.741860471299177
0.26099189075012352 74.158265956777669
0.40351629146032381 61.084389335649092
0.33458256176861578 65.671795471379923
0.24313050950044515 76.347851643289857
0.27535876189535596 71.389219100746118
0.31031304809808391 68.854237250589122
0.32484958080090426 67.837748889971536
0.28802852771031567 72.790646095880419
0.32355116532458555 66.92584888167633
0.25428559055344274 73.130280772094835
0.27809611761547215 71.669669900792769
0.29674763346831956 70.382204231612448
0.23543510484588395 76.989775307419336
0.36807708302242442 64.797749166653432
0.28379635167768313 70.511209333144336
0.30100689377867412 68.796491405238967
0.31397952644537674 68.426763816672008
0.26212751030634274 74.461881249422049
0.4045836906721556 62.540700222102572
0.38679976439550912 64.939215731018365
0.27989338981429651 72.117232938032032
0.30726327992252017 69.161441373689456
0.26284059426702389 73.527069952236616
0.34689132863824723 66.906455606136433
0.35206506833066503 65.845133574080037
0.24271694821460377 76.477340292771757
0.25784159839933846 73.051563828629668
0.25837139684792265 74.164857333017594
0.25929600506215567 73.894465787121405
0.25322497823583201 73.298461967100522
0.3103972148725444 69.587498888498104
0.36740662456513246 66.741104167348169
0.33550902303708996 67.804244140302956
0.31410311528758067 68.559911716274271
0.2765122196307751 73.791485312014757
0.26865414784291891 73.530804752319938
0.23460396916425594 75.095016193295862
0.28261501630303432 73.145956897030445
0.24950527908544656 73.714219251031651
0.30793549806229698 70.61293481621891
0.28934270753754787 70.633320521433802
0.25894680102321577 72.720658237322482
0.31744548275506435 69.49009762767524
0.21680510220817792 78.545046701553716
0.26784423816704672 72.029048310946237
0.35449717014552184 67.239176870419286
0.25198239885982754 74.719108436179354
0.23493453907679657 75.895129696647331
0.27887585376333479 73.154301743759675
0.30128778284541619 69.559871366247435
0.27738641722591056 73.059543100584534
0.23807995649985303 74.791135124928459
0.30021915337956234 70.425311487218124
0.29103253364898107 71.689399660048579
0.32640099792061256 67.769465866385119
0.3693257516852827 65.016517163429327
0.29995482243779015 70.481501904566699
0.26738143481343324 73.695684711989827
0.31895153058748404 66.140899978539153
0.21179787763345906 80.354843456553255
0.29664793242746218 71.76822246638244
0.34160115868471269 68.456657287921217
0.26114182534700059 73.266278860165713
0.23522980274456268 77.06165009359313
0.31455136382449611 68.482143822426409
0.33848439419200999 67.524582919328751
0.26917938223932109 72.925097381867729
0.33916309107883252 66.773666588653739
0.27605761523482836 72.080179210098279