0.27591863 68.12749919
0.14855725 88.13416954
0.22990418 78.68415049
0.22654544 71.89287908
0.32519115 65.43493874
0.21897131 80.11768086
0.21645171 75.81
0.34191682 64.90122149
0.29990036 67.24298364
0.28662972 74.02019563
0.24094064 74.36126084
0.33074247 63.14323882
0.24439138 76.25337161
0.26911371 70.38909654
0.32126136 69.03777392
0.26516406 72.16946187
0.24134129 76.15556797
0.20381369 79.04342403
0.2433609 76.76613683
0.24483755 76.77553037
0.28292911 70.09449919
0.22882508 78.86777488
0.20187487 76.67451466
0.34602953 65.47374459
0.30921551 69.30675082
0.25411459 76.56000578
0.22024992 78.98020644
0.36965261 64.95434736
0.2495353 73.94474713
0.29183814 68.23782132
0.28223262 71.24405541
0.24882249 75.02234857
0.24489337 72.51
0.23124388 77.41338982
0.16573284 86.23621711
0.22274709 78.01785554
0.2431993 76.17043487
0.24595154 76.53296159
0.28502997 70.04796012
0.29556411 71.00
0.22124665 76.91342214
0.23993311 73.38911116
0.23138704 73.92977117
0.24535769 73.75888208
0.23797742 72.43
0.28363467 69.46172182
0.26062422 72.87669622
0.2741747 68.32149159
0.21111265 81.37576218
0.27020049 69.22807435
0.27084385 75.66031534
0.23564369 77.95429206
0.21623869 79.41
0.17287143 84.63008371
0.21992241 75.50197839
0.25182478 74.85
0.21745531 78.86975045
0.21338087 78.79645448
0.28338593 70.78539547
0.28818449 69.19349007
0.21690281 79.64240296
0.2664165 73.35810486
0.21291251 79.10340849
0.24115298 75.60812845
0.22537224 77.24
0.31825143 68.06892064
0.35949025 65.66738179
0.22100616 76.29320535
0.28680989 69.39205526
0.1791572 85.84199578
0.31714961 67.97505493
0.23446763 72.67916429
0.23980756 73.60381993
0.20764019 79.66805224
0.21017276 79.79558436
0.25305416 76.22302559
0.2473149 73.06360601
0.22381255 72.99
0.20059334 77.67574879
0.35925175 64.81617837
0.29650322 68.65836201
0.22471872 78.48844154
0.38385701 64.20
0.31565715 66.45679851
0.30994446 66.11023312
0.17903624 84.21821749
0.26458555 73.12390714
0.27746832 71.31358611
0.19589673 82.82140451
0.23772428 73.59161541
0.32572775 65.85016757
0.23329423 77.13806751
0.22898752 74.31270083
0.22811621 75.31095543
0.35660816 66.02770014
0.2391169 70.72861293
0.26260573 73.32994622
0.22643941 75.00
0.24574541 71.47585765
0.16846101 88.51022105
0.16990566 79.45099407
0.24138779 77.25371895
0.30262591 68.98800913
0.18734832 83.00518098
0.3055149 69.65318318
0.30279541 71.06972359
0.23875022 75.42
0.2620081 68.4444346
0.18401013 80.56501609
0.24473409 74.09807366
0.28474267 73.25998475
0.20967472 82.20401625
0.16227062 83.58539824
0.29203337 68.40056738
0.29211582 68.89328902
0.25092413 73.88150614
0.20587619 79.42157322
0.31663818 65.51328572
0.32495694 69.48906133
0.27189597 70.21651915
0.22635826 75.68
0.2156582 81.27391569
0.20189139 79.15607152
0.19130365 81.44042656
0.32119428 65.93407888
0.25302268 74.17831175
0.24963534 74.83882093
0.24349051 74.84852315
0.20242649 77.86588237
0.18066188 83.20383226
0.30715593 65.69897544
0.23447211 70.87656705
0.29647137 68.44307486
0.24120651 75.15
0.214629 77.95547043
0.29613332 67.46141373
0.23508874 73.99449852
0.2408553 70.62968522
0.21051417 76.08252532
0.21948782 76.90121567
0.26586261 71.72
0.27010333 71.03992347
0.23192991 76.66304802
0.20162696 80.67369769
0.15630204 91.70
0.26201966 71.10121494
0.35836852 63.35285502
0.24506919 77.95925288
0.26363427 71.63856036
0.21749706 74.81718303
0.19119719 78.97551943
0.23950807 72.67888691
0.40012661 62.91945167
0.19387053 82.89421153
0.30750392 68.77986196
0.22710668 78.47345877
0.23073761 77.15923593
0.22735371 75.58696324
0.24994018 76.40918012
0.25437421 75.15
0.27968845 71.78
0.21111808 80.02594683
0.23273166 77.38482731
0.33265179 65.62148487
0.18045269 86.13923594
0.30115937 64.20208396
0.2444548 74.87734827
0.18808217 82.17764795
0.26795585 73.76
0.21569602 77.93810738
0.16785389 84.94888462
0.33034659 66.74346607
0.32000488 66.27161227
0.20332233 79.17392661
0.29135863 70.92892372
0.24065421 74.80628623
0.26401006 73.32531569
0.20006157 81.08175462
0.22417179 77.59843699
0.16060017 86.91225535
0.2358478 76.20414401
0.3342043 66.96086849
0.18943987 82.43647983
0.13475227 93.92037399
0.3824878 64.11092052
0.27607599 70.45128506
0.28397363 70.38273282
0.16626553 85.20138335
0.20712054 80.91694439
0.21459198 81.62592686
0.23349956 76.61153879
0.28523799 71.15528304
0.25985168 71.37551239
0.28333407 71.90948285
0.33674067 66.26314242
0.19565221 81.87426516
0.33936949 65.96214193
0.2240121 75.48372925
0.2141852 77.25998335
0.31752881 67.48947394
0.23700648 77.52771297
0.28430556 70.71
0.24791605 75.81021524
0.27713091 68.80491065
0.16415609 85.94303057
0.21467519 73.34796827
0.25383745 73.07284152
0.28880486 73.57953345
0.18613865 85.01776755
0.22683593 74.87
0.28730659 69.64736239
0.29234825 67.00855201
0.24567072 74.93990928
0.19099522 82.31913603
0.23267302 76.98750422
0.22235556 77.87635124
0.25567869 67.53113089
0.26320643 72.52
0.23774527 74.25565857
0.32633887 67.54914375
0.25683663 73.14295816
0.2208105 77.19835073
0.26405201 73.28370044
0.2407113 75.22988359
0.19303241 82.52371655
0.29695829 68.32127049
0.1781299 81.18558139
0.18398168 80.58536144
0.21185482 79.86453141
0.1804997 80.98391108
0.19685047 79.05319364
0.30789911 70.18532766
0.23338204 75.26473433
0.25220731 70.47084523
0.25830541 68.34857913
0.28376108 71.79205666
0.32430278 71.20487719
0.28945668 69.93451635
0.26140803 73.69731515
0.21965994 76.83647734
0.26460926 71.59
0.18075095 88.07340802
0.2783057 73.67069977
0.235042 76.99091176
0.33248822 67.36119297
0.28437496 70.52
0.24572578 76.14999064
0.24666854 73.57669707
0.14316521 94.99995089
0.34839425 64.27925252
0.32417503 66.53
0.32498871 70.01292101
0.2607088 72.52380609
0.2460669 74.97764794
0.32423896 69.52820889
0.29394911 68.61471922
0.36131646 64.59774305
0.26094747 71.72374198
0.20331916 80.93
0.30720155 66.23353899
0.32113172 68.50089129
0.26964505 74.50234398
0.20941472 78.95881715
0.24159527 74.60084764
0.21381894 77.00060771
0.21792656 75.17383745
0.31055295 66.11439404
0.20002529 79.33760717
0.24428308 75.49848119
0.20008082 80.98027094
0.24534587 76.10403457
0.19871904 84.72192994
0.24403637 73.11350068
0.23676237 76.68366553
0.20560564 80.89
0.18755386 80.26351291
0.22350089 78.46981998
0.30521677 71.32769114
0.210711 79.8331976
0.24669452 73.45425192
0.29571562 68.01986971
0.21498333 79.24912552
0.30365126 70.14569897
0.31576424 68.18597125
0.33172959 62.29176839
0.23322141 74.42650017
0.35741028 67.51444742
0.23798122 77.33413532
0.23027375 76.53
0.27833385 70.14487782
0.2884297 68.62094895
0.30014783 72.72
0.36766368 64.07797836
0.20774977 79.28768533
0.32444635 69.07556541
0.17976553 82.06526579
0.31717724 67.31954424
0.28265231 69.54417269
0.31462682 70.17381709
0.19174841 83.04094461
0.26737552 73.46569523
0.19648638 76.19739338
0.23199302 76.62602096
0.19234385 81.62
0.23158714 76.42947677
0.30344815 69.11660401
0.36648766 65.76754192
0.28430758 71.09
0.32455873 66.85500141
0.31431492 66.56547376
0.21218004 78.00834241
0.2479652 74.80876799
0.27224825 71.01638723
0.18654159 86.63749914
0.25707309 73.86518718
0.29329627 66.55171674
0.30852424 71.39440746
0.24994558 72.53
0.34616936 64.33634551
0.27665658 72.04016058
0.24179413 75.79406129
0.23424866 76.70317137
0.2319844 77.26692256
0.20503599 78.85786576
0.26921296 72.04423609
0.21284267 73.58527138
0.24419125 73.25472034
0.24032697 71.85
0.22601834 77.09505228
0.13774011 90.54364575
0.18275276 83.95781079
0.28337994 70.76
0.32035436 65.73746814
0.22068508 79.93
0.31321066 70.46197012
0.34241766 63.58389009
0.18587441 82.43
0.15187587 88.23863553
0.31308263 68.45607447
0.22325319 77.29540713
0.26492897 73.53376273
0.23147875 76.35368219
0.28615593 68.42658171
0.22915628 75.34372369
0.26870527 74.81289272
0.26388516 70.85
0.27105993 68.93916621
0.20200983 77.44041393
0.1992293 83.62986785
0.21819115 79.04294627
0.21364317 77.42
0.27011329 70.84516935
0.34969135 65.28866702
0.23959944 76.72840749
0.2618253 70.95912483
0.332433 68.58518608
0.21637964 79.91943262
0.24629887 75.38
0.29505263 72.16796373
0.21385708 80.40862562
0.254631 74.21827818
0.25983302 73.59983195
0.26600798 70.42661851
0.20265865 77.04025903
0.22649318 79.32670472
0.36548982 62.02857302
0.26880648 73.43959391
0.25664722 74.33651202
0.20263704 83.22441348
0.30700296 68.39049456
0.21374802 77.36014693
0.25769387 74.09531112
0.37674506 64.92848367
0.21335977 77.60427098
0.24942301 72.25
0.27528122 73.13858244
0.20898487 75.87369819
0.54999838 53.49506532
0.21491513 82.25345691
0.18271119 81.39513303
0.30638287 67.04510921
0.32194694 68.70645996
0.1859377 82.65304226
0.32461345 65.43743861
0.35414765 65.53879976
0.19250394 79.70456099
0.24370279 72.00
0.35460118 62.30451902
0.20281379 80.24578554
0.28415123 68.85377456
0.29306409 69.34604861
0.19797775 79.89096287
0.36029161 63.44792816
0.20892963 80.15134554
0.32532331 67.33
0.27624361 73.08042283
0.31387194 67.78270146
0.2271443 76.03365416
0.31734221 66.84455449
0.23443332 73.32500908
0.3290623 64.97933008
0.26305394 71.85660812
0.2550183 74.28430525
0.21780016 78.33550043
0.25781061 70.91836378
0.21442359 73.24739837
0.21254916 77.20939547
0.22114431 77.55
0.29624498 68.39786481
0.22384627 78.53697074
0.32592549 65.44926709
0.18082703 79.64603284
0.34052571 66.64850052
0.23766986 75.63241776
0.21458889 79.75275815
0.32414946 67.60869155
0.23008586 75.96953184
0.29462584 68.18403894
0.29216442 71.35474375
0.22495562 76.21124448
0.29950851 71.39069993
0.19145303 80.73328203
0.20065933 80.73681478
0.26938351 69.84311536
0.28073707 72.87
0.17343626 84.62259476
0.34713526 66.20
0.26702085 70.84
0.30779786 66.16947813
0.22576314 74.61402518
0.17897001 78.72148856
0.28383984 68.93439042
0.22077963 74.27282078
0.22700667 67.68831342
0.2502959 74.81007437
0.24431535 74.79577616
0.24950177 72.73049805
0.43039419 60.11190753
0.19112964 78.38991981
0.27723487 72.14751291
0.20941017 78.54672767
0.32150309 67.72538724
0.25363777 71.04367956
0.28743493 70.97432614
0.30255624 70.60023637
0.26142649 69.80440316
0.13990722 90.92300946
0.23139393 79.13680614
0.18858476 80.59331919
0.21640566 80.27
0.26428005 69.76751125
0.29332075 70.19462949
0.37353983 64.60422341
0.29326794 72.51573308
0.22654876 74.91493197
0.23331876 76.28632332
0.28242264 68.75685493
0.29514064 68.65405484
0.25837565 70.52603281
0.28106144 70.55917373
0.39220933 62.51751732
0.22071488 76.55258425
0.31593032 71.35611403
0.25062115 72.22396124
0.20899779 80.88771683
0.26379451 72.32772313
0.27342396 69.85616845
0.28159528 69.65763434
0.17944451 81.67114575
0.26373101 75.11407365
0.26573609 70.18355889
0.20325526 80.29416318
0.34532646 67.63756634
0.31099308 69.69978127
0.28674038 71.54224647
0.36046199 68.24372348
0.25293668 77.17
0.22105265 72.13852506
0.37709408 64.09753597
0.21583735 77.82543472
0.2555845 69.20730833
0.18923546 85.19
0.28491297 68.87321154
0.22365562 75.76033569
0.18579925 84.53583321
0.21097038 76.26643393
0.20160435 79.47110989
0.18717203 85.46
0.22837192 73.62622701
0.21608237 76.88401569
0.21890041 79.06075626
0.20125647 80.67554996
0.2537017 70.03676814
0.17718048 85.76792222
0.2510828 76.14314402
0.24898436 77.20496841
0.25189296 74.49390297
0.23637056 75.45900027
0.28247792 69.56114063
0.20681455 79.61593045
0.17562178 83.08950181
0.29278984 69.22741759
0.20325271 84.51864266
0.26654786 72.00788029
0.26583271 72.92061809
0.31447703 67.82545273
0.1997028 80.36865987
0.171375 86.57715476
0.1385419 94.99995761
0.18405275 81.18
0.24142633 74.38526808
0.22356833 77.50225516
0.21284032 74.97588064
0.23149336 75.59735132
0.30942263 66.40089757
0.20734533 78.35803411
0.21517848 77.45261152
0.30121578 70.05755712
0.34123907 63.52054809
0.30161628 69.94084108
0.22336365 75.04515483
0.26576843 72.67505138
0.31388138 68.44311348
0.30291729 66.09138004
0.21218697 74.74338827
0.20645051 78.23245632
0.29444541 69.68037743
0.27663076 71.93518616
0.17253791 86.48778732
0.34816205 66.55334704
0.2433848 72.02300948
0.20005258 80.93845435
0.27996272 68.50975186
0.27052421 72.03096521
0.15430312 86.20573172
0.24819932 73.16
0.24399469 76.34581189
0.2105603 79.48369461
0.26828136 73.70450421
0.27206775 67.20
0.19134123 81.84612237
0.40611375 62.99692841
0.27506387 73.13
0.28851964 66.29283692
0.22290254 77.97657034
0.25106426 72.87658524
0.2051276 79.58653423
0.23878511 75.41270808
0.27040701 70.85809397
0.17287309 85.36637823
0.26216793 71.07879779
0.25585003 70.25
0.23107887 76.86309896
0.19655694 81.81968196
0.22490852 74.05513008
0.20271722 76.98986046
0.28284523 70.26381117
0.39643691 62.41806063
0.28742479 69.26794546
0.208747 80.59761504
0.26404934 74.08302926
0.20486299 77.63098239
0.27282939 74.29
0.32079784 66.51037323
0.19169897 78.46979242
0.36778815 62.37102181
0.30411971 67.06436769
0.23238792 71.75
0.21973131 76.58059855
0.20716328 79.57505484
0.19201778 80.26
0.25641694 71.38668355
0.2217689 77.20253858
0.21424941 78.20
0.2132222 77.74818371
0.27403002 74.96028632
0.12901504 93.23796615
0.18588107 84.12485255
0.30524874 67.43798464
0.28969623 67.23855393
0.23433249 74.26682327
0.2686179 70.52345338
0.2648227 72.26890195
0.36138598 64.58348383
0.22698261 75.26
0.32337818 67.73278674
0.20551736 79.12700042
0.35879034 64.17053355
0.265577 72.93717256
0.27419638 73.06325658
0.29247441 69.28939591
0.27405483 72.81681961
0.18386616 85.56412421
0.2116668 76.66474224
0.2442468 76.36
0.28987529 71.58074017
0.28495038 70.58704926
0.31805358 66.80103528
0.18374068 78.85839387
0.28363826 72.02472645
0.18998675 82.24568927
0.20222107 73.90292483
0.32242842 68.65624758
0.24409008 76.23397052
0.25541757 74.42552598
0.23847568 76.83979993
0.34395628 67.36054091
0.16476433 85.00537847
0.26248289 75.60970009
0.22963117 74.40
0.2633705 71.85884851
0.17267993 81.98610651
0.26038378 70.65189488
0.23255973 78.10493775
0.24177506 76.08801552
0.27952447 69.75131981
0.34258369 65.70454254
0.27987672 69.83322674
0.21618362 79.73289626
0.20933664 77.43593574
0.28534166 68.44136188
0.20400629 81.05605925
0.21838047 77.90
0.22595616 72.73891416
0.2345215 79.69889263
0.22888423 76.59
0.34008089 66.26479906
0.24397718 73.24905097
0.26179174 73.04175013
0.29963143 65.76093161
0.25184489 73.98212874
0.24271859 76.99860635
0.21467207 78.59882443
0.37569713 60.16518147
0.32367421 71.79336621
0.2042929 76.64615739
0.24684044 73.00408843
0.28311472 68.73408492
0.15327972 88.46324508
0.18001328 83.93507419
0.18443485 84.60170036
0.24198762 74.53835722
0.27743867 70.63747296
0.23235639 73.60147048
0.24061281 74.15761064
0.29075464 69.16466063
0.30649786 68.34525457
0.35634924 63.83481711
0.27647991 71.35487499
0.24751873 72.72753407
0.18213887 84.61726086
0.35276356 66.10200031
0.22568917 77.36070758
0.24683485 73.19340344
0.21360152 77.60787642
0.24466589 73.92121746
0.45057274 61.28144448
0.19387407 84.91797849
0.23891691 74.19848954
0.27875376 72.75
0.23701116 74.52
0.22760576 74.27
0.1933604 78.15674939
0.24305702 78.22321252
0.16164848 88.22827833
0.29806128 69.92221949
0.2382842 76.28201821
0.26651351 72.44001726
0.36136121 64.31135102
0.25605146 71.85011585
0.20697875 80.25101126
0.21301069 78.67288305
0.28029535 71.95030571
0.2222956 77.35424594
0.29240809 71.43872351
0.19375692 80.98754754
0.14699508 86.45492372
0.24100331 81.22069706
0.29081311 68.36686769
0.24414362 69.00470936
0.26383678 70.67949475
0.36782064 65.16686027
0.25071636 76.03
0.21061809 77.64273062
0.17852973 81.78487306
0.26280894 72.89801704
0.28664823 69.27070451
0.2032215 77.39313436
0.24266455 74.67523055
0.28152722 71.65750699
0.21561526 79.89541171
0.200503 79.43710277
0.2078408 81.42091434
0.22862113 75.02395076
0.22564773 74.43734045
0.21860189 75.48703495
0.27303504 72.18631405
0.30570734 70.72887511
0.26266968 73.59336498
0.1977379 73.15
0.21350268 79.33856072
0.31477109 68.03
0.26225986 73.82425947
0.21688154 79.24
0.24876861 73.52
0.25494392 72.97596803
0.30268545 68.89944998
0.29762906 67.08099667
0.27498244 68.12467459
0.17642299 85.40629823
0.20243288 80.93555877
0.27013391 70.91528964
0.23836478 74.92507069
0.30471672 68.39496995
0.40316923 62.04759799
0.21506147 79.01731481
0.29884709 70.54614564
0.38581035 63.71
0.23392519 72.96
0.19945786 78.69
0.26851284 73.16190337
0.19878975 77.68774195
0.29018431 72.25408731
0.23221411 75.99778247
0.27838303 67.52967615
0.21448078 78.53389268
0.28226024 70.92544222
0.20394948 80.63281702
0.20707621 78.35883071
0.32982046 67.80
0.20084363 83.64911628
0.20703906 82.05322604
0.1715317 83.46019101
0.27472304 71.68224997
0.26172117 70.02200857
0.18156043 81.18373929
0.23423399 75.13528716
0.21570233 80.15
0.18123864 79.11334494
0.33840755 64.26491407
0.27184914 75.49608586
0.26752925 72.23242028
0.19443194 78.00368957
0.28895925 70.25066925
0.24923708 76.83
0.21209301 78.68269509
0.32593294 65.87227898
0.16548527 84.45972173
0.22072882 75.96079378
0.21055872 79.74936081
0.20394445 79.96042015
0.19632467 78.11902258
0.21842761 79.16873756
0.26203907 75.14475164
0.22794529 71.23158243
0.17954605 80.77229495
0.28666527 71.29
0.20835668 77.54886585
0.29882096 69.19986113
0.33785283 63.77805365
0.3315849 65.67528382
0.22786714 77.44962012
0.27468564 69.60959731
0.30725605 67.85276248
0.2550994 72.90440758
0.20418775 78.99331349
0.22165081 77.93
0.25589454 72.71845955
0.22617941 76.97276773
0.20664936 80.68386269
0.22741053 75.06283042
0.23240654 72.56
0.16609495 86.05107884
0.2003587 81.73581369
0.23847739 73.18060724
0.20305397 82.09143332
0.23000541 74.67290141
0.17814921 86.80518027
0.28437453 71.12400925
0.27933319 69.55328742
0.29501937 69.88142667
0.19338965 77.85179823
0.25371929 71.09
0.2566148 70.77815847
0.20436831 81.54481041
0.26566873 67.80219668
0.22005474 78.93429263
0.18240069 85.94401043
0.30403595 68.85423585
0.19088716 80.54694021
0.22615005 77.05272151
0.21844802 79.90823514
0.21135091 78.30912936
0.26719895 71.36215775
0.24209912 78.22506176
0.31898651 65.53860131
0.27008809 71.48912361
0.19782217 79.04449898
0.28489894 68.43752668
0.21692284 79.65
0.20931931 77.21627654
0.22895752 77.76882544
0.23000219 72.93
0.24206044 75.40948022
0.27461368 73.22737528
0.23627896 74.63793366
0.24457964 74.05089088
0.23128695 74.71481745
0.34180045 67.08519875
0.32358499 69.97785873
0.3212539 68.76107054
0.25016044 71.99702553
0.2734256 70.28762869
0.30479503 69.14172148
0.30793116 66.56354018
0.3018601 66.19156276
0.34902296 64.71280527
0.25738606 73.39012246
0.19046158 79.47691191
0.21176292 80.40381052
0.22877483 79.89827481
0.20604208 79.49095491
0.27949043 69.63583164
0.27607232 70.39568416
0.28319015 67.86863268
0.23011268 75.90917601
0.21160401 77.48170631
0.16800147 87.24331412
0.24572719 76.20625738
0.28022628 72.14322819
0.17265994 82.73864733
0.27010495 75.98
0.25438296 73.86516062
0.23842489 75.27282987
0.3953354 61.88091564
0.21003997 77.20912815
0.2954258 69.60686671
0.36405919 64.07161528
0.26978925 69.13459967
0.26365866 73.46393287
0.18745687 78.78103069
0.22778167 74.17165483
0.2552934 74.19559797
0.21310408 78.85775009
0.25631729 73.60124013
0.23023524 76.17808805
0.2493171 72.67301765
0.21949134 76.96946551
0.18426731 88.27348151
0.19906187 78.98435368
0.19288485 84.30930446
0.14203081 93.67935427
0.25796062 72.22244984
0.2547848 70.79020937
0.23943631 74.60272309
0.28807758 72.25693804
0.19305144 83.63328558
0.21639037 72.76015197
0.17348936 87.77354087
0.28916957 71.30565145
0.22009845 77.79686022
0.20020543 82.39539129
0.29856942 67.44746905
0.27872133 69.21521607
0.17288329 86.36992119
0.27437768 72.05994176
0.2150293 76.74538861
0.19680977 78.34919977
0.30087471 72.39823181
0.22725459 73.93444986
0.33741401 65.16960456
0.2110109 78.34131741
0.20632487 80.44329835
0.18711247 82.1123143
0.30725557 68.10458303
0.24482799 72.80801541
0.31773841 66.89284726
0.24198194 76.06938791
0.28243243 71.62250592
0.23631267 79.68970411
0.22329451 75.66771857
0.23175134 76.81702365
0.18599359 80.8214779
0.19875761 82.41736429
0.29805267 69.5166489
0.29898164 68.93583059
0.19363173 84.2457861
0.17592443 84.24968514
0.32233742 63.7427567
0.17543335 84.38720448
0.22357783 80.66788479
0.17102426 84.87146376
0.27160368 72.278387
0.21970931 79.43599391
0.22297567 76.83261273
0.22996857 79.04547746
0.22072861 78.94527517
0.31443055 67.77701644
0.39222695 61.67519323
0.18702822 80.04439609
0.21456785 78.64510078
0.30090358 69.16210627
0.27083796 73.76700723
0.26354758 72.25466775
0.21891949 75.16318902
0.24435406 69.51548081
0.16340937 85.61377122
0.20130758 83.01828772
0.22352807 77.64496801
0.234349 78.22269645
0.29384693 67.95375716
0.27380987 70.32440125
0.21588094 77.22055051
0.22758085 76.87736969
0.21515438 80.33725048
0.41531453 59.88518683
0.249932 73.93704268
0.20250351 81.62876741
0.26771958 71.92357512
0.24159413 77.62492599
0.19679983 76.57397329
0.22038286 77.13074795
0.20486819 78.8057694
0.29413044 70.08421648
0.1762098 79.64927281
0.27105928 73.24751462
0.22364114 72.56657771
0.15420796 90.46630363
0.31273625 69.58895275
0.18982141 83.33828453
0.22865807 76.74240463
0.24619166 74.19674476
0.26401296 71.45501657
0.2518245 76.26767942
0.27774965 73.98986862
0.22549532 78.95147212
0.22830643 77.64204265
0.22813726 74.36631988
0.29686066 70.60875426
0.33354227 67.28295388
0.25437314 73.889746
0.23529082 75.36726493
0.23722271 75.38368271
0.27813908 70.45920731
0.21229992 80.84829435
0.22100659 75.44218101
0.18969584 79.15996526
0.22280528 83.22563869
0.28053892 69.92540223
0.18165524 82.96691891
0.32515587 68.36897659
0.24252883 74.22688513
0.16653397 87.18541868
0.21885718 75.19718704
0.27675524 72.40660012
0.2445102 74.14767613
0.20994494 78.75182108
0.28295439 72.77779698
0.40115235 61.71825213
0.20909358 75.69437924
0.18169675 82.86721951
0.17073657 85.1001937
0.19940452 78.57552547
0.14696474 93.90869616
0.32192361 66.26371646
0.26684251 75.99252078
0.29551749 68.78741625
0.31501604 67.08235202
0.27488693 72.14871913
0.25251937 73.00377202
0.3203178 67.66760875
0.30029239 69.83162053
0.22729176 76.33352733
0.36891841 64.36289022
0.23426786 77.14724148
0.28062325 68.10881178
0.29440436 70.53540098
0.20485007 81.41910749
0.20109936 80.80596783
0.21460327 74.2620778
0.26628938 71.81413917
0.21798938 76.99807322
0.21527342 76.81624049
0.27581218 69.62746829
0.36893172 64.8051829
0.28977255 69.47301191
0.2623287 72.08929312
0.28683494 69.28069551
0.19462219 83.85768907
0.16921231 81.1445941
0.24957869 75.64446573
0.23313189 75.15056808
0.25417898 79.14472693
0.25297512 74.54358725
0.29759947 68.81509367
0.2021076 79.99305088
0.26444749 72.33149331
0.26040895 75.611975
0.2665526 69.21867494
0.25421768 75.13731939
0.37446344 63.48656764
0.26154393 71.77077175
0.2460037 74.86877993
0.25843991 72.51561432
0.26098461 73.54580972
0.26389367 75.17805282
0.26010168 75.73998025
0.28473008 73.33127926
0.26799305 70.05071486
0.2169966 79.21533819
0.26359002 72.5429634
