-0.3037827019294852 -0.8389086957361371 -0.11143069470431222 10.526688082306485 8.380133998937616 10.858091099722648 7.9915448325122895
-0.01790287167678528 -0.4290108580154701 -0.49602026226954976 10.638542193555356 8.087723298896137 10.226098198823326 7.7488174221782185
-1.513596244523562 -0.3456013916140215 -0.8398451952246351 10.772293572289362 8.137113749085609 10.67627398686764 8.52781152955073
0.48699809702771546 0.45252276772685285 0.02703796340621345 11.15464156262579 7.729195749675346 10.856215041481382 7.853852631299547
0.32114010005340177 -1.0300539834014497 -0.2919535162792055 10.258778738745868 8.304820783698732 10.980871891649672 8.28911600771902
-0.38868177713499286 -0.35168331504319994 -0.3798951818664964 10.928383929270757 8.296220973396421 10.87623014717075 8.27273156031844
0.4128937874104608 -0.2951914152245969 -0.4624990290493436 10.532184461086874 7.852085472249184 10.97366181540753 8.449364404496638
0.014067795334991473 -0.11561535482025853 0.07644923788014246 11.4455794384416 8.572035211669208 10.940064670242732 7.887640100690935
0.861944177956147 -0.8639511900207548 -0.19468412628514464 10.62884565192934 8.504929981637238 11.084451998687532 8.295307452210693
1.0271166753509355 0.19014847852393046 -0.3722485218688938 10.975058971808572 7.810422684961562 10.923247088279611 8.311357743116698
0.2938618229162202 -0.6104583458139405 -0.3815180119711883 10.397940637714562 8.029687242739813 11.0276432995322 8.422875162715973
-0.2033826567577428 -0.387012994831899 -0.5073775253548334 10.850970087479933 8.254932202056137 10.661155643795507 8.186794892253397
0.11962975706340373 0.05923232117752697 -0.10247113637922745 11.218916372810911 8.178113023057513 10.684837127659462 7.812775137848356
0.3914752881322556 -0.7296503753416896 -0.537710894652351 10.538880142469411 8.284902291024471 10.976857246141494 8.52628980293284
1.6361452751472934 0.019986024686950543 -0.4738473621603596 11.25316249502873 8.25021643505232 10.778410312879 8.268937004981115
-0.09330017260573342 -0.37929306349489345 -0.4331489138765736 10.400314608647921 7.805220087139315 11.116348564015942 8.560558975560346
-0.8618262525714773 -0.0836594435915412 -0.5221117888494025 10.807576233420443 7.914738322716456 10.934463232104164 8.469392753057544
-0.5101617680538375 -0.3283312600704704 -0.5505099675859579 10.884392181495896 8.230149968520761 10.88600788102478 8.449714661271994
0.3627197245784348 -0.264439163520894 -0.8382582615580514 10.529881589969788 7.819655091249707 10.702459251944266 8.551944952497122
0.4985112113128274 -1.4820180191342267 -0.48677307504132195 9.960918493905371 8.456012012943148 10.963532753646831 8.463242048525945
-0.0975378803648379 -0.4732482943639589 -0.5225935408215729 10.316697484687927 7.815362803827804 10.919339204389422 8.455027216326506
-0.0004032446937252132 -0.867491370394708 -0.29978136479166295 10.044017208689931 7.934628066939938 10.51301711732804 7.837783590807641
-0.23940821445886762 -0.40751745085015045 -0.32677437673577003 10.639696588944627 8.067768694442655 10.854954828708173 8.199741523461052
-0.2668232173065306 -0.4553190958126976 -0.11644944951797598 10.95568205213047 8.424680226247041 11.327516105448208 8.457021605977323
-0.6990208766437949 -0.13359565672429774 -0.9889939841819331 10.916818142070124 8.070907977997207 10.014229835924871 8.024609889906785
-0.4790131733195242 -0.4869393150603898 -0.140907701957369 10.89959093354761 8.400671826909308 10.961401258347312 8.121822320954921
-0.025888286984702802 -0.5906634269068789 -0.6043590855550232 10.524660984001855 8.134591779542559 10.712743479523203 8.332556326598247
0.12213574790531467 -0.3665250928513384 -0.15580496860456705 10.688248233464595 8.075185110448562 10.762958896242989 7.941746227801936
-0.38634605650654485 -0.8728866415860708 -0.4538665690752044 10.475354775624469 8.363106654425259 10.732136685109358 8.203934792680474
-0.7278653673439432 -0.5065584880018363 -0.4153078696850674 10.93647201083333 8.456104222407182 11.011578187009002 8.44026491022255
-0.7328526692442647 -0.3401089045058576 -1.546001765884041 10.592790766503022 7.955614867226811 9.905733449239252 8.464644419557462
0.4666374916680276 -0.42727971952136734 -0.34202333632369175 10.481558778596623 7.93200845050356 10.83548445087831 8.195599890023884
-0.4379687953266025 0.02285639197363487 -99 11.140721567579986 8.13708452378739 -99 -99
0.03858229663167201 -0.06926547352838419 -99 10.829390972373396 7.922018839074235 -99 -99
-0.08201320352410413 -0.10654935088662576 -99 10.772487392964413 7.902769949392254 -99 -99
-0.4785104953757049 -0.47937842513771933 -99 10.876422717820176 8.37052350135599 -99 -99
-0.1466760955632047 -0.590734510753629 -99 10.782032660538675 8.387168871754879 -99 -99
-0.6226780392234996 -0.17718919899752983 -99 10.65533136964917 7.857132929899277 -99 -99
-0.5955532804631627 -0.3328268064900879 -99 10.609902528727014 7.965258750781499 -99 -99
-1.1417429594935964 -0.47409768510414807 -99 10.511938491810488 8.007747093170948 -99 -99
0.09068770890101163 -0.7591842087289677 -99 10.356812932587475 8.135251795345562 -99 -99
0.09737752480094741 -0.12855881296904492 -99 10.567370073082767 7.7231228301054315 -99 -99
-0.3725770602698262 -0.9344099621947759 -99 10.243586729608209 8.196079554327907 -99 -99
-0.5550158696751328 -0.686814777658995 -99 10.605405462044425 8.308144277173025 -99 -99
-0.45385382553753395 -0.9543282763169199 -99 10.08155002392443 8.056647200366788 -99 -99
-0.5260037308926524 -0.6282566128715246 -99 10.093401371342368 7.74836564831225 -99 -99
-0.9051217131831137 -0.1619025331239179 -99 10.944644197347888 8.125979997265887 -99 -99
-0.3991338678403995 -0.33935367779008274 -99 10.751601826168352 8.11068344493362 -99 -99
-0.7059078870123692 -0.10491871949260911 -99 10.737599932768118 7.866942049732998 -99 -99
-0.25876709344082727 0.042085821403421875 -99 11.104183346491919 8.082370881864323 -99 -99
-0.7735928736859901 -0.554332317301224 -99 10.690212971994189 8.261370383327728 -99 -99
-0.8092611447010682 -0.1590587305937703 -99 10.87735443690719 8.057171958635191 -99 -99
-0.24709458204693568 -0.3736802044040797 -99 10.597982789888366 7.993645563700317 -99 -99
0.8954914888633496 -0.31639109206128957 -99 10.953095720270653 8.285840511578868 -99 -99
-0.34081758441825016 -0.4897523448000687 -99 10.49779383832934 8.009228560268262 -99 -99
-0.9613777109315436 -0.4153349184901014 -99 10.864937238577053 8.296422013298583 -99 -99
-0.27308623421251355 -0.8217658404711266 -99 10.730856710636932 8.563624984892115 -99 -99
-1.1023337691029802 -0.604323411022607 -99 10.653519618679853 8.274416796441082 -99 -99
0.4168752246546159 -0.4450137928883162 -99 10.559530934471693 8.025905832012905 -99 -99
-0.5351446402112714 -0.45617185128076976 -99 10.710580061951415 8.185047302072096 -99 -99
-0.09872813001234171 -0.435488629410397 -99 10.403661901510143 7.86363758588614 -99 -99
-0.8322319219246452 -0.6348334343338298 -99 10.495941001019702 8.149749798525349 -99 -99
-0.4187207433605078 -0.6893976310709924 -99 10.349809426428502 8.059913044112752 -99 -99
-0.016614135521466622 -0.37913521903816516 -99 10.996665947195385 8.390145524191736 -99 -99
-1.000836786171032 -0.06720931790409246 -99 10.86718458798186 7.957080861064707 -99 -99
-0.3629977304982024 -0.8288395730963778 -99 10.101691941544464 7.95329146901413 -99 -99
0.12089733021921667 -1.1900140907876935 -99 9.736224499449609 7.949079680881816 -99 -99
-0.7093629102725139 -0.2799301043678213 -99 10.529229787313408 7.8342137697284535 -99 -99
0.7868815864668299 -0.3314313263961495 -99 10.718591848516619 8.070524736906917 -99 -99
-1.9004104524490408 -0.7644041851749677 -99 10.03611151866659 7.825732957038951 -99 -99
1.4693934244740854 -0.6518651302471969 -99 10.581329492478089 8.250234244355777 -99 -99
0.09796627338069896 -0.4990299469293511 -99 10.560325341861708 8.079680473832907 -99 -99
-0.629007747638779 -0.7395076294728522 -99 10.652561483605819 8.406106006841483 -99 -99
0.6343345290694185 -0.4314832449909183 -99 10.46236076440823 7.9172973576215036 -99 -99
0.7723825950241867 -0.5025446549967345 -99 10.775590670788079 8.29432556812748 -99 -99
0.6258587238120228 -0.3398910561738493 -99 10.649474239662025 8.011013291744575 -99 -99
-0.13490134797530118 -0.3753670747529654 -99 10.907208335569042 8.29868173506692 -99 -99
-0.10767611129100274 -0.01385537290370209 -99 10.842080640549192 7.880105822798633 -99 -99
0.24022056734556863 -0.14631014174577217 -99 10.666579859843988 7.837873380559714 -99 -99
-0.22927766216573353 -0.7057664803559476 -99 10.540023718062399 8.262591763668238 -99 -99
0.2533716673289099 -0.3507834211295915 -99 11.075232504462718 8.439411224598615 -99 -99
-0.07666884689284359 -0.03573539594547448 -99 10.667593918172829 7.730383390081467 -99 -99
-0.42063576838139305 -0.5740115082738573 -99 10.399429880932733 7.995390346950584 -99 -99
-0.2491598884707873 -0.3953957490594977 -99 10.433753813481545 7.853825635809016 -99 -99
-0.9783999328605457 -0.3997915934143137 -99 10.795390400751502 8.212940054476082 -99 -99
1.1245793454665058 -0.4536523412016784 -99 10.724561345991004 8.19629244850474 -99 -99
0.3636773641476694 -0.9051176407651642 -99 10.099145937533116 8.025629996668442 -99 -99
-0.24316062691664087 -0.7191004947081581 -99 10.33164569927193 8.071234090913864 -99 -99
0.6652719344152622 -0.6260129401272323 -99 10.6983667869139 8.339695950200053 -99 -99
0.9169143026351083 -0.26366484242201516 -99 10.804560647718455 8.088383028376814 -99 -99
-0.8559624480947949 -0.49369315218347154 -99 10.610301177848353 8.123475837194222 -99 -99
1.4381053642861659 -0.6538914775616114 -99 10.600844239218711 8.271368211733174 -99 -99
-0.04701036496666866 -0.5501081916826589 -99 10.245783646112423 7.821196482060754 -99 -99
-0.11418801213402041 -0.6222050216942652 -99 10.829245990275876 8.464365587843904 -99 -99
-0.37039891184052465 -0.5361819367767549 -99 10.700704676453807 8.253856456240504 -99 -99
-0.3784404824035832 -0.2410619867074164 -99 10.868355046079746 8.128796050867484 -99 -99
0.1087576383279174 -0.5888931346630297 -99 10.24237141103823 7.855900645787505 -99 -99
0.2574833624001922 -0.17857446337668748 -99 10.783329033549233 7.98407052083402 -99 -99
-0.15709805315546532 -0.25731455376413415 -99 10.520927588164652 7.8038803654463305 -99 -99
-0.568486417812009 -0.6737250848939027 -99 10.598200633975402 8.288233322782673 -99 -99
-0.2888263188579323 -0.4692650642604477 -99 10.25957079758443 7.755407864056009 -99 -99
-0.5256177494721772 -0.1986035931058865 -99 10.821273118353844 8.04094804161314 -99 -99
0.37369898788739775 -0.22648250197129371 -99 10.545590714462392 7.797828032643089 -99 -99
-0.3382540044520699 -0.4454494771365187 -99 10.763639288163311 8.226583987635662 -99 -99
-0.7907429566874402 -0.49102380073675533 -99 10.527066020465968 8.039194923581992 -99 -99
-0.7055402603720644 -0.7207481397957327 -99 10.71158367715836 8.44560774561366 -99 -99
1.2688979187194516 -0.8432345617977184 -99 9.939490635968106 7.8082786915280495 -99 -99
-1.1949075491647037 -0.5041475897120815 -99 10.294764583331466 7.8241597329730235 -99 -99
0.03901142682313541 -0.8661750852922712 -99 9.837720521445968 7.730938979770887 -99 -99
-0.5179993091320654 -0.23290717177450482 -99 10.666928344691588 7.923175625204883 -99 -99
-0.3642611294987308 -0.40784484728510684 -99 10.857788268341183 8.282059649740953 -99 -99
-0.2790924164249553 -0.4159943739020413 -99 10.404614855023826 7.845446714499169 -99 -99
-0.6363266872703921 -0.8626834923540976 -99 10.54465652112793 8.421088287227215 -99 -99
-0.27276196804040254 -0.5218237275635484 -99 11.052164494649794 8.58458684481351 -99 -99
0.6910179688454186 -0.5044401050771903 -99 10.41350125346459 7.940939266865339 -99 -99
0.5914905462784574 0.27279623128305097 -99 11.039154956288721 7.792221545103061 -99 -99
-0.2363645693049925 -0.7042439114024788 -99 10.62404448197233 8.343530742740024 -99 -99
-1.0323989167768808 -0.1645667475443009 -99 10.588952217324424 7.779624456432705 -99 -99
0.500386667116512 -0.23706691670829017 -99 10.580688147304016 7.842646493302474 -99 -99
0.3049112209032234 -0.19126747490056317 -99 10.50290551300688 7.721400118435991 -99 -99
-0.4219405408157879 -0.40125848997533886 -99 10.302371881941832 7.730678757887936 -99 -99
-0.6539873357082211 -0.8360326093091004 -99 10.274324587679663 8.129718445965675 -99 -99
0.7596630639000814 -0.17708361785623694 -99 10.548348311501012 7.7520682658923965 -99 -99
0.44453595327638595 -0.29086670791742186 -99 10.6653082701275 7.978450270959873 -99 -99
0.5558608342797395 -0.7248895500615369 -99 10.335311443899984 8.080510195175648 -99 -99
0.2261321215410863 -0.47919303858615514 -99 10.386571067066916 7.889748164056227 -99 -99
0.020598044430244045 -0.15770127414951496 -99 10.859808852333664 8.038626185092646 -99 -99
0.8768974839991142 -1.0715700987324492 -99 10.412431075564545 8.49630055210278 -99 -99
0.3830884059789792 -0.17116982537675973 -99 11.162472225855769 8.348783216464232 -99 -99
-0.4941130411178971 -0.7492961119655686 -99 10.585484177297182 8.349899941795684 -99 -99
-0.07296985506188314 -0.2851030446255134 -99 10.781103503057077 8.086402243931389 -99 -99
0.26631894641463383 -0.43857881360869655 -99 10.726408001408746 8.183315564213613 -99 -99
1.0629155307516118 -0.6080513591519328 -99 10.458640651093726 8.086878531252015 -99 -99
-0.20886977038758836 -0.21789490627480035 -99 11.306420038797631 8.535852392610561 -99 -99
-0.27499717986926875 -0.10871076638481547 -99 10.933215789783981 8.062581144257205 -99 -99
-1.122746502491097 -0.6344609131173211 -99 10.335618283612984 7.992091699912102 -99 -99
-1.0332002914821796 -0.7561569559282777 -99 10.361967956784428 8.137339351862435 -99 -99
-0.6891879003907242 -0.24733011018624218 -99 11.291068420759371 8.54966979871074 -99 -99
-0.5558565266345195 -0.36043511846350285 -99 10.842042852789165 8.220098137595992 -99 -99
-0.9026351935733814 0.07939884800546615 -99 11.28378685066654 8.22197206941078 -99 -99
-0.7366337891920001 -0.25111679204405846 -99 10.9141115350688 8.183552511730424 -99 -99
-1.0791115812992444 -0.1253495658083068 -99 10.652449674970722 7.803445835128305 -99 -99
-0.6090256632519235 -0.979519148610807 -99 10.458253959831357 8.450946196692605 -99 -99
0.9418482865163611 -1.5324113703452351 -99 9.819773018367343 8.36697510376591 -99 -99
0.4585682411533938 -0.587560755574259 -99 10.66007811113253 8.264405492126029 -99 -99
-0.34458279735096653 -0.4379896729721544 -99 10.501887057537633 7.962460060303152 -99 -99
-0.2730847337289326 0.034854542700951896 -99 10.791536952629698 7.782728112381092 -99 -99
-0.21954607829621864 -0.8734519339589646 -99 10.68564926927362 8.569981190491488 -99 -99
0.04853169199428109 -0.404627528654915 -99 10.417392809030877 7.84683115330353 -99 -99
0.06019362123200622 -0.3072791852992136 -99 10.820573874174958 8.14688363665011 -99 -99
-0.584926082923996 -0.13430672418376233 -99 11.223289017347923 8.372284182016736 -99 -99
-0.6426052213865052 -0.6500899264605113 -99 10.867098033823899 8.528860107835033 -99 -99
0.12634495693085768 -0.3448003218738993 -99 10.647035620488657 8.013437243051904 -99 -99
-0.1082236646417627 -1.1970145512959096 -99 9.996318483382067 8.211126040322561 -99 -99
-0.4640381076472817 -0.4039567915791089 -99 10.714837226283613 8.137995810925116 -99 -99
-0.30408576512725105 -0.6033964401940093 -99 10.338556496389119 7.964497026081706 -99 -99
-0.8298997989382784 -0.0017020339422924025 -99 10.723057571512827 7.751408648912018 -99 -99
-0.43940694210960984 -0.40561989845901536 -99 10.847459353241796 8.269743053843666 -99 -99
0.47826124955509286 -0.5959044506561266 -99 10.129572988951407 7.752112915998951 -99 -99
-0.21742546550270347 -0.6999572218273116 -99 10.240125923559907 7.962662573939399 -99 -99
0.09974382906989199 -0.9568007814270363 -99 10.415481660208135 8.386693303488265 -99 -99
0.2316621852425058 -0.8424245122781038 -99 10.120862066105513 7.985427462052166 -99 -99
-0.23746513798421098 -0.34128931449122746 -99 10.922202973647822 8.279959283893222 -99 -99
-0.09241057265784924 -0.9165720331539688 -99 10.400043782404799 8.332078776644707 -99 -99
0.20478765325288073 -0.5016595299105724 -99 10.355770026814106 7.881571138102581 -99 -99
0.01993326186598665 -1.243889394107656 -99 10.11614017208239 8.374672007389053 -99 -99
0.23659175378754327 -0.1337439811044696 -99 10.760598386085874 7.917786296450445 -99 -99
-0.13723087100544973 -0.34229855823926947 -99 10.585462816952864 7.950573685201002 -99 -99
0.3068446474012916 -0.9023894836817963 -99 10.383604095269897 8.302035300309505 -99 -99
1.5927784180223625 -0.3683316798881222 -99 10.500035879972893 7.8923024129796415 -99 -99
-0.35106436086004145 -0.9437381004233991 -99 9.845033828687999 7.814211139651192 -99 -99
0.006320520722434608 -0.46538345088225697 -99 10.37361399742946 7.863487396538626 -99 -99
-1.0848482789948015 -1.1792805517025435 -99 10.0028447217417 8.200130105776147 -99 -99
-0.2999649813051235 -0.44730496336214465 -99 10.346139143261174 7.8187950130081365 -99 -99
-0.12581242167259354 0.023540537114927318 -99 10.907722886584986 7.907818303065074 -99 -99
-0.707445274816326 -0.7446975218032925 -99 10.081403336868778 7.850834552443168 -99 -99
