0.1600556861871798 0.3411693789118502 -0.1080783272024366 10.940571374594885 7.854073297964625 10.631443467224523 7.9915448325122895
-0.509537065392399 -0.10948347495082089 -0.49266789476767414 10.614608625450446 7.976406759703683 9.999450566325201 7.7488174221782185
0.8579971119205201 0.15952144787446265 -0.8364928277227595 10.685019635199495 7.781566271584589 10.449626354369515 8.52781152955073
0.3411693789118502 0.0034020242625274477 0.03039033090808907 10.811526980732324 8.058851394792518 10.629567408983258 7.853852631299547
0.2632438092165188 -0.08240956756649354 -0.2886011487773299 10.526372325601633 7.863275915387249 10.754224259151547 8.28911600771902
-0.619652435106472 -0.6285170472461452 -0.3765428143646208 10.652213677950515 8.522524914490443 10.649582514672625 8.27273156031844
0.5967930610147238 0.4296709703556054 -0.45914666154746797 11.435787834808913 8.253101255715139 10.747014182909405 8.449364404496638
0.05224042432311471 -0.14965711011060456 0.07980160538201808 11.055746806244793 8.44862178233628 10.713417037744607 7.887640100690935
-0.6777668764447196 0.3545924876823747 -0.19133175878326902 11.248318343057004 8.142834436708048 10.857804366189407 8.295307452210693
0.9752363225992422 0.42095847448267953 -0.36889615436701817 11.070937774041903 7.903694690797553 10.696599455781486 8.311357743116698
-0.20511783393547134 -0.29396226613602394 -0.37816564446931267 10.57860808663633 8.122078773104954 10.800995667034075 8.422875162715973
-0.15123511845781046 -0.6633191508344503 -0.5040251578529578 10.576932129580705 8.482810531215309 10.434508011297382 8.186794892253397
0.3765272537440403 -0.284046399184815 -0.09911876887735183 10.529338574601363 8.064011997781618 10.458189495161337 7.812775137848356
0.5955487685033898 0.6048133411441903 -0.5343585271504754 11.501649631250801 8.145886084223596 10.750209613643369 8.52628980293284
-0.201418073307984 0.12908494909606638 -0.470494994658484 11.03970773483291 8.159412015086415 10.551762680380875 8.268937004981115
0.41754736724307406 0.38357667688396724 -0.429796546374698 11.256508524506936 8.122433435702893 10.889700931517817 8.560558975560346
0.35682071884716393 -0.3358720010777123 -0.5187594213475268 10.482582293595337 8.068985508503728 10.70781559960604 8.469392753057544
0.6864601304445035 -0.024935271840725193 -0.5471576000840823 10.451048307009504 7.732987489209959 10.659360248526655 8.449714661271994
1.1096093735026944 0.6911479238884812 -0.8349058940561758 11.717840302977363 8.2732878931241 10.47581161944614 8.551944952497122
0.4851316899889184 -0.12878669272281762 -0.4834207075394463 10.624295551808547 8.004848990109721 10.736885121148706 8.463242048525945
1.0094871161356291 0.09788347329274849 -0.5192411733196973 11.001385649296747 8.152425984877523 10.692691571891297 8.455027216326506
1.6586091271650076 0.22224049981262795 -0.29642899728978733 11.154499421782663 8.180639228344802 10.286369484829915 7.837783590807641
1.4227261754674085 0.18412120516443764 -0.3234220092338944 11.109988024636644 8.174367936584181 10.628307196210049 8.199741523461052
0.5588283381308656 -0.11719917387078382 -0.11309708201610036 10.541018077979372 7.911776945790187 11.100868472950083 8.457021605977323
0.8676654363151997 -0.08191582881301507 -0.9856416166800575 10.56408490075254 7.899791315776765 9.787582203426746 8.024609889906785
0.17651084907590153 -0.0927893074847006 -0.1375553344554934 10.865357848766122 8.206038174997682 10.734753625849187 8.121822320954921
0.49991718115108696 -0.6485518045161136 -0.6010067180531475 10.517073874192095 8.409595353380622 10.486095847025078 8.332556326598247
0.9162546712355226 0.5453276117259076 -0.15245260110269143 11.535114256600432 8.237079677286395 10.536311263744864 7.941746227801936
0.004387422420810694 0.4706456983469387 -0.4505142015733288 11.478351450298737 8.25466011323991 10.505489052611233 8.203934792680474
0.8410679920947652 -0.31499443682544204 -0.41195550218319177 10.859192194672309 8.417994504162444 10.784930554510877 8.44026491022255
0.8762465915117321 -0.4303881491252657 -1.5426493983821654 10.778260444618315 8.451805135321827 9.679085816741127 8.464644419557462
-0.29326087847777416 0.20858115271474453 -0.33867096882181613 11.217810835389258 8.256155241671966 10.608836818380185 8.195599890023884
-0.4313376635334656 0.20703536832027503 -99 11.395207127092402 8.431715312531333 -99 -99
0.17258677189269456 -0.026138980260622446 -99 11.07488284302902 8.346212510829467 -99 -99
-0.638141801373413 0.31753159181186064 -99 10.804931062887654 7.744187621072461 -99 -99
0.7461338531164206 0.11371421439762308 -99 11.127963445317912 8.261079920455895 -99 -99
0.8630818103751974 0.41387214062803146 -99 10.986948423851791 7.828245141470829 -99 -99
-0.07618515785318003 0.23977610992838194 -99 11.196957236110679 8.20509040289745 -99 -99
2.4989225631792475 0.0751685340308974 -99 11.075305762236564 8.247234634592578 -99 -99
0.5833238752903629 0.5387941410927883 -99 11.593305477707046 8.300581072352248 -99 -99
0.02046652938936333 -0.0051559485932202165 -99 11.241561772907701 8.489154756564554 -99 -99
-0.2480709859567245 0.12998143829587328 -99 10.833301884903394 7.956027690166638 -99 -99
0.7234050738192099 0.22316338312517559 -99 11.244572151503517 8.268104142655991 -99 -99
0.8409667092234194 0.3849438956653106 -99 11.046430506487885 7.914984513878028 -99 -99
1.7607568658833328 0.05868549423550107 -99 11.068580261154757 8.256807755824482 -99 -99
1.108976307080578 -0.2592829833163499 -99 10.343657386445004 7.8575447967728635 -99 -99
-1.102249243234514 -0.2618328564247996 -99 10.630747789151298 8.141710871374709 -99 -99
-0.49002725595153507 -0.5650645736085682 -99 10.038425725930436 7.858084332877716 -99 -99
0.37902258897743124 -0.1739306312121034 -99 10.969627073772624 8.387944464360515 -99 -99
0.9803612167584177 -0.14982229099712718 -99 11.073239118378352 8.465945548738281 -99 -99
0.3696653337951332 -0.18046187779844836 -99 11.040879712046449 8.464258233796828 -99 -99
0.5427196356408501 -0.1436040006769801 -99 10.863547158493166 8.25411600226183 -99 -99
1.2961203100004237 0.3524281955886188 -99 11.260016103522583 8.156434496474011 -99 -99
0.3787720737057576 0.19678019828901583 -99 10.672315995023261 7.732548170175968 -99 -99
0.6673993964445 0.24748190215050592 -99 11.338910918974626 8.336801008406145 -99 -99
0.43602976986879227 -0.7941582322845591 -99 10.447242870639323 8.48393862207862 -99 -99
2.0280669131651576 -0.15431950421509733 -99 10.9601014012533 8.359358350355045 -99 -99
0.41319843865921335 -0.14222219659982294 -99 10.890257658144048 8.278965985489211 -99 -99
0.649936228197916 -0.06706612293408298 -99 10.54589365907986 7.86737484213388 -99 -99
-0.19545039794396502 -0.20269958433346957 -99 10.739133381891634 8.190032323163448 -99 -99
-0.202692360802617 0.07823704317994107 -99 11.11652951322024 8.284668742356537 -99 -99
0.7497462950278635 -0.024977276669311266 -99 10.63318083667623 7.911718925003311 -99 -99
-0.0844211939174091 0.0942889433168137 -99 11.355804105618178 8.503672525733869 -99 -99
-0.31872667861057735 0.6586421207245845 -99 11.275217603547441 7.870922206197505 -99 -99
-0.18148680171500864 0.3034454918148537 -99 11.263144001281843 8.207560207638062 -99 -99
-0.16651194464125751 -0.02766185359895168 -99 10.76765121914389 8.046281655668 -99 -99
1.9472436060843847 0.3404927046199706 -99 11.365864264037137 8.271992036944182 -99 -99
0.5496820466493748 -0.19733186619040133 -99 10.346873370719004 7.799919757931817 -99 -99
-0.45683913803763154 -0.4921144780821898 -99 10.783221001234692 8.517231638757792 -99 -99
0.07456297570012005 0.0200627152849151 -99 10.612224006250738 7.846969442566569 -99 -99
0.41097670889124416 -0.3806755641477011 -99 10.841088057011387 8.46467228871918 -99 -99
0.04777917409942667 -0.0011699780331237974 -99 10.533668521035922 7.7907300514366415 -99 -99
0.25537611669567184 -0.30847777992064884 -99 10.4659072768293 8.025749179177375 -99 -99
0.20066359914423693 -0.415354343859482 -99 10.86310746331734 8.52029887902118 -99 -99
-0.022325787270109032 -0.41482651082197286 -99 10.593802439316297 8.255565862980657 -99 -99
0.20017338982786015 -0.24294959029282737 -99 10.754650570747947 8.244745517997103 -99 -99
-0.22207334039585547 -0.1765359281131893 -99 10.527049873544268 7.956288030006132 -99 -99
0.26187465283077316 -0.19111270378273382 -99 10.469291300289953 7.913922368395713 -99 -99
-0.6554037495996248 0.02898678205105476 -99 10.760559417719255 7.98374591285407 -99 -99
0.37613641650644425 0.14818757675227623 -99 10.725837471111694 7.8327323113560245 -99 -99
0.8865792004811492 -0.27410702013967203 -99 10.47437005220063 8.00033085567307 -99 -99
-0.07273145386370317 0.050009760748737975 -99 10.722258690137792 7.925543424623601 -99 -99
0.20765521871057757 -0.15072410112010637 -99 10.682429475807824 8.083406974323992 -99 -99
0.32238583506064344 -0.39323001573909444 -99 10.285468507048995 7.9318711207073935 -99 -99
0.16649064833903893 -0.7404051362296276 -99 10.12689017238074 8.11690342727763 -99 -99
