-1.2263750878188375 -0.1595121658934815 -0.11143069470431222
-0.1595121658934815 0.23203524549866472 -0.49602026226954976
0.7147000664078949 0.023316706906777895 -0.8398451952246351
0.34849314058678615 0.09610533900618456 0.02703796340621345
0.23203524549866472 -0.05484475795032928 -0.2919535162792055
0.573663463208387 0.11213694437184785 -0.3798951818664964
-0.6386006147327965 0.1534090199827638 -0.4624990290493436
0.36368258346415594 0.1436586444851553 0.07644923788014246
-1.2158504602236508 0.1443023281657272 -0.19468412628514464
-1.8888995733252152 -0.3853948642155327 -0.3722485218688938
0.24954867500426126 -0.06586721110273785 -0.3815180119711883
0.5022256996769769 0.06992882911674059 -0.5073775253548334
0.5538576165460363 0.1815797564347328 -0.10247113637922745
0.023316706906777895 0.046957357745602835 -0.537710894652351
-0.37796989088120725 -0.3173943880760035 -0.4738473621603596
0.7329082998288676 -0.3818522752274429 -0.4331489138765736
-0.35483652237843444 -0.7323030258727865 -0.5221117888494025
0.2788297159183113 -0.32734681789829345 -0.5505099675859579
-0.17670007505621577 -0.0993259703339806 -0.8382582615580514
0.5849021243791359 0.43808199391416913 -0.48677307504132195
0.7489480556071637 -0.3968113785250029 -0.5225935408215729
0.13826804209415045 -0.14813460974457726 -0.29978136479166295
0.488903641969479 -0.7426923207388292 -0.32677437673577003
0.711991128650542 -0.3574268258805571 -0.11644944951797598
-0.10569241626682846 0.3238469864994329 -0.9889939841819331
1.9637364358738711 -0.4470496138495914 -0.140907701957369
-0.5182976592782733 -0.1253395471109222 -0.6043590855550232
1.3426448625528113 -0.29962172807106313 -0.15580496860456705
0.7354328395657284 -0.3318732928357129 -0.4538665690752044
1.350353118469842 -0.07830960777030427 -0.4153078696850674
0.7171391374788652 0.028391464210276496 -1.546001765884041
0.5024087103071704 -0.5123359783690926 -0.34202333632369175
0.39168324248701225 -0.38297626335698 -99
0.7398712446085369 -0.5522168268241572 -99
0.501567410444343 -0.1598003041584306 -99
0.5564154773975201 -0.3819803426334403 -99
1.0771485020992682 0.006481447538142504 -99
0.9077096865505432 0.3257689407310007 -99
-0.042316577435546066 -0.7572240193479978 -99
0.12706463985223415 0.03194140843927684 -99
0.4919900395534622 0.1688170989277875 -99
1.2157713558870693 0.130333642500565 -99
-0.34194295338035374 0.026912938421530086 -99
-0.3233668665953626 0.5103705121510647 -99
0.29264140264614014 0.25040936917315015 -99
-0.18005002553742777 -0.6795080107037066 -99
0.24551321198839204 -0.32982882780120804 -99
1.0780917734219724 -0.40113793491274485 -99
0.29845581095236184 -0.2848220741473302 -99
0.10970265389478406 0.279365901873021 -99
0.36024930867908367 -0.07793909785747388 -99
1.091743055910671 -0.19553521805669938 -99
1.0270855358566724 0.14034110017616186 -99
0.7795837555648877 0.392119796704522 -99
0.2420920522769432 0.29336721136474075 -99
0.16816989415009864 -0.0941765738208904 -99
1.5454916479592296 -0.23590715224971248 -99
0.5165950940778021 -0.16367615819032366 -99
0.39818544818976775 -0.26547049655142985 -99
0.21822579275531417 -0.2973905939927004 -99
0.40653354710887335 0.022919624979650166 -99
0.7989863160259585 0.11484016786469375 -99
-0.3114612920438269 0.020473241944133136 -99
0.43152087204617473 -0.3229592602327056 -99
-0.2959942191198408 -0.2609000632854741 -99
-0.12224274882697195 -0.26793807262240854 -99
0.11296984749785288 -0.045558538386615055 -99
-0.15530349109035235 0.28096750181576446 -99
-0.5305751905388387 -0.2150871688101752 -99
0.37872280531666824 -0.2078601323617395 -99
1.0512644625231298 -0.34896048773212485 -99
-0.03704231112430989 -0.03549983995779016 -99
-0.49756729528980514 -0.23614321774406832 -99
-0.5234514868132205 0.567974210073352 -99
-0.8991813964944431 -0.4007643721799319 -99
0.09610533900618456 -0.14096260145116624 -99
0.3040642533235651 -0.13364350715453632 -99
-0.5536521929095137 -0.3008046388300567 -99
-0.05484475795032928 0.3368975732499049 -99
-0.24150187596304562 -0.6044621524815224 -99
0.43756831541104546 -0.4502428547302326 -99
0.04290530394236214 -0.3202401240147008 -99
0.11213694437184785 -0.4352785471265932 -99
1.4558108001708714 -0.11895593422855733 -99
0.7743888882223722 0.10463881934946961 -99
0.7416681696034946 0.3182459215153628 -99
0.4138350754657001 -0.10711840466004396 -99
0.6182393847369969 0.267483682760588 -99
1.0148736771238003 -0.030488081494194574 -99
0.7908303196838808 -0.5878558672137562 -99
-0.7270704181686458 0.34741421368402037 -99
0.586833850815081 -0.19879709613390517 -99
-0.007656132198315291 -0.5910284776768897 -99
0.7204012221781859 -0.4486450398041324 -99
1.0770325341794678 0.05729753589866071 -99
1.616812691051809 0.04730114448247491 -99
0.2498325579976033 -0.44030603630856824 -99
0.22059205225624723 0.017883794760308547 -99
1.1419319005372142 0.0913678793435384 -99
0.37931537664001347 -0.2685906650953953 -99
0.690634829985223 0.5799394651789225 -99
0.6566503824761032 -0.3238112872607495 -99
1.2235006660805539 -0.16895676493266976 -99
1.0070577436873194 0.5458305491619502 -99
1.1745681457204213 -0.4186613527862413 -99
0.21867788690234313 0.5252504335627819 -99
0.7254701107592147 -0.11610945680775053 -99
0.8128064939100312 0.04297760515379956 -99
0.23562190627072077 0.2608055464433239 -99
0.744208043979258 -0.4081598507290902 -99
-0.10968814859058007 -0.13809146490906876 -99
-0.22502717746972323 -0.37668539750857377 -99
0.3808919864348663 -0.4841387672029427 -99
1.2937975125744057 -0.4698481755559314 -99
-0.23868166902305887 -0.33762943827082026 -99
0.820451509254303 -0.18789759460006294 -99
0.0067618766349824 0.03091173822071802 -99
0.38859185983357847 0.0996260563011635 -99
-0.4008625707763027 0.041259264031863196 -99
0.29238252440950596 -0.5364682191802927 -99
0.21551905947195316 -0.33032232089019153 -99
0.6574687552147171 0.045127858140467936 -99
0.2321131358535382 -0.1488670044294782 -99
0.8534300334957283 -0.6006517104687052 -99
0.16558381325127947 -0.6198348507376181 -99
0.4207334155515472 -0.3345503994731942 -99
0.7089113097997757 -0.15072120712267179 -99
-0.40627379217783854 0.3224956158680552 -99
-0.3063882789255583 0.003751595458071577 -99
-0.39199888930333415 -0.5002428321448704 -99
0.862603279936252 -0.2982563514982921 -99
0.3710342054107372 0.2947920395637542 -99
0.8596305876336938 -0.7453834375033637 -99
0.19496995899709368 -0.5283996889664024 -99
0.18764600781317853 -0.48586116725527617 -99
-0.4075407329381502 -0.344550959483529 -99
-0.032300478863231064 0.16516980437104323 -99
0.8706847214061924 -0.2918468014146285 -99
0.5024082359030579 -0.4284372352646564 -99
0.657330055280557 0.550343313635782 -99
0.5620111820329452 -0.1691489226125551 -99
-1.0259915947081364 0.3754638328158961 -99
-0.11511810133885447 -0.14242694312811288 -99
-0.2849061498185499 -0.3486154652971347 -99
0.2841010406044209 -0.3153026234430367 -99
-0.24779286468573503 -0.5280597177866913 -99
-0.19438112827375598 -0.46539642924875757 -99
0.43996813682177205 -0.16076265849935822 -99
0.5931172952654897 -0.16946685621819846 -99
0.3287193665949619 -0.2728812718217508 -99
0.10617186867774286 -0.2436198789067614 -99
0.5146685743030712 0.31980497573376354 -99
-0.38185538764758853 -0.1469493364733605 -99
0.5956647493837366 -0.034513679830370236 -99
-0.6146157490864894 -0.5435316328469408 -99
0.5438561816208125 -0.06261555236932992 -99
0.6157693436184015 -0.13297768269317167 -99
0.8008184327604262 -0.21128678434811654 -99
0.9670869175744219 -0.32495517076009506 -99
-0.08512705355237316 -0.7701392228468258 -99
-0.3484544343420186 0.3692206046879267 -99
-0.5220226822850211 0.35874916473583696 -99
0.1534090199827638 -0.3748890407493679 -99
-0.5690183387900944 -0.3101653820940218 -99
0.8684421078442277 -0.04146918616714146 -99
0.21604311422517775 -0.16756412417982602 -99
0.1436586444851553 0.14863576845165838 -99
-0.6321535828681935 0.11328539665337267 -99
0.4135243465467475 -0.6102718891414121 -99
-0.04651534640039934 -0.3833053701875144 -99
0.09361445670242752 0.04282849284511947 -99
1.061484449880199 -0.1271988618230413 -99
0.6692833779823353 -0.325490510925043 -99
0.3575191516402878 -0.4231748685733585 -99
0.46409871705449035 0.01250488178179765 -99
0.43085964752547845 0.17952416392833292 -99
0.979852598434686 0.23697922103924007 -99
0.4700935264164894 0.2631191183482251 -99
0.7284297244316278 0.13291308481068143 -99
0.3667581921168832 -0.840267370051123 -99
0.26659552196199243 -0.2317092550395472 -99
0.06725585824678681 -0.07597632791299169 -99
0.19374362121299527 -0.377214132104589 -99
0.4511307294961089 -0.5219346020955484 -99
0.3198576526942176 0.061790428700664535 -99
0.2098594432272023 0.12485972032429338 -99
-0.3381807387721345 -0.7040637092865456 -99
0.6752347417958529 -0.10594426735345408 -99
0.6212920071239196 -0.4456862342484289 -99
0.1770880585986916 0.2667971137942118 -99
-0.00693654150369305 -0.3228930343461869 -99
0.7201457655516474 -0.021370409328763884 -99
0.6657356893962856 -0.7852375130543887 -99
0.4914209734769823 -0.33219778546598633 -99
0.8710654895492969 0.28506619618162077 -99
0.43352822816220105 0.07369552297448578 -99
1.1892474382803595 0.5451420915611056 -99
0.9865483001829034 0.061307196128044694 -99
0.34926736302720585 -0.5828771280289562 -99
0.8217033722574953 -0.21400143206142452 -99
0.07221666429756546 0.10682003728694944 -99
-0.21211363254861837 0.09821859397595212 -99
0.5695369537661517 -0.15050346845145057 -99
0.7334142824416219 0.2727497766823834 -99
0.214975423832092 -0.8133407995368014 -99
-0.4278646600986473 -0.1717464539182778 -99
-0.1496217622175955 0.03782297401766321 -99
0.6350159496193868 0.06290461310306306 -99
0.6628879035985147 -0.053270472033863925 -99
0.7656115111130433 -0.44249665444098873 -99
0.19106719390804727 0.07005270348425263 -99
0.864426306156016 -0.29167693369208614 -99
0.12217964341829024 0.08800180251355094 -99
-0.3416376518237172 0.18191381086798053 -99
0.03571434529001394 -0.021331086732338633 -99
0.18452750759372094 -0.034374436761945404 -99
0.7681985922839711 0.09696874780860121 -99
0.06023559472479967 -0.45939490871027466 -99
0.13839038428504402 -0.27832645844805626 -99
0.1443023281657272 -0.17257738374899745 -99
0.6503724463034501 -0.6321613699424287 -99
0.8248650379683795 0.26134447717408094 -99
-0.18272286457991704 -0.43071711467604956 -99
0.2646997180346027 -0.0007906213267876439 -99
1.2234987664516286 -0.2554663018592187 -99
0.13337890567451183 0.0847013858878416 -99
-0.3853948642155327 -0.38375798367546565 -99
0.01326293549453439 -0.1888987260246502 -99
0.024403586919783393 -0.10243780623323318 -99
0.2207435592481506 -0.07857023958962017 -99
0.2096512194796354 0.037049937848014025 -99
-0.0632124830313412 -0.1904175576703544 -99
-0.14748166665462747 0.010883419183908671 -99
1.1826095690131737 0.017403739695570408 -99
0.019533607804627096 0.24883225015430632 -99
0.9202390428002918 0.30835683389946134 -99
0.12916404503297407 -0.015292803858693915 -99
0.6190901321507081 -0.6616828579233847 -99
0.6632783695968758 0.36602745203437514 -99
-0.1930769080022099 0.4548694516103531 -99
1.3547828667201536 -0.09866017834097285 -99
0.7729290098258002 -0.3051813260218186 -99
-0.26484133651102404 -0.1154690864073622 -99
-0.5048943731796154 -0.5410533893852296 -99
0.6316766289721834 -0.11558769240102151 -99
0.5848254472388827 -0.6574631124680383 -99
1.168229220648561 -0.23980911408873595 -99
0.6494535246362769 -0.07002521006710793 -99
0.6893694100429038 -0.058488594656029846 -99
0.7583687579216765 0.2147779759683619 -99
1.6430359826748493 -0.4399909691208723 -99
1.2631606702811293 -0.6195540817328204 -99
0.26118459042895736 -0.6038369918532975 -99
1.6617240320928879 -0.11151772232038759 -99
-0.2870222723445366 -0.6735155132359374 -99
-0.46083893118178665 -0.1823206415662657 -99
0.6160443301011753 -0.3484578029738188 -99
0.6360384284438538 -0.6512452566974716 -99
-0.05678797420280368 0.21918519117087243 -99
-0.22491771421317353 -0.05666820404192663 -99
0.5006112671591847 -0.017619745746223714 -99
0.34034589643257895 0.36743459518341126 -99
0.8291243849076295 -0.06910256730806807 -99
0.2568308877162604 0.09253213964567131 -99
-0.2512240223740907 -0.436026969670408 -99
0.19531128525683705 -0.4690377890366655 -99
0.2664495701644949 0.03892728499755016 -99
0.45818152820997327 -0.9632339040793134 -99
-0.6461218494715091 0.029807517312635312 -99
1.0268827400944165 -0.8965625533096766 -99
0.04089505879105815 -0.33344749130144 -99
-0.5724246875777652 0.1691373288392395 -99
0.7600826369637161 -0.25525827691355474 -99
0.8395466049207716 -0.5352430721572237 -99
1.4437112286964826 -0.19038535549864477 -99
0.6201606791772729 -0.29484805318037566 -99
1.329099950574177 0.22780680651648488 -99
0.7974645618653824 -0.4575281004951339 -99
0.4712505840947294 -0.33295856383020705 -99
0.5763060269755957 -0.3369098453046018 -99
-0.6540782650950661 -0.07816563921851305 -99
-0.7234092070398574 -0.1880073054203244 -99
0.5945131195370106 -0.7257493978938925 -99
0.9326929803418 -0.042776992869887565 -99
0.4918141859679839 -0.18139762473093946 -99
-0.18653892783182258 -0.17943597719851923 -99
0.504080877043716 -0.16002825777947827 -99
0.447064751550581 -0.040229279160410414 -99
-0.0945478943997724 0.24735316540918895 -99
-0.06586721110273785 -0.8364794822329262 -99
-1.0427889474349925 -0.3376360436689332 -99
0.09663009242955489 -0.5945938817156744 -99
1.0542341255324743 -0.33554176646516964 -99
0.6852318528494106 -0.19921568850701554 -99
0.6680115160700115 -0.3226877359767677 -99
0.31529714800793407 0.08340515304310969 -99
0.3921384943693891 -0.07537979145657125 -99
0.6773196945463607 -0.3227617155283973 -99
0.10627438474656792 -0.9553305937184842 -99
