-0.4818024727193251 -0.4818024727193251 -0.11143069470431222
-1.137112364927873 -0.106809152816421 -0.49602026226954976
-0.35842670551739 0.008976553300378498 -0.8398451952246351
-0.106809152816421 -0.16996873508885457 0.02703796340621345
-1.1475248524683526 -0.09656240488483903 -0.2919535162792055
0.008976553300378498 -0.6072752883353587 -0.3798951818664964
-0.16996873508885457 -0.8391900132931447 -0.4624990290493436
-0.09656240488483903 -0.7028043290263213 0.07644923788014246
-0.6072752883353587 -0.5213392079854522 -0.19468412628514464
-0.8391900132931447 -0.12485642824316123 -0.3722485218688938
-0.7028043290263213 -0.3191286860052269 -0.3815180119711883
-0.8592880534058054 -0.18685267603892086 -0.5073775253548334
-0.5213392079854522 -0.2793011684619131 -0.10247113637922745
-0.62369249971362 -0.9758500445232201 -0.537710894652351
-0.12485642824316123 -0.3126853732871737 -0.4738473621603596
-1.4397344255934357 -0.9889211075300341 -0.4331489138765736
0.9060582475313268 -0.144869700157237 -0.5221117888494025
-1.066954359063411 -0.013364625080200199 -0.5505099675859579
-0.3191286860052269 -0.07367727045491179 -0.8382582615580514
-0.18685267603892086 -1.1127749654935872 -0.48677307504132195
-0.2793011684619131 -0.5238596604459929 -0.5225935408215729
-0.9758500445232201 0.2016112474040277 -0.29978136479166295
-0.3126853732871737 -0.9260912505454346 -0.32677437673577003
-0.9889211075300341 -0.35260363656650107 -0.11644944951797598
-1.199833498900782 0.20267671074462257 -0.9889939841819331
-1.303913732737172 -0.5658846624263916 -0.140907701957369
-0.6057288532572276 -0.32602813162401567 -0.6043590855550232
0.1857907797660765 -0.00206375086465016 -0.15580496860456705
-0.5884349634093109 -1.12130329324064 -0.4538665690752044
-0.27498706365329184 0.3148434775940103 -0.4153078696850674
-0.46022509038409076 -0.6179378528365458 -1.546001765884041
-1.0161400799592482 -0.017307999686151376 -0.34202333632369175
-0.144869700157237 -0.600350763142071 -99
-0.9432956433851327 -0.19260724747863733 -99
-1.5252060133615934 -1.4578988414208105 -99
-0.23127907995092478 -0.08553733313393153 -99
-1.0429324669609326 -0.6821601929264904 -99
-1.2310660250388388 -0.6696456180008958 -99
-0.013364625080200199 -0.47675422506748966 -99
-0.2684827470462814 -0.8383124557180164 -99
-0.07367727045491179 -0.6438003080835699 -99
0.3572580552343343 -0.9075074090598214 -99
-0.05240327824896163 -0.6202441505087588 -99
-0.3598485603197048 -0.5917252905065009 -99
-1.0028694202888833 -0.2692403499043934 -99
-1.0378216646900356 -0.6933586923394213 -99
-0.42878700927569113 -0.6090272287526322 -99
-1.1127749654935872 -0.5208521807076298 -99
-0.6885351241515245 0.11026520574337972 -99
0.22702683761725595 -0.58326050067474 -99
-0.5238596604459929 -0.8814058855693183 -99
0.2016112474040277 -0.6003427132435419 -99
-1.1660457378274192 -0.08477251431632915 -99
-1.3963324228681842 -0.52106536642866 -99
-0.9260912505454346 -0.5322879282653048 -99
-0.35260363656650107 -0.6066459127423478 -99
-0.042232008722972836 -0.17055323014793267 -99
0.20267671074462257 -1.0439840845343387 -99
-0.5658846624263916 -0.6679497681538109 -99
-0.32602813162401567 -0.5373687594747878 -99
-0.00206375086465016 -0.33986482032400467 -99
-0.6784440276689576 -0.8968712060563693 -99
-0.6335300114628684 -0.6830178545515722 -99
-0.5508310653192154 -0.6846875765047287 -99
-0.4973765039720295 -0.9317501772574737 -99
-1.12130329324064 -1.075272720647705 -99
0.3148434775940103 -0.42696181620138063 -99
-0.7051502495249942 -0.8320466263251056 -99
-0.6179378528365458 -0.3949089564914381 -99
-1.2754207530966752 -0.44372099497755535 -99
-1.850557559986834 -0.0457440822337869 -99
-1.4367467545327965 -1.2385692127679189 -99
-0.8747492148394649 -0.8616744411152073 -99
0.22501816180604983 -0.18069674073106157 -99
-0.9225524329930241 -0.24900452978381082 -99
-0.017307999686151376 -0.15727776221769396 -99
-1.1513260554158506 0.15880849525334284 -99
-0.600350763142071 0.05116527318008934 -99
-0.48281274739171565 -1.3100193457107228 -99
-0.19260724747863733 -0.06932396416211972 -99
-0.6840960267132274 -0.6183364525020618 -99
-1.4578988414208105 -0.8209557248332526 -99
-1.530928112069244 -1.0618231531019813 -99
-0.08553733313393153 -0.32573121588695386 -99
-0.6821601929264904 -0.3824564988922763 -99
-0.6696456180008958 -0.7011145635619656 -99
-1.868888850511821 -0.384430845618823 -99
-1.3038443080700066 -0.19251574937690208 -99
-0.47675422506748966 -0.5581160020169786 -99
-1.16944785535029 -0.9327219056695846 -99
0.30559500131671413 -0.6819354470212389 -99
-1.6285128917688994 -0.9519747076507361 -99
0.29250771179533785 -0.7010215655254566 -99
-0.8383124557180164 0.05004771323379664 -99
-0.6438003080835699 -0.47207588153597335 -99
-0.9075074090598214 -0.6342378706128748 -99
-0.6202441505087588 0.10892286896430825 -99
-1.225320645228356 0.1251045597910192 -99
-1.0028037227109436 -0.6867348621925657 -99
-0.5917252905065009 -1.1185285939529646 -99
0.19743190721126247 -0.6879089750123839 -99
-1.318890829375606 -0.6023747153476346 -99
-0.5321185513616964 -0.2624547151660046 -99
-0.5882556001898891 -0.7192471785751273 -99
-0.2692403499043934 -1.2458847254276009 -99
-0.6933586923394213 -0.37168421966494236 -99
-0.6090272287526322 -0.9933117713265389 -99
-0.5208521807076298 -0.5598125170492398 -99
-0.616507227334198 0.4095846543483308 -99
-1.6128755228066893 -1.0593794532986625 -99
0.11026520574337972 -0.7312092117951465 -99
-0.58326050067474 -0.8876353178188641 -99
-0.8814058855693183 -0.2079845495500905 -99
-0.6003427132435419 -0.891064754385356 -99
-1.3816877735582889 -0.09735839705695959 -99
-0.08477251431632915 0.011934577615894781 -99
0.1200450018555852 -0.26602929200300807 -99
0.13696375137381267 -0.6236629444577364 -99
-0.9754883633717721 -0.5462143879005428 -99
-0.0916765566245541 -1.0073834990915067 -99
-0.52106536642866 -0.809602883067738 -99
-0.5322879282653048 0.010252816268701892 -99
-0.6066459127423478 -0.36605841888965074 -99
-0.47018506903599544 -0.8126848266503135 -99
-0.17055323014793267 -0.4779003459221638 -99
-1.0439840845343387 -0.31212698632673685 -99
-0.6679497681538109 0.09928792429656141 -99
-1.2786147499804468 -0.3828511270957673 -99
-1.4291961600134542 -0.53883372720132 -99
-1.3889732688305614 -1.3930691332049552 -99
-0.5373687594747878 -0.2848888140424588 -99
-0.33986482032400467 -0.3399174115542518 -99
-0.8968712060563693 -1.1317933674916798 -99
-0.6830178545515722 -0.15641258626286003 -99
-0.6846875765047287 0.10812845242443103 -99
-0.9317501772574737 -0.4573340453228649 -99
-0.28311502849270376 -0.49968057878618133 -99
-0.19762583109590537 -0.5015125556504998 -99
-0.804286741545928 -0.036943407284837804 -99
-1.075272720647705 -0.8346004633572335 -99
0.31328167185658984 -0.6673573783425457 -99
-0.021071432758368758 -0.29009746058758346 -99
-0.42696181620138063 -0.30425885033296396 -99
-0.8320466263251056 -0.8869780432867422 -99
-0.0647016555803841 -0.8176300343415246 -99
-0.969404487532719 -0.8061915268721815 -99
-0.3949089564914381 -1.0054554037146701 -99
-0.44372099497755535 -0.6639101679073498 -99
-0.13554553231440458 -0.856561780307473 -99
-0.0457440822337869 -0.1936826548261319 -99
-0.4955755071163157 -0.644174435121041 -99
-1.2385692127679189 -0.31754578462469674 -99
0.4773726876460582 -0.27245165634764135 -99
-0.8616744411152073 -0.6239590846260548 -99
-0.18069674073106157 -0.8074985569604873 -99
-0.24900452978381082 -0.1169155704794882 -99
-0.7854157779931086 -0.11987554305329517 -99
-0.15727776221769396 -0.313281327031504 -99
-0.26205525822098075 -0.7592400184292938 -99
-0.33269665678745675 -0.13136507122852237 -99
-1.0465311323838637 -0.614789276231706 -99
-0.13034599741315844 -0.47698903823112637 -99
0.15880849525334284 -0.4309407361605402 -99
0.05116527318008934 -0.34520086719482457 -99
-1.3100193457107228 -0.9330107731240105 -99
-0.06932396416211972 -0.18412936419798598 -99
-0.6183364525020618 -0.33237843844359816 -99
-1.1770539628546537 -1.0459384508938427 -99
-0.8209557248332526 -0.6312397346598182 -99
-0.6625299749419984 -0.4925372806206578 -99
-0.45239933623268236 -1.461399159606481 -99
-0.3733224616809565 -1.0164710653817473 -99
-1.0618231531019813 -0.7498433935891367 -99
-0.32573121588695386 -0.5821489570046126 -99
-0.3824564988922763 -1.0068168109280649 -99
-0.04300702052399252 -0.9872280006649969 -99
-0.7011145635619656 -0.14325727946736677 -99
-0.384430845618823 -0.8421254033949594 -99
-0.19251574937690208 -0.959802266770243 -99
-0.5581160020169786 -0.6525666894192828 -99
-1.1170449133243228 0.3279336391409515 -99
-0.9327219056695846 -0.8764985009897241 -99
-0.7216932274763881 -0.48495647664617536 -99
-0.6819354470212389 -1.0579990076651171 -99
-0.9519747076507361 -0.35698291563996953 -99
-0.7010215655254566 -0.8617243957144289 -99
-0.3108166134225794 -0.9035208707264513 -99
0.36127529204323494 -0.6648957406424127 -99
0.05004771323379664 -0.6317165376476996 -99
-0.47207588153597335 -0.6338809434108104 -99
-0.6342378706128748 -0.7883410481482738 -99
0.10892286896430825 -0.6838737040801792 -99
-1.2697588239951774 -0.21352714708276288 -99
0.12058587129397402 -0.3147303515653981 -99
0.1251045597910192 -0.42256736714094423 -99
-1.179899423430335 -0.689565197520599 -99
-0.6867348621925657 -0.5180246848524188 -99
-1.1185285939529646 -0.8136278354306317 -99
-0.6879089750123839 -0.6250682118136641 -99
-0.6023747153476346 -0.4218122326136733 -99
-0.2624547151660046 -0.7910278629804353 -99
-0.12248118111436312 -0.33588041835429117 -99
-1.708148733200705 -0.05644256574960771 -99
-0.0033648052927528482 -0.8817007244691251 -99
-1.1955031403461565 -0.5786552255329322 -99
-0.7192471785751273 -0.10950039166788983 -99
-1.2458847254276009 0.007564607678830271 -99
-0.37168421966494236 -0.5759091249110782 -99
-0.7338789819833611 -0.9065839785493317 -99
-1.24351700639542 -0.26144026371979834 -99
-0.9933117713265389 0.20496765040208587 -99
0.44742648382430694 -0.24961392447579556 -99
-1.1009835454891022 -0.39594788207145193 -99
0.4978199694686172 -0.7183659777299347 -99
-0.9210438915838655 -0.29260262256503644 -99
-0.47433440920310055 -0.47558988130538893 -99
0.4894968079447324 -0.8077064473513591 -99
-1.2395945413860865 -0.7377894773041724 -99
-0.5598125170492398 -0.0961687332169614 -99
-1.7333355042446836 -0.18544518183906966 -99
-1.5672554024505398 -0.013551687280767055 -99
0.4095846543483308 -0.678681566232056 -99
-0.1499147128476448 -0.31841966625563956 -99
-1.3810485236987855 -0.5850835698947332 -99
-1.0593794532986625 -0.5476816764782306 -99
-0.7312092117951465 -0.7260985677699612 -99
-0.8876353178188641 -0.6827015785563049 -99
-1.4546242073769786 -0.9271042707907995 -99
-0.6342531417659245 -1.2388311214141936 -99
-0.2079845495500905 -0.41976505772140094 -99
-1.2104915785883854 -0.46848553091047584 -99
-0.891064754385356 -1.2177902508945788 -99
-1.5024515769114455 -0.5077075709970842 -99
-0.09735839705695959 -1.0349372706100084 -99
-0.4030031346579044 -0.5043445738764927 -99
0.011934577615894781 -1.1227057842380148 -99
-0.26602929200300807 -0.5227198399547301 -99
-0.7420261114738818 -0.6018669419536309 -99
-0.6236629444577364 0.020625313237980336 -99
-0.5462143879005428 -0.6733630573457905 -99
-1.1099687923126655 -0.49643547120554743 -99
-1.0073834990915067 -0.8595889420199168 -99
-0.809602883067738 -0.5114585500091149 -99
0.010252816268701892 -0.12851368052039902 -99
-0.36605841888965074 0.09608029110971472 -99
-1.439313014176852 -0.016839544220744074 -99
-0.8126848266503135 -0.017859240722772896 -99
-1.023583949613334 -0.5336823073052805 -99
-1.1294294839706431 -1.338509757906781 -99
-0.3340761104471017 -0.42669468750299977 -99
-0.4779003459221638 -0.463822060589262 -99
-0.6964621214156743 -1.4106236651804238 -99
-0.09578576601640165 -0.4635352632899412 -99
-0.31212698632673685 -0.1950447245753537 -99
0.09928792429656141 -1.1393231267131991 -99
-0.9291104176829457 -0.57974668384899 -99
-0.3828511270957673 -0.3581542143529646 -99
-0.53883372720132 -0.38612022042337557 -99
-1.3930691332049552 -0.5660048631405292 -99
-1.0805012169028672 -0.32801480083242573 -99
-0.2848888140424588 -0.4931448071510882 -99
-0.3399174115542518 -0.6057832439450355 -99
-1.1317933674916798 -0.9203410581565308 -99
-0.15641258626286003 -0.9141951115769142 -99
0.10812845242443103 -0.6806942428807847 -99
-0.4573340453228649 -0.23094873082712475 -99
-0.49968057878618133 -0.07939340702694864 -99
-0.5015125556504998 -0.2949845570389922 -99
-0.036943407284837804 -0.84372806698231 -99
-0.6989878765295181 -0.5668170201303457 -99
-0.38961199348045206 -1.0787643011041244 -99
-0.8346004633572335 -0.7187780930405872 -99
-0.2513046557749199 -1.0611977956838103 -99
0.46390613904963196 -0.4971652089498324 -99
-0.6673573783425457 -0.10056332026210235 -99
-0.29009746058758346 -0.19338757702769271 -99
-0.30425885033296396 -0.720832716466191 -99
-0.9765508201720046 -0.06085705685449838 -99
-0.8007034979829921 -0.8998984523651252 -99
-1.5761516079687716 -0.5345095132285298 -99
0.29235105978685993 -0.8826399686232573 -99
-0.8701548627016038 -0.3738258448196419 -99
-1.694176195235185 -0.35167466659931 -99
-0.8869780432867422 -0.9946387080018493 -99
-0.8176300343415246 -0.37606427789567576 -99
-0.8061915268721815 -0.5755096737292646 -99
-1.0054554037146701 -0.25790557997498986 -99
0.07739710938595046 -0.3601483500173117 -99
-1.0060157332344382 -0.28226956596502717 -99
-1.1893305690725189 -0.6554838346822169 -99
-0.6639101679073498 -0.7063168975768921 -99
-0.856561780307473 -0.7794381532091439 -99
-0.9798276606735055 -0.7462122551277321 -99
-0.1936826548261319 -0.7828287710089796 -99
0.5099368062607184 -0.5391923088232069 -99
-0.4163039860662341 -0.37823906961443043 -99
-0.644174435121041 -0.9474494949308312 -99
-0.31754578462469674 0.003376751123923327 -99
0.03582755594308473 -1.3838521138343651 -99
-1.5655897767432698 -0.16530792312032538 -99
-0.27245165634764135 -0.2549346416310101 -99
-1.7733549141018532 -0.353522985866741 -99
-1.962831234490217 -0.3929380072217121 -99
-0.307494267599159 -0.047259827901541485 -99
0.041021608841196766 -0.7469113912791325 -99
-0.6239590846260548 -0.05516623564266787 -99
-0.8074985569604873 -0.20328571947967866 -99
-0.1169155704794882 -0.811931705430684 -99
-1.3143005772734515 -0.7424046235084738 -99
-1.027360839591692 -0.6772610045125695 -99
-0.11987554305329517 -0.033072977628590294 -99
-0.5677960990612885 -0.17563014746554018 -99
-0.6555851891291855 -0.3576484740769903 -99
-0.0574676251667281 -1.030232209780003 -99
-0.313281327031504 -0.2796354532766365 -99
-1.8773902562785718 -0.033936788198628776 -99
-0.7592400184292938 -1.222689946262859 -99
-0.47209741095874236 -0.4268043740264691 -99
0.2607837455941695 -0.8988358610157583 -99
-0.13136507122852237 -0.9957839478511694 -99
-0.614789276231706 -0.5224594228951798 -99
-0.4423725901590547 -0.8077142097950052 -99
-0.47698903823112637 0.2480580635180658 -99
-1.3326717644691097 -0.7126525609125096 -99
-0.4309407361605402 -0.49788852995908783 -99
-0.09751630633114239 -0.8013229753141982 -99
-0.34520086719482457 0.05284298224726314 -99
-0.9330107731240105 -0.599042701155545 -99
0.47914517736020734 -1.246794942613974 -99
-0.18412936419798598 0.04110965657580934 -99
-0.33237843844359816 0.013375267466978258 -99
-1.0459384508938427 -0.2770873158464937 -99
0.5503798381006018 -0.07375211215678412 -99
-0.6312397346598182 -0.15183199348148335 -99
-0.6597247708166147 0.007894092182555212 -99
-0.4925372806206578 -0.51943268120257 -99
-0.7653068313637412 -0.9382451253551825 -99
-1.461399159606481 -0.7416384845609993 -99
-1.0164710653817473 -0.1067023602871302 -99
-1.2802193522919687 -0.12417600704388221 -99
0.14352191400334746 0.052444753164660796 -99
-0.3111241610833577 -0.605145203634132 -99
-0.18515566184554721 0.04487438714241243 -99
-1.392511373257129 -1.15243796208879 -99
-0.7498433935891367 -0.4626557727689171 -99
-1.0874972331581318 -0.3124036831298902 -99
-0.8115961949166 -0.027837760764994002 -99
-0.5821489570046126 -0.14826880807698828 -99
-0.2588603694198319 -1.1595170275969284 -99
-1.0068168109280649 -0.4485658765857359 -99
-0.2728690978391306 -0.8839962653281326 -99
-0.9872280006649969 -0.9780470846124256 -99
-1.4940803079757234 -1.155270071151902 -99
-0.14325727946736677 -0.03581742714945513 -99
-1.1951492048457002 -0.16088479777518927 -99
-0.8421254033949594 -0.5289163546990636 -99
-0.959802266770243 -0.721425098530629 -99
-0.6525666894192828 -0.4375360702286386 -99
-0.6560080949241307 -0.3694479502877268 -99
0.5809531004046828 0.09723885653280284 -99
-0.046434537351968785 -1.197527137241753 -99
-1.0279479938762979 -0.15196766895502378 -99
0.3279336391409515 -0.7859695137416871 -99
-0.8764985009897241 0.13033099952779814 -99
-0.48495647664617536 -0.8590616439278893 -99
-1.0579990076651171 -0.15520451276833747 -99
-0.35698291563996953 0.09707023096245315 -99
-1.0236579506249868 -0.6947810006056176 -99
-0.8617243957144289 -0.7134535836333846 -99
-1.9847478481072276 -0.7603203080792653 -99
-0.5263720798277802 -0.16476404661136712 -99
-0.9035208707264513 -0.33276226295089373 -99
-0.6648957406424127 -0.47323254858593344 -99
-0.6317165376476996 -0.4242829079185455 -99
-1.9468804330917227 -0.6371310717024805 -99
-1.0088092335923164 -0.23763393639379515 -99
-0.6338809434108104 0.26844635418839147 -99
-1.013780624388156 -0.8130085720451543 -99
0.0652203204824211 -0.7025722966757577 -99
-0.45130282509107644 -0.6973589010028718 -99
-0.561102291922916 -0.11334876888771639 -99
-0.7883410481482738 -0.8384029209436097 -99
0.012075042638521438 -0.18343837797820406 -99
-0.6838737040801792 -0.7900005203256146 -99
0.389669290918949 -0.8452604338767244 -99
-0.21352714708276288 -0.18302338276586205 -99
-0.3147303515653981 -0.3303517123827522 -99
-0.42256736714094423 -1.0291240176278915 -99
-0.689565197520599 -0.30122720040966655 -99
-1.0991708329503336 -0.9307270986291591 -99
-0.4829801168073118 -0.8470082662638205 -99
-0.5180246848524188 -0.7106056792587108 -99
-0.8136278354306317 -0.4130324428626668 -99
-0.6250682118136641 -0.5584909651902414 -99
-0.4218122326136733 -0.9563065458921098 -99
-0.7910278629804353 -0.42602803489838337 -99
-0.0810871591308242 -0.10537926628173722 -99
-0.33588041835429117 0.2820603521400926 -99
-1.0248280093894078 -0.5641153360472817 -99
-1.0683717010527864 -0.5380197402515545 -99
-0.6398014354865147 -0.048647176343257215 -99
-0.8078949065998717 -0.3623482437078245 -99
-1.1928645125291002 -0.2610433716954699 -99
-0.05644256574960771 -1.290956851314828 -99
-1.5109903289003874 -0.43528742818981314 -99
-1.1694925189508627 -1.0644418054263376 -99
-0.8817007244691251 -0.14413211686578897 -99
-0.6028502715219624 -1.070391139183517 -99
-0.7807206883772899 -0.5742042861146874 -99
-0.8503133368299416 -0.3762435309066259 -99
-0.015696197126507272 0.049783210269666256 -99
-1.3697035749696092 -0.6449883625149404 -99
-0.5786552255329322 0.10281292727293057 -99
-0.5411286217541225 -0.6060778239270004 -99
-0.10950039166788983 -0.675208430885311 -99
0.007564607678830271 0.0011647715434008887 -99
-0.5759091249110782 -0.4585645773548901 -99
0.02768648877667168 -0.3022052857108868 -99
-0.9065839785493317 -0.14156147252214346 -99
-1.587219182557563 -0.3184108617311807 -99
-0.26144026371979834 -1.1426615682674797 -99
-1.1438329667264462 0.04474895150166702 -99
0.20496765040208587 -0.466820472019867 -99
-1.895767118902583 -0.22555056744415403 -99
-0.24961392447579556 -0.416256675884501 -99
-0.39594788207145193 -0.21469452344877205 -99
-0.7183659777299347 -0.3923980634071089 -99
-0.431164924623582 -0.33435532184258854 -99
0.19117136670774038 -0.5144079546043407 -99
-1.3898988482396444 -0.6281308743698837 -99
-0.29758464335108137 -0.3649292530228969 -99
-0.5352021649150629 -0.44128264112023174 -99
0.24130063742817143 -0.3264890711789423 -99
-0.29260262256503644 -0.6854243259567827 -99
-0.058773788338905675 -0.5167513773717562 -99
-0.47558988130538893 -0.6687514432272206 -99
-0.8077064473513591 -0.144868778571011 -99
-0.7377894773041724 -0.7702886400584124 -99
-1.5213874787923185 -0.33118903701369895 -99
-0.0961687332169614 -0.6818063048197462 -99
-0.18544518183906966 -0.10136671137495767 -99
-1.4974644199751754 -0.5475941526807304 -99
-1.226184191274072 -0.38085680637924746 -99
-0.013551687280767055 -0.7510944945413875 -99
-0.42288982193973723 -1.3143289916590568 -99
0.13322148744280504 -0.5088513631693043 -99
-0.678681566232056 -1.0771186815181029 -99
-0.31841966625563956 -0.46212677567971205 -99
-0.5850835698947332 -0.5923395312539963 -99
-1.41174725673541 -0.5197459277858805 -99
-0.5476816764782306 -0.12516642975260517 -99
-0.7260985677699612 -0.6344332463669868 -99
-0.6827015785563049 -0.10133599175898667 -99
-0.3669802839513334 -0.03923058396016188 -99
-0.702895905065823 -0.7963159255334826 -99
-0.9271042707907995 -0.20413348178017365 -99
-1.2388311214141936 0.02119316370875346 -99
-0.41976505772140094 -1.0913339365300718 -99
-1.8438022420464293 -0.5380579183298924 -99
-0.46848553091047584 -0.22386884522518358 -99
-1.3078941580815524 -0.2898653879540287 -99
-1.2177902508945788 -0.44580741088822684 -99
-0.5077075709970842 -0.1829899045888812 -99
-0.5375804449074426 -0.5027979974602399 -99
-1.0349372706100084 -0.5017109867612497 -99
0.05587419201875221 -1.1763448995221903 -99
-0.2733472420091303 -0.7868778718145446 -99
-1.0321647411903587 -0.580389790444336 -99
-0.02866235768789238 -0.23330318808114292 -99
-0.08038402489264485 -0.600840727089853 -99
-0.5043445738764927 -0.6683539100179932 -99
-1.1227057842380148 -0.20559125306986914 -99
-0.3388438808187928 -0.5270673001675341 -99
-0.5227198399547301 -0.7750538345604632 -99
-1.4757119459270012 -0.8265151877260664 -99
-0.6018669419536309 -0.5114659859743114 -99
-0.6520362812320801 -0.7001759971416117 -99
0.3744142179705108 -0.542649711090645 -99
0.020625313237980336 0.21459011532937566 -99
-0.6733630573457905 -0.8006145055979772 -99
-0.49643547120554743 -0.8197638178515447 -99
-0.8595889420199168 -0.17261560499601458 -99
-0.5114585500091149 0.18180437401128557 -99
-0.12851368052039902 -0.6191957940066963 -99
-0.7135346534208296 -0.39928007248986574 -99
-1.7712889013811637 0.032673592938872176 -99
0.09608029110971472 -0.659911964714988 -99
-1.3117063485859077 -1.071867377904523 -99
-0.016839544220744074 -0.5761673826128142 -99
-0.017859240722772896 -0.6122171067857849 -99
-0.7111578658577624 -0.6683654452277477 -99
-0.5336823073052805 -0.32931654146087297 -99
-0.4507627074048397 -0.698973725198524 -99
-1.338509757906781 -0.7622706852319929 -99
-0.42669468750299977 -0.4966474588505463 -99
-0.463822060589262 -0.6838313186390899 -99
-1.3023234546905442 -1.1087074349789887 -99
-1.4106236651804238 -0.8215685935619579 -99
-0.4635352632899412 -0.24056581857849402 -99
-1.3400807944761066 -0.6682749648127988 -99
-1.2225016434908795 -0.8110723335972061 -99
-0.7136518492023054 -0.32006607611552873 -99
-0.7901977287898223 -1.466448862518666 -99
-0.6819715192012641 -0.269057410006603 -99
-0.1950447245753537 -0.7472735471956842 -99
-1.1393231267131991 -0.41803425042918896 -99
-0.57974668384899 -0.9746447027653726 -99
-0.3581542143529646 -0.6136295416409219 -99
-0.38612022042337557 -0.32884718469965435 -99
0.3356647053008128 -0.8703921380714892 -99
-0.7988437495468013 -0.5492970507471036 -99
-0.5660048631405292 -0.4727359212208242 -99
0.09444757124020775 -0.7318706869759986 -99
-0.964378752134607 -0.6440957539289602 -99
-0.32801480083242573 -0.32637393840908935 -99
-0.5872506794647947 -0.997853067467565 -99
-0.9110331320761507 -0.32306859221991857 -99
-1.3182690789072389 -0.8151054545220742 -99
-0.803913525690259 -0.4547644022130246 -99
0.6490620772205791 0.14720143758131243 -99
-0.4931448071510882 -0.8669252255124071 -99
-0.8778629226868802 -0.052664178286372376 -99
-1.8223876176878608 0.018448101880313317 -99
0.1995608879119768 -0.3870248231362279 -99
-0.6057832439450355 -0.16695933041222588 -99
-0.9203410581565308 -0.10547900746034955 -99
-0.9141951115769142 -0.30303522877518496 -99
-0.6806942428807847 -0.20122630649015782 -99
-0.6034317897324719 -0.6289933087880932 -99
-0.23094873082712475 -0.9884642067574703 -99
-0.07939340702694864 -0.5407049158609514 -99
-0.2949845570389922 -0.8128237936651814 -99
-0.84372806698231 -0.5834373703240257 -99
-0.5668170201303457 -0.6287965982643549 -99
-0.11775713699635482 -0.8402146485510773 -99
-0.9233845501944611 -0.030284121477169634 -99
-1.0787643011041244 -0.7229787763826305 -99
-0.7187780930405872 -1.025604225965651 -99
-1.0611977956838103 -0.47893750048621975 -99
-0.4971652089498324 -1.3047189627169598 -99
-0.10056332026210235 -0.8952695847668579 -99
-0.19338757702769271 -0.06559384390719458 -99
-0.720832716466191 -1.023955006032585 -99
-0.06085705685449838 -0.4449332627055007 -99
-0.8998984523651252 -0.6022443896911245 -99
-1.2644755108104189 -0.4438049558797186 -99
-1.4867633156422801 -0.8726157721352763 -99
0.20395847150045654 0.05543741714628858 -99
-0.44012279870277915 -1.1034052548046738 -99
-0.5345095132285298 -0.16624277742898563 -99
-0.8826399686232573 -1.0105410272118522 -99
-0.3738258448196419 -1.271482163074742 -99
-0.35167466659931 -0.4668383914731926 -99
-0.9946387080018493 -0.27916086996016887 -99
-0.5292039481800739 -0.3893933305987769 -99
-0.1356144269021904 -0.035073828438068944 -99
-0.37606427789567576 -0.726578264637503 -99
-0.5755096737292646 -0.7644294869435893 -99
-0.3054659011945038 -0.3200011977963104 -99
-0.25790557997498986 -0.20550726500240835 -99
-1.5878592058489538 -1.023068268546055 -99
-1.3156230822393233 -0.9082780621053796 -99
-0.3601483500173117 -0.8331858722127805 -99
-0.28226956596502717 -0.784202457847103 -99
-0.6554838346822169 -0.2840935701550986 -99
-1.2415611855913422 -0.7479739311713924 -99
-0.7063168975768921 -0.7339091718300246 -99
-1.3059433122014585 -0.7251517635568003 -99
-0.4138587206183679 -0.1340609358630651 -99
-0.7794381532091439 -0.7503060649003963 -99
-0.24512618444759582 -0.19692533371864407 -99
-0.7462122551277321 0.3424681515331578 -99
-0.7828287710089796 -0.2632575973099929 -99
-0.5391923088232069 -0.4884982657120158 -99
-1.2257072060430225 -0.5796179485389388 -99
-0.37823906961443043 -0.5228961619404284 -99
-1.6338590526131753 -0.775043502379754 -99
-1.2709344210818383 -0.5780341356937821 -99
0.008537094974297332 -0.2423221601400023 -99
-0.9474494949308312 -0.683809164547295 -99
0.003376751123923327 -0.8100939801591824 -99
-1.5977337505077038 -0.9323285474871508 -99
-1.3838521138343651 -0.1781141107775639 -99
-1.2277944109258687 -0.40521154979583507 -99
0.20696280054938399 -0.4249701522485747 -99
-0.16530792312032538 -1.2705413314376486 -99
-0.2549346416310101 -0.3605083631910819 -99
-1.093397341168858 -0.8514084546048224 -99
-0.353522985866741 -0.598079453798432 -99
-0.3929380072217121 -0.33902664822043427 -99
-0.40370641970698884 -0.6642448685743094 -99
-1.2152900544823204 -0.22239102709497693 -99
-0.8802091613865421 -0.547091885165921 -99
-0.047259827901541485 -0.12747893140547717 -99
-2.5075745075826603 -0.5216642817716117 -99
-0.7469113912791325 -1.2575833051423224 -99
-0.05516623564266787 -0.28995491503180126 -99
-1.8303368411218894 0.501384521034856 -99
-1.236081128222036 0.2917739866033173 -99
-0.20328571947967866 -1.889325142971856 -99
-0.811931705430684 -0.46961194441313836 -99
-0.7718808952097387 -0.859969587980844 -99
0.2163534030451828 -0.7367814287618728 -99
-1.1270673693449265 -0.5333665604378197 -99
-0.7424046235084738 -0.4237929499580453 -99
-1.3022830242581858 -0.2104438196990568 -99
-0.257876175322302 -0.71999344002292 -99
-0.934571149810667 -0.943724457728953 -99
-0.6772610045125695 0.2714116441530443 -99
-0.033072977628590294 -0.870414067115675 -99
-0.9836087961471609 -0.8301720313795702 -99
-0.9874933526702119 -0.2551200812191894 -99
-0.17563014746554018 -0.290417713516824 -99
-1.1573674060440755 -0.15509372542988054 -99
-0.5617064188733316 -0.05001290051593088 -99
-0.3576484740769903 0.010136004708524382 -99
0.25066040728762395 -0.21773181118181206 -99
-0.6731864731820103 -0.7300716062219532 -99
-1.4059901171049773 -0.7806235916897162 -99
-1.030232209780003 -0.4068620674856245 -99
-0.2796354532766365 -1.1616392521418692 -99
-0.9971545942774291 -0.286844271412086 -99
-0.36408096481921426 -0.4075932385389134 -99
-0.4706966913166113 -0.7415873564328095 -99
-0.39197782555377714 -0.11582071368996694 -99
-0.9482737097477738 -1.1010817216495212 -99
-0.033936788198628776 -0.287038224653692 -99
-0.44660025206306564 -0.6812299303162455 -99
-1.311300989387572 -0.4963064754750004 -99
-0.448047875969646 -0.899586729956372 -99
-1.2701455364431489 -0.5078024530723297 -99
-0.9159437672769197 -1.3393607507589067 -99
-1.222689946262859 -0.6950564368279242 -99
-0.9839400961012128 0.04969355907650552 -99
-1.48370293303525 -0.8258145345281473 -99
-0.25932139510450547 -0.553403613955922 -99
-1.0413354203970488 -0.3365485599141529 -99
-0.4268043740264691 0.28697611689956304 -99
-0.9650180971718711 -1.2449343206220824 -99
-0.8988358610157583 -0.8091792378951066 -99
-0.21945226686293395 -0.5591276651024639 -99
-1.1785673875812375 -0.6884691641253156 -99
-0.9957839478511694 -0.35569156948175795 -99
-0.6788245373741724 -0.4613640967001231 -99
-0.953916004994916 -0.7681858806462909 -99
-1.2809796647616345 -0.030633177559760583 -99
-1.1295337218943065 0.1860300769066292 -99
-0.5224594228951798 0.15235310985347894 -99
-0.8077142097950052 -0.6308949910812487 -99
-0.8984447718292685 -0.38123991679822566 -99
0.2480580635180658 -0.7162595669749692 -99
-0.38114830341911876 -0.27592849230912186 -99
-0.7126525609125096 -0.2128748631275581 -99
-0.49788852995908783 -0.3563376366386475 -99
-0.8013229753141982 -1.0340584456743631 -99
-1.356784590089612 -0.1248438346661267 -99
0.05284298224726314 -0.8638062758694147 -99
-0.9986704066638215 -0.8379272756615528 -99
-0.599042701155545 -0.45311832083920045 -99
-1.246794942613974 -1.0261699785069158 -99
-0.1952665382627199 -0.5569433772627477 -99
0.04110965657580934 -0.923450842369963 -99
0.013375267466978258 -1.2521981906627655 -99
-0.2770873158464937 -0.4632512201925465 -99
-1.2372699055292333 -0.3528770624651951 -99
-1.7855823117409209 -0.4807677438499631 -99
-0.07375211215678412 -0.4779071507786341 -99
-0.8812945508762784 -0.45445302203630433 -99
-0.15183199348148335 0.26745260591602893 -99
-1.2364286787970116 0.03411966853038351 -99
-1.1499678599143 -0.5902042959280198 -99
0.08742269160609517 -0.6966397602764705 -99
0.007894092182555212 -0.409061544675712 -99
-0.6635597177513777 -0.5485564291294267 -99
-0.51943268120257 -0.5109095688988425 -99
-0.9382451253551825 -0.060589301433136455 -99
-0.7416384845609993 -0.77888415181007 -99
-0.1067023602871302 -0.368499385379188 -99
-0.12417600704388221 -0.08289677187104694 -99
-0.9493028127447971 -0.3391124669177792 -99
-0.9175561486851311 -0.652500039863515 -99
-1.1453523539650678 -0.7779645965664095 -99
0.052444753164660796 0.13578461156724764 -99
-0.605145203634132 -0.7872467121045759 -99
0.717214280848335 -0.7203028385936197 -99
0.04487438714241243 0.041174047852504 -99
-1.15243796208879 -0.6866706075972946 -99
-0.4626557727689171 -0.9090261932603756 -99
-1.5547054902788755 -0.16078182377714967 -99
-0.3124036831298902 -0.9683765849473431 -99
-0.027837760764994002 -0.06900605185600739 -99
-1.1946732463381746 -0.4405736843763979 -99
0.1094420269982681 -0.46732088280295514 -99
-0.14826880807698828 -0.9291649869406093 -99
-0.967821357609699 -1.1060896434217433 -99
-0.3826709287980652 -0.4561085437257546 -99
-1.1595170275969284 -0.019138786851378597 -99
-0.7037828610735346 -0.8138889817472403 -99
-0.7868978326311726 -1.0543017290168422 -99
-1.5029967475421593 -0.269200009223292 -99
-1.1247316494551214 0.023689434881566385 -99
-1.3623831359012684 -0.2599377504279179 -99
-0.4472354390812896 -0.03969722026809386 -99
-0.4485658765857359 -0.7452335010829394 -99
-1.4228180961180321 -0.8825708920567337 -99
-0.5359411069189743 -0.5412400238009347 -99
-0.33616276673602563 -0.4397378051094787 -99
-1.8624963945471436 -0.3078771542656664 -99
-0.8839962653281326 -0.9656084803589149 -99
-0.23227454898065858 -0.7769735130014901 -99
-0.9780470846124256 -0.5188446812742171 -99
-1.2425887209341475 -0.26782993191915416 -99
-1.155270071151902 -0.538319050062368 -99
-1.7578204265854769 -0.5426670775412248 -99
-0.5399820368490733 -0.47946561388608977 -99
-0.03581742714945513 -0.5487488729389831 -99
-0.9635957273261564 -0.5494630727932748 -99
-0.7957079002044232 -0.05714175553694112 -99
-0.16088479777518927 -0.4698736492423379 -99
-1.0900759376856595 -0.02668107040963008 -99
-0.3933186202176717 -0.1178523994084486 -99
-0.5289163546990636 -0.3061951026635761 -99
-0.721425098530629 0.0742050751168879 -99
-0.4375360702286386 -0.6736083529101968 -99
-0.9619371611151788 -0.573191306564901 -99
-0.3694479502877268 -0.4907653385487176 -99
-0.20803371212906363 -0.21333278753648877 -99
-0.7385941571358181 -0.8136458479222561 -99
0.02987008254734569 -0.3817187655605352 -99
0.09723885653280284 -0.38663397903239094 -99
-1.197527137241753 -0.6986876704087361 -99
-1.085243570026691 -0.018537522170353427 -99
0.1442588396232516 -0.7735944545856377 -99
-0.15196766895502378 -0.11799644810251131 -99
-0.7859695137416871 -0.4276385570321857 -99
-0.7170193786274304 -0.8114996004909685 -99
-0.8964813848130593 -0.21021092667828967 -99
-0.022968006171240063 -0.5305484949933366 -99
0.46255812065158075 -0.3439812658874395 -99
0.13033099952779814 -0.3468205616411222 -99
-0.8590616439278893 -0.3965308366393394 -99
-0.9224867365134415 -0.18479664719285793 -99
-1.426316152937508 0.12155909643046492 -99
-0.15520451276833747 -0.32864162666158414 -99
0.09707023096245315 -0.8328801086805697 -99
-1.6299063204419575 -0.6454129019331436 -99
-0.6947810006056176 -0.025934697708184018 -99
-0.7134535836333846 -0.05643933172479443 -99
-0.7603203080792653 -1.03501139091051 -99
-1.2606680453015038 -0.4834177387775789 -99
-0.16476404661136712 -1.1863020407219267 -99
-1.1023105679358256 0.20016906804608503 -99
-0.33276226295089373 -0.43793538658458964 -99
-0.47323254858593344 -0.447468789764244 -99
-0.592998458131154 -0.9681609387069514 -99
-0.4242829079185455 -0.18916527903972913 -99
-0.6371310717024805 -0.5381563434796313 -99
-0.0711854140002135 0.11140789851231503 -99
-0.6386971468601068 -0.5341753513062404 -99
-0.901868829567043 0.16359310710153352 -99
0.5457541369310377 0.022484316542245253 -99
-0.23763393639379515 -0.06621507365889201 -99
0.26844635418839147 -0.8435685389184364 -99
-0.8130085720451543 0.00590378149811599 -99
-1.6781283717795006 -1.0435664094627608 -99
0.0788470062342963 -0.5773343215972879 -99
-1.6145329232467702 -0.5793585371338494 -99
-0.7025722966757577 -0.7697958816269388 -99
-0.8398749179635292 -0.27288149135018713 -99
-0.6973589010028718 -0.810597553954528 -99
-1.4401559742495031 -0.5303052292769177 -99
-0.2672611074324731 -0.4076814508431781 -99
-0.11334876888771639 -0.6529373002076788 -99
-1.3585572373891228 -0.9749181854004902 -99
-0.9062755816484156 -0.0730244771279498 -99
-0.8384029209436097 -0.28428787887965434 -99
-0.18343837797820406 -0.07829308709385252 -99
-0.7900005203256146 -0.8633686180549258 -99
-0.16061132192153416 -0.6583352912693492 -99
-0.8452604338767244 -0.7777528886787302 -99
-0.18302338276586205 -0.6752080454409857 -99
-0.3303517123827522 -0.6846789243305587 -99
-0.13638325440266108 -0.31962159098976706 -99
0.13142808698727926 -0.6137332322721676 -99
-0.5705235035586931 -0.7204163885561723 -99
-0.9965683366922828 -0.5026571018824164 -99
0.05196854649882532 -0.5322305782064429 -99
-1.0291240176278915 -0.5903024725712562 -99
-0.30122720040966655 -0.9010348921644571 -99
-0.9307270986291591 -0.4520647883419624 -99
-0.9584363228225126 -0.4284275297961546 -99
-0.8470082662638205 -0.04825298265736677 -99
-0.7106056792587108 -0.7464058943676051 -99
-0.4130324428626668 -0.2368829254698035 -99
-0.6311882955645132 -0.9214179431504483 -99
-0.5584909651902414 -0.515336519583693 -99
-0.9563065458921098 0.09360129301104436 -99
-0.42602803489838337 -0.48701693083664566 -99
-0.3208051890173653 -0.3681161606407386 -99
-0.9269173659454868 -0.7765082548382765 -99
-0.7449477724849931 -0.695783034661936 -99
-1.1926126906003063 0.30124604653746445 -99
-1.7751595497878672 -0.5557849057970241 -99
-0.3858146576672272 -0.9080502915270046 -99
-0.47062495982775765 -0.01437775414584408 -99
-0.10537926628173722 -0.7962503722257228 -99
0.2820603521400926 -1.250536191866047 -99
-0.5641153360472817 -0.11570181763426213 -99
0.44022397297990956 -0.18908114396537457 -99
-0.8134505438260646 -0.6536061796703461 -99
-0.5380197402515545 -0.7953552102206718 -99
-1.3358821429410384 0.3379413820009116 -99
-0.8246225063229407 -0.6785829632762876 -99
-0.048647176343257215 -0.2121967868676098 -99
-0.3623482437078245 -0.6717590181605146 -99
-0.2610433716954699 -0.6293808888239614 -99
-1.290956851314828 -0.4889291396956068 -99
-0.43528742818981314 -0.1674333155665746 -99
-1.5225690096389073 0.3351157874598325 -99
-1.0644418054263376 -0.11204831270759996 -99
-0.14413211686578897 -0.5286661498202747 -99
-1.070391139183517 -0.42680015374056346 -99
-1.3491069879952047 -0.5397926007259723 -99
-0.5742042861146874 -0.7016535932683663 -99
-0.3762435309066259 -0.23918334660494267 -99
0.049783210269666256 -0.7088822072225938 -99
-1.9629380206878029 -0.24936777903731056 -99
-0.6449883625149404 -0.7667251673766771 -99
-0.12297358108937573 -0.9490269334126911 -99
-0.7299120093446287 -0.4767422864706514 -99
-1.334931161951678 -0.46207440072598516 -99
0.10281292727293057 0.06727393136250548 -99
-0.5459657607461352 -0.4008856390311575 -99
-0.6060778239270004 -0.13024949445171075 -99
-0.675208430885311 -0.47236342334191406 -99
-0.12432881566158294 -0.2477046655895414 -99
-0.26746685160708594 -0.24347122051677417 -99
-1.1621119301949676 -0.3523513613097613 -99
-1.285841099859116 -0.04667239885958274 -99
-0.4080200559758662 -0.3695825108054578 -99
-0.9789655036791451 -0.22231430184672618 -99
0.36154713300387087 -0.3025951569198 -99
0.0011647715434008887 -0.02454867136517258 -99
-0.6899961776590402 -1.386553396944647 -99
-0.4585645773548901 -0.9957418100741826 -99
-0.3022052857108868 -0.6334280869414659 -99
-0.14156147252214346 -0.8548889183266617 -99
-1.3497745071820795 -0.3825942089893051 -99
-0.3184108617311807 -1.2395567937590393 -99
-1.1426615682674797 -0.24223889610485294 -99
0.04474895150166702 0.015657337863055787 -99
-0.466820472019867 -0.7060847465463986 -99
-0.74251572110939 -0.45128385883204203 -99
-0.22555056744415403 -0.7959528804945428 -99
-0.21762512165667047 -0.2738437385471819 -99
-0.416256675884501 -0.6033785851674835 -99
-1.213648115931015 -0.15092324941026014 -99
-0.21469452344877205 -0.8557041665917797 -99
-2.1482030552439983 -0.2806724493158903 -99
0.20689006562661127 -0.5051619585397766 -99
-0.3923980634071089 -0.22390740725634117 -99
-0.6762955148576015 -0.40071048037461665 -99
-0.2597203333140996 -1.0039886284157973 -99
-0.645289660777383 -0.9837912960269115 -99
-0.9364056237003666 -0.7123944080494553 -99
-0.33435532184258854 -0.13538608875333402 -99
-0.6986427007508667 0.029507834134685496 -99
-0.5144079546043407 -0.9077810875555343 -99
-0.6281308743698837 -0.26909027574096633 -99
-0.3649292530228969 0.10646823655362603 -99
-0.44128264112023174 -0.4477055664866203 -99
-0.3264890711789423 -0.6468702629567193 -99
-1.319611594672546 -0.051144305878981555 -99
-0.6854243259567827 -0.9726727352673716 -99
-0.5167513773717562 -0.6825224512000165 -99
-0.6687514432272206 -0.5468581026601598 -99
-0.7949283237829707 -0.04075702066523945 -99
-0.144868778571011 -0.2679740512671547 -99
-0.7702886400584124 -0.7395035146087832 -99
-0.33118903701369895 -0.3379193442894888 -99
-0.731605747178758 -0.9653145550757678 -99
-2.129103111830471 -0.5118342088117895 -99
-0.6818063048197462 -0.6544113250920542 -99
-0.7828978137689493 -0.143271342694252 -99
-0.10136671137495767 -0.27510689612444317 -99
-1.1342170051341611 -0.5098084618379364 -99
-0.4387288831186762 -0.9050752518597545 -99
0.36927038672395796 -0.8028567935143123 -99
-0.5475941526807304 0.07907968379628194 -99
-0.38085680637924746 -0.4841708164935792 -99
-0.7510944945413875 -0.43211050080716795 -99
0.003009068357677336 -0.30080747714410094 -99
-1.3143289916590568 -0.6768089733130083 -99
-0.5088513631693043 -0.6478672919167163 -99
-0.9260970285274706 -0.4959114363771988 -99
-0.5186635264023032 -1.1094199411245018 -99
-1.0771186815181029 -0.7730352872880086 -99
0.5170520641366814 -0.5474812797253694 -99
-0.6733809593901885 -0.6106222630447533 -99
-0.46212677567971205 -0.48480980880085234 -99
-1.4933130390739553 -0.6361096267569888 -99
-0.5923395312539963 -0.3294004958360812 -99
-0.5197459277858805 -0.2529314829437581 -99
-0.6724561973346184 -0.17002972611622091 -99
0.08860643753761543 -1.3210779760404598 -99
0.4169400089564146 -1.1440273597460866 -99
-0.12516642975260517 -0.588556848738456 -99
-0.15564917055293215 0.10799542962627307 -99
-0.6344332463669868 -0.4148519956225716 -99
-1.1040886744765572 -0.7499971582265275 -99
-0.10133599175898667 -0.7434785613882102 -99
-0.5896037915283099 -0.23508903200783493 -99
-0.03923058396016188 -0.6830613004789967 -99
-1.1701711883149422 -0.3429794342709336 -99
-1.1735686540522252 -0.7007204285333817 -99
-1.5756839941925875 -0.8898400958090651 -99
-0.7963159255334826 -0.024895953552283245 -99
-1.139157216664863 -0.6469689288957223 -99
-0.20413348178017365 -0.17182383777194588 -99
-0.920393076558371 -0.9079125811724005 -99
0.02119316370875346 -1.2332373929146652 -99
-0.5215366079301003 -0.7545033167166277 -99
-0.6075824788279007 0.21978787807414513 -99
-1.0913339365300718 -0.7477568808157624 -99
-0.5380579183298924 -0.30789983600316084 -99
-0.04983725588519938 -0.8327339864764891 -99
0.7056314481504682 0.3459930765794361 -99
-0.3265652196835127 -0.2996901605682005 -99
-1.9926356419133562 -0.6430999263538073 -99
-0.22386884522518358 -0.46147897113879743 -99
-0.2898653879540287 -0.5573354620199797 -99
-0.8442725590617535 -0.684585299762082 -99
-0.44580741088822684 -0.4141172156332189 -99
-0.1829899045888812 -1.142197537363467 -99
-0.5027979974602399 -0.0917364079433316 -99
-0.09581349861729116 -1.1661504420626905 -99
-0.5017109867612497 -1.2019408519717931 -99
-1.1763448995221903 -0.5520183233438267 -99
-0.7868778718145446 0.013885220043807323 -99
-0.580389790444336 -0.5388886595086451 -99
-0.5282927179420849 0.08501332424968489 -99
-0.23330318808114292 -0.29874761940484973 -99
-0.600840727089853 -0.9607427314934345 -99
-0.6683539100179932 -0.24272742213057974 -99
-0.20559125306986914 -1.158573183629926 -99
-0.5270673001675341 -0.40948375934169157 -99
-0.33811391016542913 -0.7387805805129251 -99
-0.1642846585143225 -0.7175643159169436 -99
-0.7750538345604632 -0.7341149507186753 -99
-0.8265151877260664 0.10058010769879111 -99
-0.5114659859743114 -0.9690663234763655 -99
-0.732036988388753 -0.6456513644377075 -99
-1.357589800636429 -0.6483956481651703 -99
-0.7001759971416117 0.3040622170816665 -99
-1.4720136296867903 -0.14688734391172886 -99
-0.542649711090645 -0.5415967311834944 -99
-0.662456045080809 -0.9283206568103726 -99
0.21459011532937566 -0.0985313976940354 -99
-1.030140193086151 -0.6630935104535141 -99
-0.8006145055979772 -0.525501218978242 -99
-0.8197638178515447 -0.2779029322832933 -99
-0.9076591712822104 -0.03309927575228855 -99
-0.17261560499601458 -0.37668878744143974 -99
-0.3967877470106931 -0.7201914611161655 -99
0.18180437401128557 -0.5326203201811825 -99
-0.563110923581668 -0.4108729578787962 -99
0.4111010065493712 -0.3244467745746107 -99
-0.6191957940066963 -0.7694101452460327 -99
-1.3634329253301196 -0.8738092706713587 -99
-0.39928007248986574 -0.38425586222174957 -99
-0.32639983165861963 -0.3143299820389842 -99
-1.0466046083868683 -0.043708967441565605 -99
0.032673592938872176 -0.057779877787361045 -99
-0.659911964714988 -0.7235925599437998 -99
-1.071867377904523 -0.41417757406951416 -99
-0.5761673826128142 -0.28336685404793194 -99
-0.6122171067857849 -0.771106966310624 -99
-0.5216525690365188 -0.167483383583086 -99
-0.797625546819491 -0.6918470030477231 -99
-0.6683654452277477 0.24928038279398557 -99
-0.32931654146087297 -1.2631755224785586 -99
-0.698973725198524 -0.11046642992243427 -99
-0.8860376005079829 -0.7676138738729517 -99
-1.0818235100802003 -0.5543023688491893 -99
-0.7622706852319929 -0.29362052329680566 -99
-0.9192519960601757 0.1435495753356495 -99
-0.4966474588505463 -0.5543854314273791 -99
-0.6838313186390899 -1.1631662497903417 -99
-0.5727847417081033 -0.3799161871176988 -99
-0.44056870133155 -1.0035211877582633 -99
-1.1087074349789887 -0.11776896546157367 -99
-0.8783512728987848 -0.7622924940009614 -99
-1.958151339302253 -0.5971318214852506 -99
-0.8215685935619579 -0.7955183926068798 -99
-0.24056581857849402 -0.42030234063594385 -99
-1.6037016003530304 -0.3455655433453053 -99
-0.9277434537807654 0.2131136210349034 -99
-0.6682749648127988 -0.7122940932965918 -99
-0.933377711651243 -0.6651682143228026 -99
-0.26579129174609584 -0.19244740136472416 -99
-0.8110723335972061 -0.16708674700440795 -99
-0.32006607611552873 -0.40000406742645644 -99
-0.7714347933687495 0.27034867988568223 -99
-1.0553609653667415 -0.6982734171237599 -99
-0.04307096242185793 -0.42557144033219885 -99
-0.6747167781748828 -0.2232720375344588 -99
-1.466448862518666 -1.4642955683056105 -99
-0.5643539743141854 0.11951892182057655 -99
-0.269057410006603 -0.26803905708096387 -99
0.051737588311821625 -0.8680825644750119 -99
-0.7472735471956842 -0.46192987854243484 -99
-0.41803425042918896 -0.6472565636067333 -99
-0.7881196372906949 -0.8035079425267764 -99
0.15266275584596833 -0.14196694611568006 -99
-0.5370042777165889 0.002298548001872902 -99
-0.9746447027653726 -0.26733939138125073 -99
-0.6136295416409219 -0.3720045020265079 -99
-0.9897500030790507 -0.28177305335190894 -99
-0.32884718469965435 -0.20690005470566852 -99
-1.032066288183815 -0.9340030844168581 -99
-0.8703921380714892 -0.6681079513610264 -99
-0.5492970507471036 -0.3661992327648491 -99
-0.4727359212208242 -0.9717313857897363 -99
-1.7156831844807403 -0.588984818577762 -99
-0.7318706869759986 -0.8827527498978434 -99
0.3306475913765343 -0.869589583256916 -99
-0.6440957539289602 -0.37284154512651035 -99
-0.32637393840908935 -0.7429977769803298 -99
-0.997853067467565 -0.07885694025906531 -99
-0.8485797280804555 -0.4842319147752985 -99
-0.32306859221991857 -1.0404688390586472 -99
-1.0967077266466703 -1.077335259122064 -99
-0.8151054545220742 -0.12019438584297326 -99
-0.4547644022130246 -0.4548526653734566 -99
0.18131648588987126 -0.46581491022702615 -99
-0.3475526240704454 -0.41750984543410397 -99
0.14720143758131243 -0.09130261284646046 -99
-0.8669252255124071 -0.5236702136769296 -99
-0.052664178286372376 -0.3333459858063872 -99
0.018448101880313317 -0.20037093641741777 -99
-1.4919279797267055 -1.2805221686462342 -99
-0.3870248231362279 -0.6260388319346539 -99
-0.16695933041222588 -0.4692693927878331 -99
-0.10547900746034955 -0.6288838601367761 -99
-0.30303522877518496 -0.7065814494966371 -99
-0.3506441063876391 0.09524086214182503 -99
-0.20122630649015782 -0.06981163752383779 -99
-1.9278244763690484 -0.4141033787876687 -99
-0.6289933087880932 -0.43918393770463204 -99
0.5558149704198581 -0.3659554908139153 -99
-0.9884642067574703 -0.96015507063988 -99
-0.40584976066914535 0.049467333435591954 -99
-0.5407049158609514 -0.21249720681214868 -99
-0.5715749744431236 -0.17363509939862531 -99
-0.6853952433831054 -0.6115678348146876 -99
-0.38675326420137957 -1.1717611519501716 -99
-0.8128237936651814 -0.8091313868025765 -99
-0.5834373703240257 -0.41360730822955816 -99
-0.6287965982643549 -0.3123268527074625 -99
-0.8402146485510773 -0.2475751037075824 -99
-0.030284121477169634 -0.5097895461532893 -99
-0.7229787763826305 -0.48850151796037444 -99
-0.4051732052544299 -1.2692437090980953 -99
-0.7768811809313281 -0.91385884961492 -99
-1.025604225965651 -0.9649252024487804 -99
-0.9047130600396329 -0.9258634175071219 -99
0.7390322738610315 -0.3528185385410758 -99
-0.11953230780443036 -0.35499958669518605 -99
0.9376915379783295 -0.477209541848719 -99
-0.47893750048621975 -0.4916069219631076 -99
-0.9002860259772749 -0.15249479244648612 -99
-1.3047189627169598 0.20273037960186535 -99
-1.166420939974504 -0.4194086024349364 -99
-0.8776959317211759 -0.9722942526332172 -99
-0.8952695847668579 -0.10846592295818525 -99
-0.06559384390719458 -0.5722277340811281 -99
0.748059438095412 -1.0660928779623262 -99
-1.023955006032585 -0.4143078408953933 -99
-1.5311709048747328 -0.4703093623211103 -99
0.3107285916562894 -0.5325869783681458 -99
-1.028434612239975 -0.8030329755051717 -99
-0.8739964308571526 -0.9739076210358188 -99
-1.6845756632202598 -0.30565167955484895 -99
-0.4449332627055007 -0.26049966194112883 -99
-0.6022443896911245 -0.7292800196701847 -99
-0.9949948096563279 -0.6218389377085121 -99
-1.4127728873658345 -1.2274951239402192 -99
-0.4438049558797186 -0.6468621024618493 -99
-0.8726157721352763 -0.3351458698183354 -99
-0.5944794370553037 -1.1002827023554342 -99
-1.0198872167346558 -0.7442828611177834 -99
0.2737482673384939 -0.6258166752735814 -99
0.05543741714628858 -0.13880376938550043 -99
-0.397262626069546 -0.9510079482573044 -99
-0.2650410792954041 -0.4632382471031615 -99
-1.1034052548046738 -0.8055297948466595 -99
-1.075390189453806 -0.013099991371651853 -99
-1.170383417007372 -0.2912624856106607 -99
-0.16624277742898563 -1.237640831565873 -99
-1.0105410272118522 -0.19092423290631544 -99
-1.271482163074742 -0.9946360529222549 -99
-1.2766822768406456 0.05901827464165876 -99
-0.32241288616549113 -0.3789746077218812 -99
-0.8607980074969817 -0.5450057165356288 -99
-0.4668383914731926 -0.3393961305181694 -99
-0.27916086996016887 -0.7930499533310122 -99
-0.3893933305987769 -1.1521907105360505 -99
-0.8245786757583975 0.07352507192491053 -99
-0.035073828438068944 -0.8141494953189738 -99
-0.7625382145400703 -0.3537810026785184 -99
0.7909842829865319 -0.5450390950532711 -99
-1.2159557462102306 -0.8082029646328319 -99
-0.14091150328289537 -0.7846864403984526 -99
-0.726578264637503 -1.1450102784591056 -99
-0.7644294869435893 -0.4923955649645677 -99
-0.26059683374693954 -0.7622244457621381 -99
-0.3200011977963104 -0.7494379693307351 -99
-0.20550726500240835 -0.48145860875030344 -99
-1.023068268546055 -0.9360613463330569 -99
-0.9969501652245611 -1.148519981808878 -99
-0.05649748826499135 -0.07059548768000212 -99
-0.8551022542942128 0.20677030744679747 -99
-0.9082780621053796 -0.22857991827770086 -99
-0.8331858722127805 -0.7785682728114764 -99
-0.660742206524473 -0.6297621515178271 -99
-0.784202457847103 -0.9243560870565304 -99
-0.7724024397993858 -0.6908198821092402 -99
-0.37443426685729975 0.13980970576839802 -99
-0.2840935701550986 0.4525227683047408 -99
-0.19795659253197329 -0.613033424363195 -99
-0.5987616819435999 -0.23862889661289088 -99
-0.7479739311713924 -0.5214339465147173 -99
-0.7339091718300246 -0.44829044724847833 -99
-0.7251517635568003 -0.5709437303096223 -99
-1.2845533156643025 -0.729569962260987 -99
-0.1340609358630651 -0.7548537694030593 -99
-0.7503060649003963 -0.21876499879865285 -99
-0.19692533371864407 -0.7867844253781122 -99
0.3424681515331578 -0.7764961744685763 -99
-0.2632575973099929 -0.5704118941856358 -99
-0.9780383068638479 -1.078167108413938 -99
-0.4884982657120158 -0.4425455359589687 -99
-0.5796179485389388 -0.7319410165380713 -99
-0.5228961619404284 -0.3298563565190289 -99
-0.775043502379754 0.39656249921749165 -99
-1.3333135518540757 -0.363276270291367 -99
-0.5780341356937821 -0.8679368691782248 -99
-1.6377203909289477 -0.23407803656056458 -99
-0.7824739431036765 -0.7368888735928341 -99
-0.2423221601400023 -0.47512334145420176 -99
-0.683809164547295 -0.1741573692023568 -99
-0.8100939801591824 -0.27966840277720095 -99
-1.659563840252261 -0.41107873676841145 -99
-0.9323285474871508 -0.64835492826065 -99
-0.1781141107775639 -0.745054049383068 -99
-1.1633523494291413 -0.24050334381165506 -99
0.3984669533327345 0.6730564615630747 -99
-0.4406509766400202 -0.7832935554903511 -99
-0.40521154979583507 -1.120907555935739 -99
-0.4249701522485747 -0.4093128268794892 -99
-1.2705413314376486 -0.3614814596373854 -99
-0.9344891626070222 -0.959087935354372 -99
-0.21261017844009267 -0.5350136576237965 -99
-1.2773353597774708 -1.0840425278817811 -99
0.39322552503904973 -0.5861440965422986 -99
-0.3605083631910819 -0.9302645908495073 -99
-0.8514084546048224 -1.1175362781843798 -99
-0.2202294662240245 -0.783274012490061 -99
-1.3534940386752723 -0.5648932006186236 -99
-0.598079453798432 -0.8118939783427006 -99
0.17279693217523118 -0.5350843544827821 -99
-1.4125419500504286 -0.06182134722435784 -99
0.2326262895017468 -0.8423109028832414 -99
-0.33902664822043427 -0.32139137896674796 -99
-0.6642448685743094 -0.6660019426610599 -99
-0.22239102709497693 0.0032582065049133746 -99
-0.547091885165921 -0.982329859266784 -99
-0.8593755679389172 -0.8024923120565344 -99
-0.12747893140547717 -0.12262057609815358 -99
-0.5216642817716117 -0.9946263213327633 -99
-0.15569151490766764 -0.7120323641666673 -99
-0.8571814418350563 -0.394319922875388 -99
-1.2575833051423224 -1.2348123069814552 -99
-0.28995491503180126 -0.27014407615043723 -99
0.501384521034856 -0.8403332523808427 -99
0.2917739866033173 -0.566203852492908 -99
-1.889325142971856 -0.23867585709115424 -99
0.29112288685870347 -0.26541206819228513 -99
-0.46961194441313836 -0.5141813180668819 -99
-2.402844444711995 0.13284683998337243 -99
-0.88055608749751 0.22115455890952873 -99
0.16847157932619794 -0.08309481968011845 -99
-0.21610542441317016 -0.5237387547020127 -99
-0.859969587980844 0.20631324403964335 -99
-1.3138774014476358 -0.17619835096548364 -99
-0.7367814287618728 -1.092057582124685 -99
-0.488940673650454 0.3283062718757055 -99
-0.5333665604378197 -0.4221904896966908 -99
-0.4237929499580453 -1.1473797324612836 -99
-1.43539237947979 -0.6613432663483838 -99
-0.2104438196990568 -0.5757881552289579 -99
-1.2090795401961234 -0.29911073876547434 -99
-0.9814473451117269 -0.7920841543680854 -99
-0.71999344002292 -0.8589344568529782 -99
-0.943724457728953 0.3858739444739552 -99
0.2714116441530443 -0.32199451526074974 -99
-0.870414067115675 -1.6868668735178645 -99
-0.8301720313795702 -0.7214002256068515 -99
-0.030264959419904258 -0.469616691740832 -99
-0.13157972543521979 -0.7414975074493029 -99
0.4937753663586495 -0.4231241082549211 -99
-0.24513404928874216 -1.06959750878978 -99
-0.2551200812191894 -0.027446530370273337 -99
-0.6183395039002981 -0.0900823047477477 -99
-0.290417713516824 -0.8447959815230508 -99
-0.15509372542988054 -0.40759061055002554 -99
-0.05001290051593088 -0.4522382914896781 -99
-1.0078981686410682 -0.2444422901331773 -99
0.010136004708524382 -0.4754126988473413 -99
-0.21773181118181206 -0.736496138604549 -99
-1.1002646121379893 -0.32475772277917336 -99
-0.468079366828416 -0.8014524530522653 -99
-0.7300716062219532 -0.5158451087268414 -99
-0.8358432384042214 -0.43284010943244766 -99
-0.7806235916897162 -0.5012240045104939 -99
-0.47269997250888984 -0.35587432805322905 -99
-0.9266447439444683 -0.08913876425331146 -99
-0.49336927323934887 -0.9050671987647796 -99
-0.40938839267912286 -0.3141484954053304 -99
-0.4068620674856245 -0.4926513114857549 -99
-1.261080424287794 -0.3389967169695023 -99
-0.5006939602052078 -0.4807569450284195 -99
-1.1616392521418692 -1.212246066533126 -99
-1.4346267628028304 0.1125752358835097 -99
-0.286844271412086 -0.5160681057861165 -99
-0.4075932385389134 -1.178810131644111 -99
-1.132608793236633 -0.7762155385491543 -99
0.19653298359922644 0.14369688875668096 -99
-0.7415873564328095 -0.9185575946938105 -99
-0.9575243075313473 -0.1261101741790842 -99
-0.43790894431113436 -0.48629340618090566 -99
-0.6172978747021869 -0.29278283225101376 -99
-1.508572739937378 -0.5155837985344043 -99
-0.4681458054381409 -1.4764569298431187 -99
-1.089883998931061 -0.6515969478049737 -99
-0.4362337740806197 -0.04483970543242144 -99
-0.11582071368996694 -0.4274767417200156 -99
-1.1010817216495212 -0.5397170146682768 -99
-0.793236988913046 -0.4058955464020464 -99
-0.287038224653692 -0.4834450468279545 -99
-1.1354688980678933 -0.21481691969744787 -99
-0.9366867462000279 -0.339198040862831 -99
-0.6812299303162455 -0.0573653784731718 -99
-0.4963064754750004 -0.9945586125848997 -99
-0.8352924637908252 -1.007592160216035 -99
-0.8486340663778833 -0.6516253083125321 -99
-0.899586729956372 -0.8433217944328693 -99
-0.459228918000365 -0.7967861559845861 -99
-1.5687601902535775 -0.5157614444122771 -99
-0.34326352461220466 -0.26373211398085594 -99
-1.0167148645147286 -0.37233726184117444 -99
-0.5078024530723297 -0.4280541851645161 -99
-0.8041406897581158 -0.7537686769934044 -99
-1.3393607507589067 -0.03893332166769525 -99
-0.6950564368279242 -0.3884330613992706 -99
0.04969355907650552 -1.0823079478621747 -99
-0.0942441330203394 -0.6124257601310621 -99
-0.6481047360523267 0.0029118489352768506 -99
-0.3101931331505341 -0.23250219867735922 -99
-0.3301029392162853 -0.7053179294762479 -99
-0.2023177111283232 0.15600300576031856 -99
-0.8258145345281473 -0.45618971415154164 -99
-0.553403613955922 -0.7638769967786629 -99
-0.3365485599141529 -1.0359712364554117 -99
0.28697611689956304 -0.8126389983490867 -99
-0.7182337133889831 0.2886928249227907 -99
-1.6233787901572985 -0.7101344361243349 -99
-1.1021002897868186 -0.7309850453055997 -99
-0.9165495316487391 -0.12878442069222906 -99
-1.2449343206220824 -1.1219921168831366 -99
-0.8091792378951066 -0.3664246101686146 -99
-0.5228987579839597 -0.24944675972485264 -99
0.1036895488886369 -0.5734450454666913 -99
-0.013672615549513267 -0.37197314636877543 -99
0.8276517802159642 -0.4841935682685907 -99
-0.9102490114257851 -0.32445688338965795 -99
-1.5263947868172512 -0.9722481768801181 -99
-0.8494808205562414 -0.06346569276388614 -99
-0.5591276651024639 -0.26602561042634854 -99
-1.5007585008917772 -0.7585275218934839 -99
-0.6884691641253156 -0.4728280409020531 -99
-1.1076829192528521 -0.8170282123443044 -99
-0.2892051309300179 -0.27211817610252886 -99
-0.35569156948175795 -0.20265588675088608 -99
-0.4613640967001231 -0.017459756264575077 -99
-0.7681858806462909 -0.6318881715580638 -99
-0.030633177559760583 -0.3484706851933499 -99
0.1860300769066292 -0.7339092111141365 -99
-0.0058737813134221994 -0.41797166825511844 -99
-0.5970655371796489 -0.02948481855320928 -99
-0.9646910658558596 -0.5621326848893631 -99
0.15235310985347894 -0.7180766526904669 -99
-0.554638468913959 -0.8001651604572615 -99
-1.0475030599765418 -1.1599956548075951 -99
-0.6308949910812487 -0.549429344532971 -99
-0.7215403672069449 -0.8829136357628169 -99
-0.38123991679822566 -0.45240071204206345 -99
-0.7162595669749692 -0.3822645730298859 -99
-0.07185442331625502 -0.07679974098427778 -99
-0.27592849230912186 -0.6009954464044789 -99
-0.2128748631275581 -0.09457907260076048 -99
-1.44227927796919 -0.44940120137456674 -99
-0.8726521763291579 -0.7806762638859137 -99
-0.3563376366386475 -0.37675933960262853 -99
-0.7210503198525657 -0.6539146942598695 -99
-1.4113790571015468 -0.2988727593096634 -99
-1.0340584456743631 -0.6997819505842209 -99
-0.13606087318347093 -0.7095666037402637 -99
-1.10653735038432 -0.12729807122612335 -99
-0.1248438346661267 -0.7837728736828886 -99
-0.6459729766430229 -0.8654644682885237 -99
-0.8638062758694147 -0.7349256094935974 -99
-0.8362718349558751 -1.3042750231870297 -99
-0.8379272756615528 -0.8977765576290988 -99
-0.45311832083920045 -0.8235770881797162 -99
-1.0261699785069158 -0.16144980134592224 -99
-0.5569433772627477 -0.5436601218077701 -99
-0.03922748712777491 -1.1790781506286798 -99
-0.923450842369963 -0.8716819259116111 -99
-1.2262001711612527 -0.9343850923009462 -99
-1.2786648539176841 -0.4743383835793207 -99
-1.2521981906627655 -0.3328351119885564 -99
-0.013929318982812688 -0.9296114512384239 -99
-1.2294125977174861 -1.1510556248231154 -99
-0.4632512201925465 -0.29559660811283983 -99
-0.3528770624651951 -0.5699702299340146 -99
-0.4807677438499631 -0.47728438895663494 -99
-1.3901517053402692 -0.7077935311942891 -99
-1.6914970697145684 -0.3599121853812637 -99
-0.18836390143730952 -1.075360126074985 -99
-1.6161494997922468 -0.5462462171523033 -99
-1.1845014721284652 -0.6099960350388276 -99
-0.4779071507786341 -0.23763188627205523 -99
-0.5866568986014578 -0.9530185470374022 -99
-1.1104060618798837 -0.21239731325275635 -99
-0.45445302203630433 -0.5697791644642258 -99
0.26745260591602893 -0.3846490658044601 -99
0.03411966853038351 -0.3184444694918174 -99
-1.0531726062474913 -0.8602656439610303 -99
-0.6350678890273347 -0.44003566539442573 -99
-0.5902042959280198 -0.8479667704010918 -99
-0.6966397602764705 -0.41798092839299805 -99
-0.8180957400220397 -1.2042626144221522 -99
-0.409061544675712 0.19338377473917134 -99
-0.5485564291294267 -0.9124867674125703 -99
-0.18108926561925998 -0.1643378479154567 -99
0.8642492068320387 -0.6541254484830095 -99
-0.5109095688988425 -0.9326009275553364 -99
0.13690978504043017 -0.8874180951306627 -99
-0.33610008955484183 -0.2171366119987237 -99
-0.7087751457936644 -0.5483899285483478 -99
-0.060589301433136455 -0.39866216873057425 -99
-0.77888415181007 -0.040872641422431855 -99
-0.368499385379188 -0.3836319458008344 -99
-0.1722058107102935 -0.8609471999421459 -99
-1.6367860544589803 -0.014375672817770635 -99
-0.08289677187104694 -0.14635247585983002 -99
-0.3391124669177792 -0.7235710627041012 -99
-0.6688037137322187 -0.5325715040833217 -99
-1.1962391339995904 -0.8543817610977325 -99
-0.652500039863515 -0.40085222781753593 -99
-0.7779645965664095 -0.866756184713763 -99
0.13578461156724764 -0.5717379086779051 -99
-0.7872467121045759 -0.70356571393949 -99
-0.7203028385936197 -1.0275008722258097 -99
0.041174047852504 -0.9601703981906535 -99
-0.6866706075972946 -0.8942563545067266 -99
-0.9090261932603756 -0.9015229985629389 -99
-1.4766442637676587 -0.9138735512016716 -99
-0.16078182377714967 -0.39800450844344937 -99
-0.9683765849473431 -0.22449990585759316 -99
-0.06900605185600739 -0.6969009445336187 -99
0.6794405402016732 0.0910172084891343 -99
-0.4405736843763979 0.2258923259017962 -99
-0.4839509692654733 -0.9070213054117708 -99
-0.5927430474044346 -0.7393756573028174 -99
-0.44829825953763525 -0.9889618627185666 -99
-0.46732088280295514 -0.6084255666995695 -99
-0.5264252301598766 -0.992855033925979 -99
-0.23598378355465144 0.24579680905985946 -99
-0.9291649869406093 -0.3212051046170359 -99
0.30524980832552195 -1.2154567854781586 -99
-0.6041616428148497 0.07064307300864314 -99
-1.1060896434217433 -0.5101196409822606 -99
-1.0289324555304162 -1.0420469885738424 -99
-0.4561085437257546 0.1689591013757532 -99
-0.7073294058107162 -0.46119177274521483 -99
0.22023064096389788 -0.38810496446239284 -99
-0.5621268721628514 -0.8574646912791177 -99
-0.019138786851378597 -0.5217699024657882 -99
-1.0313133409296142 -0.42912147217817953 -99
-1.3591647545955166 -0.6418578872847185 -99
-0.8138889817472403 -0.19753981538700494 -99
-1.0543017290168422 -0.22401659834463672 -99
-0.269200009223292 -0.2428053169635671 -99
0.023689434881566385 -0.15895685723488207 -99
-0.2599377504279179 -0.8963411225467741 -99
-0.03969722026809386 -0.7518640015277089 -99
-0.5259960273606286 -0.6133148273994262 -99
-1.0859534099889032 -0.68426304519358 -99
-0.20426555774698762 -0.22437706877351182 -99
-0.7452335010829394 -1.064255401295208 -99
-0.4771495534159147 0.149187683058992 -99
-1.1344349625521772 -0.31043126554918743 -99
-0.8825708920567337 -0.9196016952471879 -99
-1.7077066537739576 -0.21095472425560047 -99
-1.3078349882771967 -0.5477712737240168 -99
-0.5561230144032994 -1.1174333754061365 -99
-0.742276493471218 -0.2999575371065948 -99
-1.2398426693253093 -0.6630825170776014 -99
0.6216143359525894 -0.4627974854949475 -99
-0.5412400238009347 -0.9076952935362623 -99
-0.4397378051094787 -0.5111363985853998 -99
-0.3078771542656664 -0.27060361581878034 -99
-2.420697146674824 -1.1360171922302786 -99
-0.9656084803589149 -0.3734492046383924 -99
-0.7769735130014901 -0.8620376157207996 -99
-0.5188446812742171 -0.4365569616911955 -99
-0.26782993191915416 -0.29699227740726286 -99
-1.206887384809317 -0.6051961025721777 -99
-0.5030709752062705 0.2327080238303303 -99
-0.7157166900067153 -0.44121698470765836 -99
-1.436131733522629 0.04455509541104874 -99
-0.538319050062368 -0.4196778826398315 -99
-1.6290883106195047 -0.038455281921660145 -99
-1.1557668629461588 -0.10631193012891593 -99
-1.197235916133133 0.03322201037867423 -99
-0.4521671535837637 -0.8565360577333365 -99
-0.5426670775412248 -1.25623572778324 -99
-0.47946561388608977 -1.0180705422693066 -99
-0.5487488729389831 -0.42441390523976885 -99
-0.5494630727932748 -0.5786468068619346 -99
-1.0059647429773033 -0.3221105644531459 -99
-1.3670847519721256 -0.5311025538769112 -99
-0.05714175553694112 -0.37584460475437 -99
-0.4698736492423379 -0.6389852298176653 -99
-0.02668107040963008 -0.39778711029529035 -99
-0.1178523994084486 -0.8591448727181508 -99
-0.4037207380773804 0.06994044202523675 -99
-1.060914008224655 0.04229192481158073 -99
-0.563124363236911 0.001364102678939716 -99
-0.3061951026635761 -0.6357487884726574 -99
-0.1702387830902694 -0.7792581903150637 -99
-0.6958681754591627 -0.2007379194731378 -99
-0.34561930590130885 -0.3362618563321469 -99
-0.7196277051566753 -0.3619000029813648 -99
-0.23256637853863005 -0.537713409573648 -99
-0.12568961388963729 0.16251910326115038 -99
0.0742050751168879 -0.4702832268769157 -99
-0.6736083529101968 -0.09750104384186287 -99
-0.7100045315087691 -0.23629796652095258 -99
-0.573191306564901 -0.4043851198101649 -99
-0.4907653385487176 -0.6757298690183422 -99
-1.025156083383413 -1.010455919537426 -99
-1.113096104425761 -0.31498290541833995 -99
0.6301964521052899 -0.7997910599074647 -99
-0.21333278753648877 -0.7732159490111368 -99
-0.8136458479222561 -1.0821846394462913 -99
-1.3622879869475462 -0.10827680341006563 -99
-1.069192633726125 -0.13901021937493496 -99
-0.09223248474170198 -0.6401011213832533 -99
