-0.6239768232819465 -0.8111795592976243 -0.1080783272024366
-1.1398244277833633 -0.7131974835526833 -0.49266789476767414
-0.3707708816130424 -0.7700348337783698 -0.8364928277227595
-0.5923847490520888 -0.8222596602236294 0.03039033090808907
-0.384804602755656 -0.4645619740809295 -0.2886011487773299
0.05466827276211106 -0.6140316506729633 -0.3765428143646208
0.09031997811775838 -0.49417933414365045 -0.45914666154746797
-0.25859932705256305 -0.4736716796835747 0.07980160538201808
-0.30543104350470074 -0.022740963808603354 -0.19133175878326902
-0.22395831013698597 -0.5689851504235595 -0.36889615436701817
0.019441900304839166 -1.0555346449943421 -0.37816564446931267
-0.30942452498546835 -0.2297481507170822 -0.5040251578529578
-0.423996373311887 0.14442482442763982 -0.09911876887735183
0.6797238924259048 -0.5921609253635207 -0.5343585271504754
-0.9885570575847069 -0.7661374347278223 -0.470494994658484
-0.45511939310366323 -0.1796083855676578 -0.429796546374698
-0.0417926693113273 -0.15290504501587243 -0.5187594213475268
-0.6764832516085768 -0.6096259052288975 -0.5471576000840823
0.13765078252728635 -0.21380376392031586 -0.8349058940561758
0.21305711089840607 -0.03214810809185131 -0.4834207075394463
-0.9790223717947235 0.13875459335780604 -0.5192411733196973
0.16217636788366363 -0.3323141025710754 -0.29642899728978733
-0.5170725074700755 0.10598829269110865 -0.3234220092338944
0.08608595554685117 -0.5300279901441289 -0.11309708201610036
0.06916381838164298 0.08232963401150428 -0.9856416166800575
-0.03617574873276652 -0.49085831117298717 -0.1375553344554934
-0.13896649762578583 -0.8895481580927687 -0.6010067180531475
1.8495402038210251 0.15363847702887234 -0.15245260110269143
0.3567676461663769 -0.5748255702111589 -0.4505142015733288
-0.8111795592976243 -0.3919869494091621 -0.41195550218319177
0.07795288504930831 0.09982853292854621 -1.5426493983821654
0.9313749469079813 -0.22639971231343559 -0.33867096882181613
-0.10631044991633942 -0.20930528047216512 -99
0.03251344183688687 -0.22549148153250975 -99
0.5248789844428661 -0.9666449801032702 -99
0.6100820752614045 -0.08050914421928113 -99
-0.5967230166121702 -0.555054273636431 -99
-0.0057726286264632165 -0.683993333028841 -99
-0.41475220642445265 0.08450400516052348 -99
-0.21576871812401066 -0.03434636015790282 -99
-0.628316023623869 -0.6433136122306955 -99
-0.3675875809661875 -0.16346894024881742 -99
-0.813637734092417 -0.30099400826183675 -99
0.6612944229855788 -0.0653500843347743 -99
-0.5244207358029591 -0.652775144323817 -99
0.40369385494204835 -0.7783089686586511 -99
-0.14318509746112795 0.11936053313545791 -99
-1.0299052070097119 -0.08069191770118245 -99
0.2058061572433516 -0.8853217680329202 -99
0.29136908439314624 -0.2287237890952074 -99
-0.12226924619367807 -0.6355516046217886 -99
0.12826147921856546 -0.06831868770771088 -99
-0.07590503805591808 -0.07890294636139572 -99
0.3030169889606178 -0.11248901044993431 -99
0.08737377322223949 -0.027910346682784137 -99
-0.17987265409128383 -0.845925977234689 -99
-0.06695565426275518 0.047044271325374254 -99
-0.6690532792109227 0.17639904878597257 -99
-0.4950810104314538 -0.07295850885255994 -99
-0.381056804241096 -0.4790977051216867 -99
-0.7168816965458742 -0.897707424042018 -99
-0.480836887444557 -0.15682105576961902 -99
0.25267592447632836 -0.34049909338930284 -99
-0.025638767735745915 -0.586907103240307 -99
-0.6811387125594166 -0.4707774979002384 -99
0.14168747039204987 -0.5344921164199476 -99
0.3515776870114262 -0.3235251355335169 -99
-0.014238972693682683 -0.5123319748364406 -99
0.013187121018699344 -0.6528007620398633 -99
-0.6806433033998829 -0.2949227215289607 -99
-0.397147130011831 -0.1136287487514629 -99
-0.9416089588615364 -0.4708081786796203 -99
-0.14526233696945212 -0.6519132714205824 -99
-0.4213682726835035 -0.7624773124219661 -99
-0.4691062794912959 -0.45245377240474305 -99
0.575550427069544 0.05449661921797677 -99
0.7874386961358812 -0.8074939242034596 -99
0.5090667763357146 0.20425315639073816 -99
-0.19341834957728032 -0.13635042912001794 -99
0.30445597432865945 -0.09064145414080116 -99
-0.35747997024881606 -0.34404703499233236 -99
-0.22182865730373003 -0.08294511758386136 -99
-0.516235022595442 -0.4172994825515399 -99
0.13104682668087797 0.20198704446817572 -99
0.15722325645896795 -0.15045352344827734 -99
-0.3885544953957307 0.1494999324451669 -99
0.7093162217702407 -0.0039843083091408715 -99
0.2591256034658844 0.11202128230352137 -99
-0.9890799557232341 -0.73992433861034 -99
-0.11223176389852618 -0.7255585584816622 -99
0.16911613026639927 -0.4830812588858304 -99
-0.2802816543879434 -0.23623512294265758 -99
0.4911625096996577 -0.7974387392803504 -99
-0.5534101790350334 0.15968079019110526 -99
-1.1078431761161873 -0.28501670313462313 -99
-1.057068556962406 -0.5705102628726717 -99
-0.13534542382770276 -0.43401577916016265 -99
-1.2541522574335957 -0.45517293132960646 -99
-0.10512111654169232 -0.49763876862707335 -99
0.6936132169847031 -0.7934468397545107 -99
-0.7131974835526833 -0.5260931494337342 -99
-1.1611393597534327 -0.31855069351568943 -99
0.06689497757452934 -0.26216478430690415 -99
-1.1312401841623227 -0.24258007321052233 -99
-0.2184062868039156 -0.5952905831068147 -99
-0.5923002665998958 -0.42129960309549475 -99
0.3069070135229168 -0.9678564765140436 -99
-0.34417078282393376 -0.07845900907929249 -99
-0.6784598273635911 0.1699354011814762 -99
-0.4458793472542908 -0.8958331052409569 -99
-0.23488885271423143 -0.014668164432235287 -99
-0.2881979688419616 -0.39946916875014615 -99
0.3617838181151338 -0.2518349812080256 -99
0.17351391357707513 -0.6444563254230733 -99
1.5344014007655673 -0.2700739467116158 -99
0.16805945054406735 -0.6044774224082623 -99
0.10024460595214002 -0.3486274256209505 -99
-0.06522506616153656 -0.6622242703033407 -99
0.08275661326338835 -0.41695901075898156 -99
0.6382629492618381 -0.2673725664571549 -99
-0.6751968736528493 0.0021472733831195967 -99
-0.45849446593108745 -0.4250589989746931 -99
0.009540590014244898 0.647736425093516 -99
-0.26470330979868884 0.04978810941686618 -99
-0.7387516936212162 -0.15373004051582662 -99
-0.46202299069703656 -0.36143703926174986 -99
-0.948040937373209 -0.37833946172821875 -99
-0.10077117194579444 -0.8401738909985959 -99
-1.0022811510281233 -0.4838497260550163 -99
-0.506812968732806 -0.3472802765467087 -99
-1.0408219959890896 -0.21143117793087995 -99
-0.4506255358951474 -0.47485547581423226 -99
-1.6244877032285832 -0.5372579026007127 -99
-0.5702621867622373 -0.2694487377223016 -99
0.03712273183569259 -0.5380106786450405 -99
0.16916388544597538 -0.5474523647437994 -99
-0.4512063779187887 -0.18137022804684655 -99
0.10554208677338472 0.27981034366433377 -99
-0.7767442473926565 -0.17858215629625818 -99
-0.07302922357501096 -0.18451897635336678 -99
0.5080643488695689 -0.1511736841418827 -99
-0.20754508643181246 -0.6093936778622719 -99
-1.0460691121951449 -0.4442537899126222 -99
0.35596328840335545 -0.5322422687502169 -99
-0.9801337083167496 -0.23696932721061437 -99
0.4628138950500169 -0.4196717458917334 -99
1.231958636716115 0.04254974036345871 -99
-0.9179597009769047 -0.19922703680861353 -99
0.002460892746483978 -0.3768895485898476 -99
0.779078507285119 -0.6170172463904091 -99
-0.33089288274467066 -0.4937068794334891 -99
-0.5772085791806862 -0.833523388942556 -99
-0.6537926934228668 -0.09878532110366578 -99
-0.8567614320149008 -0.19456501139103288 -99
-0.9151010966536912 -0.18389946724846418 -99
-0.3846073429554231 -0.7654213613506666 -99
-0.3537754347366793 0.0561887623669719 -99
-1.0416791569844825 -0.5092517385941715 -99
0.13529679380832071 -0.22891444775010683 -99
-0.6197080372971797 -0.6267535017563528 -99
-1.0323162343182588 -0.6752851367846162 -99
-0.6298687619709327 -0.2962311970614291 -99
-0.20882675093526437 -0.35896874365274023 -99
-0.907158432328691 0.08017348041413541 -99
-0.07431746395134198 -0.16532917593251284 -99
-0.5658509583394302 -0.31612632406129393 -99
-0.3125731611993441 -0.4860068102645432 -99
0.3317053230432059 -0.4127242637865951 -99
-0.20138514005099495 -0.4465185949391781 -99
0.4129626062912415 -0.4055207331226782 -99
-0.656323664245166 -0.1506655611414569 -99
-0.41964869550098527 -0.6720603952202477 -99
0.7860734367624502 -0.7133422997235392 -99
0.5690335809317197 0.1755901644541069 -99
-0.005716463661475046 -0.6177761280783063 -99
-0.04837238076144068 0.3303503383788087 -99
-0.06274224277518314 -0.7020603593943218 -99
-2.043713501369357 -0.5720185117894037 -99
-1.2168760056564931 -0.05561194711182793 -99
-0.7520103492170449 -0.3078726873942088 -99
-0.8447350747255697 -0.4758107907637896 -99
-0.6000664293968274 -0.45035448965832536 -99
-0.7706423961863624 -0.6706540502257123 -99
-1.138575719402974 -0.5877418997364234 -99
-1.828574481677844 0.014872630662493336 -99
0.43797642020929395 -0.8528321862120105 -99
-0.3376411787838087 -0.7418639761261616 -99
-0.06015366249252274 -1.2026932639498007 -99
0.26664000801908294 0.06859838063395252 -99
-0.2604170608788472 -0.7442932221207776 -99
-0.3873344606184652 -0.5283270984276864 -99
0.3883645238215756 -0.1257924038759093 -99
-0.18189259343633601 -0.139409333249624 -99
-0.5636817698692127 -0.5674477406474914 -99
-0.120407410293085 0.04319809835030952 -99
0.03143729503851134 -0.31057402881490326 -99
0.6706883170882918 -0.38241406733188654 -99
-0.7700348337783698 -0.5632205371777506 -99
-0.011644941542737541 -0.6765187142299744 -99
0.5917966556859877 -0.9270924565962027 -99
-0.5377840022010432 0.052542027607479724 -99
-0.20447608171060594 -0.5303234798788932 -99
0.46359689916384816 -0.28800983269675307 -99
-0.27920377377027883 0.0016031227352097943 -99
-0.03584458262716872 -0.2679690424356984 -99
-0.10868785064858955 -0.36585177060623053 -99
-0.528995677063671 0.2921359268611159 -99
0.5534591063552394 -0.4728211547852297 -99
-0.3749246861640003 -0.30489986454670515 -99
-0.41514916316332595 -0.5856482224940898 -99
0.08029529022435611 -0.4448196571487326 -99
-0.6158066562787159 -0.8139250567658696 -99
-0.8028576912905798 -0.3405891854904617 -99
-0.41673676257424397 -0.25508973016690817 -99
-0.045060414098069046 -0.6704679833493756 -99
0.6751664873724632 -0.12782629489032438 -99
-0.20049567453465045 -0.847994446541632 -99
-0.6600397290452218 -0.8436469146645713 -99
-0.10064435066028032 -0.23578455282786948 -99
0.23302606927904002 -0.506158182274774 -99
-0.22089999990264708 -0.7575444081213778 -99
-0.17894953759316579 -0.8457043933748079 -99
-0.3694090033183901 0.001577461382018086 -99
-0.35268420326539385 -0.4255914555592337 -99
-0.7357474170863751 -0.6480061233301004 -99
0.0027140670947272127 -0.7394276203297814 -99
-0.30133838632938037 -0.06561422868984579 -99
0.06269985371131348 -0.3461895211150985 -99
-0.3411307498708229 -0.7854609261538741 -99
-0.8036790250866321 -0.43755362691281086 -99
0.21443031141445879 -0.6349891678283868 -99
-0.1757443340202851 -0.699853598478434 -99
0.564578411666071 -0.33217618705126917 -99
0.18067688111753988 0.05474366571318434 -99
-1.2279724097512421 -0.4118296402984374 -99
1.1833287472004042 -0.43756000386142624 -99
-0.28809158908213917 -0.2269678536438704 -99
-0.43207721242242236 -0.9561885030346851 -99
0.045895776293678026 -0.04980877070762979 -99
-0.007919449705942938 -0.7176596463680358 -99
0.2875070503412118 -0.7429678147031318 -99
0.632124659111927 -0.1847906450342851 -99
0.6227273004625058 -0.6525714084312284 -99
-0.7026985616168506 -1.0511848295344066 -99
-1.0227337459564403 -0.7779088015464453 -99
0.0932769541840468 -0.5983689292330503 -99
-0.25973491872353804 -0.7629770084848513 -99
0.18002048744183874 -0.8920221661403875 -99
0.4874915090745624 -0.11883374551198145 -99
0.062368345317501905 -0.8347011580718693 -99
-0.5371204193544035 0.020520433136480776 -99
0.07747666827381394 -0.10719102677753511 -99
0.16525505728331424 -1.0556259481469201 -99
-1.526612572230155 -0.3532516775362815 -99
-0.9083254638188123 -0.12950425686217137 -99
-0.5050967363751528 -0.7146093143083974 -99
-0.7209123730582885 -0.8555042090460798 -99
0.4157708468091865 -0.022135234182050212 -99
0.18734111612148396 -0.5552398657791358 -99
-0.7551275153433998 -0.5035054186769958 -99
-0.8222596602236294 -0.4591221477159717 -99
-0.1540231391596656 -0.35131632842238325 -99
-0.4240485469959001 -0.8951199770279867 -99
-0.25310322121053375 -0.3803039426060213 -99
-0.7328863167956641 -0.1680798304674127 -99
-0.2837332299417863 -0.5047048772166107 -99
-0.42778759528580323 -0.7829656555307238 -99
-0.3771948487102197 -0.6125880385368028 -99
0.1567160666143934 -0.8059216351646921 -99
0.23591948491675652 -0.16759187922268026 -99
0.2602406833775124 -0.8847719693695257 -99
0.3668391988309949 -0.9480837874279615 -99
0.9160373682606906 -0.25446772383880933 -99
-0.07491937909068902 -0.5967916463059417 -99
-0.6136564910644999 -0.2957930331765546 -99
-1.6954105337294365 -0.6036550697632705 -99
