0.13543824637378776 -0.30216796594074413 -0.24909432904036155
0.5374416101801653 -0.012461967692990683 0.2629745641710919
0.8421474975118528 0.5924088451708585 0.4315140669385613
0.5919452777017877 0.1540558206258611 0.861707100318263
0.4799187668189919 0.48184516187821735 -0.34893954296103136
0.8809017323294803 -1.4671648925952852 0.355054138466409
0.4642291018966489 -0.548882652586423 0.7395304614021789
0.8227985354646332 0.5814034326342163 -0.28721641413783683
0.7742378906427128 -0.026885753721543004 -0.036224121579949475
-0.8110855744125098 0.5607153184974827 0.08894618198146986
-0.1095486793152638 0.34848900061272303 -0.16147972052906656
1.117199042799287 0.32865182898095036 0.23278006978018162
1.0714687007789863 0.2555228348248919 -0.36925701117019294
0.763508140324312 0.22572487530009866 -0.0602106473066053
0.17293214787780098 0.510970749338675 0.10000761258837265
0.4592835758699003 0.07831051280779544 0.41371348704998034
0.2503304765583625 0.51079009677981 -0.3104115579349642
0.5394461835139328 -0.06807472586796148 0.7667410065159235
0.39917160386245243 0.7911555617564741 0.6580055411379355
0.19256736672540065 0.8923867850946614 0.3145628085995078
0.4599836621301261 -0.22136558283062513 0.004308369916543597
-0.05239310234900252 1.143580807515736 0.40462736982207304
0.47789061860957993 0.9308764414237576 -0.19322939747230272
0.9224302867217915 0.3546810269509937 0.36272776396015693
0.35490075804712085 0.192572435536273 -0.5450362296489608
0.06754089712339528 -0.9547235624747028 0.8037658572505366
-0.3247204780871815 -0.058678002748350444 0.9084086670321678
1.041532290144957 -0.4263044788111623 -0.5726886836834861
0.40144107369157567 0.9604160597261924 0.9218188923992443
0.7878091756046199 -0.39701976509148995 0.0323528859413198
0.40078728994562063 -0.48492178920754814 -0.08048453046879978
0.15226688744942152 0.2559787222225225 0.22633825448718525
0.5781249590070399 0.12237145014949657 0.5487569592656474
0.0377073731086881 0.5620621927337126 -0.30045035607959214
-0.13725863131977611 -0.5721150135693076 0.01631618660550771
0.012290018047655948 0.352090650697475 -0.8685614511110176
0.6586784071073755 -0.5012503400267807 -0.2179113113266684
0.8467044250259086 -0.27567673771803847 0.4778429682880514
-0.11299394532798246 0.511199712701421 -0.15288153266124382
-0.5196802678553691 -0.13820290617959596 -0.07003539748669851
-0.28616841268206805 -0.2948758301415104 -1.092812369231523
0.0660805893741232 -0.14926225791449976 1.0913904159866359
0.30198765981148945 0.4592692995110301 0.5366306609645317
0.6414406595886142 0.5731783796115444 0.663691639265128
0.6038322939756764 0.2311944093391567 1.0601333607411885
-1.2072856391876519 -0.05731082524452891 0.28986551498809376
-0.022502089116678725 1.180115903021946 0.1734301643993943
-0.1956474148716678 0.49202833530627466 -0.12638074384706321
0.3370491770208268 0.880267874109359 0.10999813053244267
0.038716597457929325 -0.5336633856523312 -0.4920786726019939
0.172707329911578 -0.11084231764415886 -0.33986081956423675
0.29913041039738 -0.5557182559089702 0.14978049366899793
0.9290588935984356 -0.004996889893636336 0.65958748553013
-0.02606273898679845 0.6334870299943756 1.3195715026777979
0.6426790561213913 0.0063585884620511735 0.3110837108068587
-0.20429348393031432 0.7253756526200217 0.025843199336516243
-2.3710898722565235 0.9151410010648533 -0.019152882311337827
-2.295365434627217 0.4271020539297137 0.7268689211430424
-1.797858943925248 1.2357730669915057 0.06230514059900649
-1.13283271691689 0.4817340191181998 0.48069737131790546
-0.5938646999017818 0.2854867039229205 -0.38975481320066674
0.4940990709687547 -0.7591980356287866 0.27207986606804013
-1.6853305979502125 0.19705000963460062 -0.6595202251930132
0.9398286563433853 0.25738479708170736 -0.05744578248384169
0.6026682067485147 -0.9006382435528861 -0.3217116613668045
0.010297645329510274 0.0692979920340342 -0.14705802280099523
-0.29579260852506195 0.3840927095493747 -0.27551258916827237
0.5017947726983305 -0.0959485496163417 -0.07285436899356945
-0.3633530837333714 -0.28494922859399985 0.2510894139780664
0.4068132014369148 0.5754094723524101 0.025460253681355738
1.016201440143421 0.8209005745125726 -0.09155873450043472
0.8188411757972283 -0.20005066867561094 0.19290885502552335
-1.9346380626888227 0.38187525700706715 -0.482773584819407
0.565629887597046 -0.663956047497452 -0.33737455689421747
0.028064311149925913 0.5545803349025746 0.47640964557852605
-0.3646859142101171 -0.5791841250696166 0.7117615645966193
0.4513856491459176 0.3195642996741954 -0.3823319308854858
-0.5412338453411634 0.2593233131759183 -0.13418293892305044
-0.3128779430226727 -0.21789384426178682 0.11219656901168928
0.5884261785019813 -0.04034529777216633 -0.5018913175889823
0.22041231771185643 1.3020424314747512 0.5781221343220686
-0.5885824871240288 0.1312433412755425 0.11721468288027292
0.5296939707435229 -0.49928842718159494 -0.19260767727655637
1.3396363467372367 0.5961391919193595 0.04933898215396493
0.6196889840533224 0.49416764966548143 -0.07959116723566062
-0.5588196618198555 0.04522825368268002 -1.0264698433001724
-0.31062522856790675 0.4022188431839382 -0.09147069855706036
-0.6019996734076329 1.6450107265457508 0.17669604629985258
1.3194834509485194 0.5854177324882013 0.6049003161037181
0.3283195029066839 -0.48320981910426486 0.20152229335697314
1.0619308733392039 -0.9689801075367361 -0.23870123964513823
-1.9121884301118417 -0.10336131605724486 0.5008628913206365
-0.009621639164415718 -0.10478207303468423 0.43618735837287836
0.5280406501767541 1.3343666406084118 -0.0050738785387167695
-1.7246788846321683 0.4364441514790087 0.09900187549492223
0.2404647762441492 0.6046785274146913 0.27911139367691185
0.28890545372623055 0.016259949265309714 0.5509960861019927
0.11036400704012905 0.16031144051596158 -0.3663357963723284
0.6201101479715314 0.05547378546866888 -0.880744461721469
-0.05538505475267019 1.015554351491133 0.6301220245046633
0.2852669754408428 0.3772675966622625 0.4280417677503223
-0.5920427474434886 0.010900497294564104 0.24383154924432127
-0.2685525549721026 -0.3814736473580229 0.9108621087261426
0.37830418791781284 -0.6578345118584927 0.6220637579481867
-0.804191411958401 0.4954681632507434 0.46631018000894287
0.11701094488704289 0.9730490749885483 0.6273836887905055
-1.1855473212873902 1.3563713185109219 -0.1686610479040329
0.3710924037614802 0.012497362090492459 1.379461908912285
0.5785278764784092 0.3657310253687376 -0.06189057941700504
-1.317280775930616 1.167092342242137 0.4201248876313812
-0.3583539358599337 0.6589637421522934 0.06455055475139204
-0.2085771317261269 -0.34513315657450594 0.31466104143620477
-1.1438729642003045 0.8651821840077947 -0.4047636265104737
0.13801308072135132 0.03455765199939975 0.6557461405627905
-1.4099407841237017 0.7568835329883807 -0.6383403041456948
-0.66837531239221 0.7726022307583733 0.908383951483426
-1.152168046734924 -0.05425334022214923 -0.4094712406848071
0.196581240884508 1.284056251164106 0.6609372203043957
0.15510368299607702 0.13027447646441193 0.4626496693219142
-0.2536292844382553 0.5269914090919947 0.9055022533583514
-0.008865819112765294 0.45401738972769934 -0.008701564403733819
-1.1907767618159113 0.5949407431234635 0.577286271421281
0.6242180391798255 -0.1364728001464437 0.1567344249914786
-0.3693587597657775 -0.331288926848714 0.028481645035803638
-0.29286216954052424 -0.013029173116212434 1.5051712593989564
0.7562962854564717 0.4797114046440747 0.5991556144756505
0.9943095619352107 -0.38212953011118334 0.5110049107873955
0.8400878906714411 0.24255671188447891 0.36906085482778206
0.7912987431759007 0.13387157358851098 -0.7228975802093549
0.4296127704697401 -0.10415794814917145 -0.4280256631769017
1.2081110539081905 0.5521626168315805 0.2246891248896361
0.45835316306492047 0.37202284991320944 1.8048026337869132
-0.406585282375552 -0.09449821118498836 0.42082624719070516
-0.5782187051231791 -0.0543165385464075 -0.032233003378838276
-0.062150748396353706 -0.48229779190498245 0.9044950385143746
0.8561533524058138 -0.06895071813604048 0.34268794228363664
0.6004471011035655 0.29012386744503793 0.5579657377060219
0.9097634802476211 -0.47715986749669614 0.8691072928628802
-0.6266185683504579 0.2093235046562283 -1.3352611862678145
0.8793300645423052 0.20329253908114175 0.7287361489653144
0.7437915831836648 0.16668983046596075 -0.6044413674652889
-0.00032991475031352024 0.2907270060668985 -0.39563589702244784
-0.33434256176322474 0.11735091424654165 0.9864009066068729
0.8309131321710836 0.3039848965426053 0.950807360267552
0.9677713865139559 0.0837496659412924 -0.3129096613461755
0.09034455598343172 0.8255146268848392 0.7034414580373625
0.7575001937683083 -0.6405648564162725 -0.3133157702698286
0.6981881654815201 0.7027203378895654 0.6908405578650356
0.807121981399133 0.20552980434493318 -0.5231075330918964
-0.5087469806953626 0.8912769436163277 0.5169476328457598
-0.009500418167498026 0.1716264705573245 0.4382020582263948
-1.6242653497516644 0.3207800262094356 0.14513206066220263
-0.24542405624864028 0.48957903915686884 -1.7091858719128457
-1.2121317805615162 0.596202483003319 0.6367744872385117
-0.44989514080028403 0.6300571804744575 0.06686666036232403
-0.03460907243067357 -0.02205580354664516 -0.46535477745273646
0.5069369136693389 -0.07539842381110606 0.7844880062421371
-0.2476226002624955 0.3254287290838267 -0.12362720508880365
-0.27841693155733704 0.17151725989461752 -0.5518354025765939
0.6562899622215923 -0.6653841438063326 -0.2601437330044476
0.519756453971917 -0.3514815809693381 1.4228302227355893
-1.6672740508701214 0.28074311017069853 0.02404133876107295
0.7949592947696402 0.28236583958642303 -0.4376918904957261
-0.6329441761265064 0.7770374960684183 0.9418184875279554
0.7915229705520357 0.9036038206135721 -0.5995938679765134
0.7043979544355317 0.4625125996760886 0.08283343027649082
0.5354631421721674 -0.22940865827607926 -0.9356917613218005
0.09207454987764052 0.2234178377077427 -0.903742110968933
0.2726223330714932 0.7061837123586763 0.38234913195823594
0.6894142159905101 -0.08635273917778807 1.0298568223217845
0.7856467175135862 0.3164442077694112 0.1369066621395456
-0.2226302467780359 0.9527241502083488 -1.3050543907081362
-0.825331706504544 -0.2635144465818948 0.11794470313138561
-0.32884659916733305 -0.6658711074635031 0.13958654645697077
0.8739188471592119 -0.823978824173949 0.2122056471100624
-0.4569823712739147 -0.30788229114117716 0.5578285754676422
-0.5042891332954511 -0.6498770346666687 -0.6084266050678355
-1.3657883390387644 0.11242881390176063 0.56383943207579
-0.6442679956272936 -0.04600812300726176 -0.2297147398485011
0.5492022000253378 0.0901978424211487 1.6514033729333324
0.6834826442180368 0.02387326509288723 -0.44079799550550103
-0.3529208692957404 -0.19883973346587958 -0.059631526992331985
-0.08419886065069626 -0.24851034841940667 -0.2329536844081197
1.2756345049941782 -0.24237399470233356 0.35069252540583484
-1.6144804223470244 -0.40503575363767474 -0.03548877884614132
0.21365699513435388 0.3485969456604039 0.0383379322178925
0.9921488578913404 0.2537654438655448 -1.3086496434078319
1.4151069202414739 -0.3461828496081587 0.01979638176248777
-0.10494924375097625 0.19981211134977173 0.45319925224137414
0.06681952145109626 0.13205646001948868 0.46358957268889256
0.15159417446912116 0.6270721347078219 0.6176206818643717
0.4413091170376484 0.8696703305676969 0.05522206162660215
0.7713278063582241 -0.46915439790021907 -0.20027229591704998
-0.4345983914578735 1.0372971052705182 -0.09495761637144007
0.5766037675995701 -0.40607340380957524 0.08098004499917622
-1.0354653627810055 0.18423552778641206 0.08028259730244436
1.0284768815987206 -0.31051177212214576 -1.1203339837898696
-0.20355728367437642 0.2487311450406562 -0.1629084549897577
-0.9060404434909115 1.050262856257664 -1.0264379322087596
-0.5131692192511288 -0.33563771646652896 0.6025959407624288
0.06446220640400213 -0.584743252499206 0.347246355395205
0.36085848265017617 0.7494469734392215 -0.23087125545581522
-0.9406810389800508 1.2434147776099636 0.5383403022829434
0.7994352513213148 0.663193670033575 0.2609804785796257
-0.021954808331873465 -0.15333877131783957 0.6010483258881951
0.6756429002132194 1.0044819631203996 -0.6671878195363776
-0.21060693231612682 0.28979566057240014 0.1911116588843207
0.316635828434924 0.3458959447217218 -0.2629846594271701
-1.0280030971193828 0.014850287408211926 -0.25309713740560813
0.23084342374683686 0.13982093991345756 0.5881793282469037
-0.1326148690401121 0.1430133929401558 0.08003971756334494
0.8767029311514847 0.24648409010121775 -0.917519996337111
-0.5625942959356394 -0.3060285463891752 0.7039453675839304
-0.9226339321030101 -0.03472871004140288 0.5605100266934784
0.6925382558900219 -0.760626713370069 -1.2110977336490958
-1.229551688452859 -0.2649185748347289 0.18003165329925253
-1.2409852783800632 0.10941841243902317 -0.009056074009695436
0.1092089388284343 0.8948959003255901 -0.17721730817872583
-0.5268118915859201 0.32567004074496886 0.6094542868300881
-0.7225129730876914 1.2112602344773844 0.33619791356129625
-0.4667957314130735 0.3846271724754917 0.0664067051501025
-0.29580566070870873 0.43738910419095234 0.0448448980000693
0.4033515820634479 0.4895121736588166 0.008925309067194576
-2.217987668058468 0.7192212484954279 -0.46080327673693233
-0.4509891370738792 0.6773754236660192 -0.7799426258587454
-0.17213149121226756 0.024868500756987544 0.26152828149892215
-0.5519551436171151 1.1165649740321886 -0.40278948273934034
0.2969967318574742 0.3049368260587393 -0.013821342349348953
1.2012846708736813 0.13853449547147267 -1.0735153894443048
-0.0655315518605164 -0.3687983571999105 0.43148792049661466
-1.0341044893164124 0.43153761101268806 -0.4732312356659252
-0.4549764028349381 -0.45632484437744747 0.2509142194498519
-1.3991016717364628 0.07132090557124737 0.4347415827646621
-0.48930323902573036 -0.1103299768995436 -0.32070397554979824
0.8937894212784308 0.4703240146061063 0.04332357186353075
1.0876782219817542 0.4410195492948681 0.04597703251406671
0.12437501006937968 -0.18057906177617156 -0.04769288361031787
-0.41101590441691194 0.35845812187280224 0.0209443032320209
0.4394407467698125 -0.15039619306952456 -0.3976702694103533
-0.6204065132420968 -0.6495316857863234 0.5636504060733003
-0.2413052181717017 0.30420932491300334 0.702401008350197
0.1603220525021598 0.3433103153998811 0.11693267989218192
-1.5853199421891446 0.7823043357441559 -0.38659250765214814
-0.4383999725578125 -0.5626600900371939 0.8302505974007381
-0.07839947887374876 0.06001846581516013 -0.4882577613685575
-0.7614127462750346 -0.3524346947469503 -0.17882778913240127
-0.18071311417073765 0.7732361827811918 0.28162581925112473
0.3023413245260276 -0.22046276163535428 0.7024282907744048
0.0168564161213709 -0.16824070882742248 0.75870335816394
0.08230728320355585 0.2284376896425897 -0.3152062185779716
0.023455758521535586 0.3336279568286109 0.0681009239637067
0.6986462400441322 0.972522520416204 0.6218498729978137
1.1046315799857886 -0.5097746481347434 0.100134627386117
0.020561784222433488 -0.3178043867032896 0.7747304279521661
0.6662228569676589 -0.06032243335907417 0.330139728909689
1.4139629624563295 -0.4811932590923327 0.42586219328926234
0.2837572365512848 -0.09310370260030698 0.8077449280056737
0.6675569130998813 0.05764683111155833 0.8078066988553676
1.0754746874356638 -0.10499541501278742 0.3129257123427571
0.9992035669913548 -0.5267564391326536 0.36859896863237296
0.21590658525513895 -0.09576669150750838 -0.6018067512290335
-0.266841325509402 -0.2974239732795567 0.30383891289675535
0.18771687380594138 -0.02588235222726798 0.45227146962764664
0.3963389353621505 0.741075184163476 -0.010474903334849017
0.3185623773044437 0.1970652458456108 0.36807237378552315
0.3729806905590607 0.31851365511635166 0.5348188439932695
0.8292691841982975 -0.6454470146032305 0.16720559719630224
0.33374455398993064 -0.10537458845260517 0.14275956392231137
0.3994316056815794 0.41072536433329887 -0.3097641791811423
0.47859213837524806 -0.474520341127465 1.7295998802814498
0.12093392297453498 -0.11765507375611506 -0.5149856358396256
0.2927853487354586 1.2189058352692435 -0.7985405845966724
0.6871538618767303 0.2371049461351129 0.23339824846537027
-0.5566550588562809 -0.02135118322068763 -0.7757930762207605
0.8049374751702167 0.8172222642961025 0.16716843437076356
0.32185906861875324 1.2057956181042755 0.6452819542053465
0.4875229826577847 -0.3787945162266162 0.8227220898692096
0.13400662017877174 0.8653086160338255 0.3866056858291085
0.019731303462647176 0.6908362950805058 0.11907047607433086
-0.6210597171134893 0.47553395006596055 0.39178616643734543
0.3449506544992893 -0.089312867966167 0.39087188027055575
0.0774620855646937 0.06622712558941579 -0.3776739144686738
0.9807817761176434 -0.2258303614533803 0.4583979406104115
0.36082770346206594 -0.6908432240457429 -0.13229170553940417
0.5871671932686553 0.6724301059546853 -0.22182556045668012
0.2819754765794231 -0.05035684704410581 -0.781834291979429
-2.1255597866606797 0.5478762354855107 0.32865639269656377
0.052019953468176894 -0.0111531695490239 0.8782253460867668
-0.20745946238177737 0.10304035114813903 -0.13070532260509182
-0.05118649865378799 0.08920662327752105 0.13976055361183448
-0.07434823372423338 0.39293604175083807 0.26889360356110537
-0.0646774994283188 0.890881459833393 1.1640754808912543
0.5731703080189146 0.0670228990205457 -0.37301685832596654
0.4819826499516946 0.20588350735248628 0.46536272824776326
-0.32294648345988985 0.44026939101828155 1.6627716145595066
0.21847717970249292 0.2024053336742293 0.8769530732918733
-0.22222025551612656 0.875413802926845 -0.007900694059877367
0.09941900417372374 0.4232581032330458 -0.1754988449479331
0.7566432818903621 -0.626459640156849 -0.4672010060302405
0.18763618557120143 0.598894097977178 0.059535022888030475
0.4240270124291978 0.17087657666829248 0.31394000920794873
0.5095705202909038 0.6175181022894378 -0.729041442710435
0.2426040395380813 -1.3625761677159494 -0.9688896693374689
0.6713602847980678 0.2199236566683922 1.1244356166395981
0.31147563359721975 0.06930628780432002 0.44263326177672724
0.36535106871342116 -0.09504477661458122 -0.05411254489070938
-0.09743254805060886 0.07514849362570608 -0.3431316185810722
0.43340936909687855 0.3083869707732987 0.29866812617861527
0.014314383617901605 0.7053114406720571 -1.023399333714793
0.8228033583683647 0.0563065018171125 -0.14771454000557682
-0.27917122608381106 0.015562177671989197 -0.30118231851024646
-0.027355614385753846 -0.3469301359130057 1.509395518938815
0.7222371904949334 0.8835260446662332 0.20400016654610198
0.5188139691728058 -0.4537527228898979 -0.033271664415442714
0.03810870892441631 -0.19645494240366368 -0.05609317160850491
-0.12151568602783946 0.14703037902758087 -0.37964951189184326
-0.2846412971651642 0.08704755746171777 0.6000298431843873
-0.44442537566209506 0.7059307905451906 0.4468762957406245
0.3462954762900079 -0.0002948574383108138 -0.12776404905542904
0.4644513759065596 0.5477452339577162 0.5856249698319553
-0.261687849636159 0.7807303799979177 0.6185630479072959
0.31825571890771087 0.3100956344790422 0.9997724599234861
0.5067875039813758 0.16222418289941665 -0.3253786072004452
-0.08657198796007037 -0.046316284810894004 -0.21933400635519185
0.677569517977572 -0.05009017591722209 -0.09034166430013357
0.14197398661406435 0.36711488600969844 0.02861119090234876
0.43057353324400616 0.7448775761844804 0.39511789701677813
-0.09888587797664172 -0.40514589064722983 0.014258198404083267
0.36697933459631926 0.6871824091103971 1.083969216594614
-1.5816796875623185 0.7552717636421225 0.7481701401090977
-0.3062250741620316 1.1464081025435604 0.6004034686186142
-0.681628691496674 0.5381977571787733 0.09082371561103919
-0.07271666711724745 0.027040981587588497 0.4382734689701824
0.2910619143866029 0.7113885290121722 -0.02704370082004104
1.1595578251715786 -0.6883590169020284 0.8012657319406049
-0.30942129230666016 0.24624562860077326 0.1809378437091791
-0.19401255541078832 0.23089213250722018 0.4390729062526262
-0.6840379730024306 -0.5171654279283011 -0.3023412056752397
-1.3818810307440552 -0.5816357724946419 0.18316106051784597
-0.35467657703860134 0.03958156963636661 0.07853200942181626
-0.7315560104181555 0.44126871180964056 -0.1860591115180128
0.9002181340659181 -0.5939289790404212 -0.5232130652272389
-0.3631548625637482 0.2952640357934584 0.3775433618398676
0.35239301180433635 0.46701954264363366 0.7345234558178646
-0.3653283156121683 -0.659013878339227 0.10933167484373207
-0.7540247057150262 0.5976784840900713 0.40559624541451456
-0.5228699203891782 0.869733767054516 0.29621542224201924
0.13007405877955502 0.025490904148369964 0.5297978680721407
-0.26191095885481896 0.07294694182783434 -0.4771724013213561
-0.02477384308054109 -0.25701936299442885 0.37779671634939227
-1.957055943085238 0.208575965812539 0.329792211808158
0.613319865878422 0.3707261832369326 1.090571206478538
0.3391430973899805 -0.16627352018147867 0.015615019728567603
-0.4957424252805147 0.9400896615041692 -0.33166360039260656
-0.5765622941241624 0.5710146811099506 -0.4822555601893015
-1.3047319716910168 0.399795303858383 -0.054593475388190704
-0.36436824298238246 1.1770611232447816 1.0472183232542047
-0.6284603920751488 0.3575159128367158 -0.30288819885490526
-1.8488782358961213 -0.4836168569767967 -0.06533863593658218
0.4729098780536436 0.38057350676625035 0.21843890466262472
-0.04266043238582373 0.5003061712525101 -0.47641358708865145
-1.5191120551670032 0.16494425565730353 0.7066097780774925
-0.9016570075155093 0.9171121808550389 0.3550679959395211
-0.12716487244029562 0.38411868435895613 0.09013340470376452
-1.2817950305941137 -0.09794856040674471 -0.03000936671452692
-0.5238804003645345 -0.02030420131234223 0.38909246228293526
-0.5724659508654231 -0.5101086031380246 0.2939107087518593
-0.8386359411287998 -0.06129620086397125 0.8831367244284642
-0.2713673100012155 -0.021178704058955944 -0.011108256186672882
-0.8033671632712887 0.02476823428118813 0.4612306311697587
0.1607783757983796 1.1751163839209138 -0.1774953333954965
0.441581890541503 0.6921363973423897 0.3563766786400322
-0.009384778337028443 0.06392831413288302 0.6514568490247807
0.5336588207927448 -0.5863612720282987 -0.26888233121005545
-0.2034158232016594 0.25234046328256543 0.6952592820775223
-0.24106646435318524 0.027949834766431536 -0.1406066155642378
0.5745095669515647 0.6263689468519207 0.45663228357841135
0.5983361097985771 -0.5294361235687965 -0.48580934973381584
1.1414580515040011 0.9580745922904423 0.31263286415178015
-0.20196647732174888 1.6819119189340004 0.5073400029562114
-0.11236931566332409 0.31752067844987497 0.7571044656060693
0.414876707694944 0.28503435597678717 -0.9194016849382614
-1.6591279078373464 -0.15099908642045 0.34991480518139007
1.1333364427415464 0.07704064071144856 -0.10354495985410317
0.5049541487114251 0.31337874914969 -0.2301723969754983
-0.30216796594074413 -0.15315166452764473 0.3951147523095422
0.7876020159218662 -0.5216143817266214 0.13425684592285947
-0.006723658189198289 -0.10379562690941402 0.40233855973241184
0.3463969032001337 -0.04755569611875288 0.35923229408974056
0.5698013335427454 0.1008336050965335 0.8007287007365864
0.014915077893480344 -0.07628065377723381 0.8228498996980083
-0.25200573089166944 0.15434409956827722 0.06398242724735503
0.9210007158048654 0.03942084455895678 0.5470412055402978
0.06210078477989711 -0.23660271173300806 0.13953666109463292
0.7028800189294024 0.7632884127338126 -0.013251059428968759
0.7273248177451315 -0.20328330403461603 -0.047967140455461355
-2.414066901621368 0.9767032933622861 0.9067304062761252
0.8985527622478777 0.1862465456268616 0.7402524185862074
-0.5663101840917619 0.0999736480738278 -0.09590254387716168
0.2084735253327743 -0.27713255599272024 -0.5358056404531624
0.41528816857110584 -0.07290042548807207 0.4802427939074523
0.22056842196992577 0.3136505589220402 0.4256969144009055
0.3856442385791432 0.9123728313058699 0.08847193019709465
0.589363237748854 0.1810389867932818 -0.48472420145860706
0.8036052744787572 1.257545378469393 0.6422225254134268
0.2670190367376586 0.439217725937203 0.21582443528203932
-0.10821549563673916 0.4114387220760225 -0.40008578093571057
0.16642238790164043 -0.002203981980861691 0.07679069676260042
-0.4466937333151506 -0.16226477043649012 0.5429094698656574
0.23231223685244906 -0.8452630736009752 -0.0417695932770048
0.32312392171421145 0.4657363031272652 0.3587808892546498
0.9276044800899186 0.29710705292379913 -0.0841632812091877
0.34360080338591814 0.4138582211452775 -0.4731145206964076
-0.11529506566275316 0.11625572194033218 -0.5396816629191292
0.43937821327750903 0.47208141624975397 -0.5540761638703238
0.012773008936074248 0.6455653285791474 -0.4895372208795141
0.26023289162197294 -0.7580004767507091 0.6542998581691748
0.35011976522298127 -0.2813254346099274 -0.10073722254606565
-0.2517250362896135 -0.09038634334036377 0.42662437746456305
0.1693206592225316 0.7909567824827146 0.9640233430725864
0.22805360552873477 0.14301554453498433 0.2897719861444319
-3.1162446252317544 0.2586705687731232 0.333262572022198
0.3232502948313485 0.3861367018177617 1.2231033254987356
0.3911191645300729 0.7161491854839976 0.1393807277718082
-0.5776659862839555 1.5867784365969175 0.14201534691960305
-0.4182025162743539 0.04632049492248136 -0.14366842546375302
0.8319440423134488 -0.49206353533819946 0.5836663999688891
0.3856876046432145 0.9553720095050213 -1.4783985973107008
0.2731823820553716 1.039557270495564 0.6958988316431434
-0.7803416619414545 0.34431690554662886 0.7905987434489425
0.6975747980019795 -0.5946395546638383 -0.00755391367611935
-1.3804985466188366 0.594579848044285 1.0665323811935288
0.4831368799225215 1.0381429687126964 0.7629606088034144
0.2848922221503436 0.3419014675967409 -0.02613650968631198
-0.277286935866611 -0.6031476445291508 0.5082684397007693
-0.011399325954763562 -0.22344188152636235 -0.6202262621135111
1.5351535920067434 -1.1577241196585062 -0.4509431214953148
0.9431020739824909 0.32689150087528596 0.48888310584597505
0.3808447496909668 -1.1157175477435928 0.03706819466042788
-0.5930150334915476 -0.11982038625918179 -0.5448568159853995
1.3762784864316284 0.6125877628927174 -0.09962688400406261
0.5341584378005235 0.616485417572445 -0.6266265181905055
0.5442915656901652 0.24594493983217092 0.7915281284501461
0.9883260771480273 0.894055386327997 -0.11148042262315805
0.5419125330902972 0.4257328569978718 -0.16149432175739964
0.7019670444980619 0.6638095449495864 -0.2334659185731427
0.35973399993578603 0.6675974591577951 0.12946164672510996
0.12293114458620291 -0.17138195504792986 0.6639453049071697
-0.45836929720617103 0.3446218307696949 0.9306823527374597
0.8494179731940612 1.0774828406370265 -0.01600051668625646
0.5346819820232884 -0.008389200498531757 -0.6148346318708091
0.43363201117008376 -0.06864646209634095 0.6018005102846118
-0.6737887381052179 -0.7229541133897204 -0.5683027625671411
-0.6526853826024386 -0.06644622783289655 0.308115347417397
-0.2664086178312033 0.9313653006256608 0.04478137122276493
-0.12967829802349762 1.1022517859315961 -0.6354284080563835
-0.656416739899143 0.20072834269851914 0.4033724062107513
0.12002557662002467 0.16922120103402616 -0.04762916375580595
0.07283478230255369 0.769133189232388 -0.17721698372173567
-0.062314262197251225 0.45425312713549637 -0.48274246853230096
0.7346436606953013 0.6914940879991196 0.6339472284009844
-0.9595947105808662 0.14923550779445094 1.1786286954073688
0.1881709025200049 -0.33569822112498304 0.6074725289231342
-0.15140209206440414 -0.8229970471221701 0.5510315514356279
0.3744065338790561 0.43252100930242765 0.07902877803822062
-1.1160867362733757 -0.5080307197347089 0.5436834687218166
-0.2401224146840839 -0.11714820673763437 -0.6457323777857242
-0.3972791192863596 0.7846006965481056 0.3520002682449377
-0.5933889448831318 -0.45577097755150575 0.033102159509239115
-0.26077451290976406 0.3348020396930673 -0.3072220700943573
-0.3379282796847818 0.2824313850718472 -0.3389573978106828
-0.1459615919867412 -0.06644778876439794 0.14631250453001066
-0.42988100271083063 0.26669992251925834 0.2610304636020695
-0.16506338255257536 -0.8100748688875434 0.2758092551764424
-0.03967962771557598 0.794227192812512 1.0531733823301348
-0.6599018400462011 0.27991375029751 0.4246657798455544
-0.4963124560324106 -0.32494595455724706 -0.6126268297548023
0.21250934335795701 0.8224326088434086 -0.32605316575315957
0.15955096420873183 0.657109105185107 1.1937415730104437
0.5863113985928177 -0.2131233212674566 0.4395715548286141
1.390009487271735 0.7213035995046209 0.17654052811304233
0.5908584138500679 0.010625259980889368 0.4053272083550663
0.7033928200736348 -0.7245880490516559 0.6195212207445842
0.9804618680387822 -1.2348218928676555 0.6820756353899959
1.1757893041671625 0.21264956685399028 0.7955917285793523
-0.24614365663128268 -1.0917450178640768 0.08204741153284978
0.6890159920557064 -0.4122101649669023 1.0413749385875501
0.8838893839885333 0.7254139724039934 0.6911850472364804
0.39884501271878925 0.16793355084101425 -0.018632534693139746
0.5686109469420852 -0.25561089916477364 -0.42234197880178037
0.2507937316248121 -0.12347157513815432 0.7107879214447372
0.3661282282496199 0.40453658465596476 0.12252512497032342
-1.8943285787137407 1.1272716557255755 0.9694468262712554
0.4855451597588871 0.12554116050342223 0.18748929089144895
-0.10936103693068411 0.15694836122176525 0.87795956536762
-2.0844018537590916 0.14924334321722377 -0.14401227104287173
0.15246329286046745 -0.08763013545648324 0.45615730050393477
0.5253977884213121 0.41573030766594776 -0.8165021871797098
0.06583401793710753 0.2652233145454108 0.337680540189897
0.07614194656961004 0.33462139051373185 -0.18739804220627043
-2.1649429072156643 0.02804801831427195 0.975792653494068
-0.26613104811543753 0.11278740291423706 0.24239717421048823
-0.012461967692990683 0.2370172518553364 0.23061494296713647
-0.5804254190559464 0.033470238249392104 0.621848574152903
0.4177641419211495 -0.1016599241131475 0.44401145464519765
-2.089840071372196 -0.9890540414145139 0.7604088436074505
-0.008403163457329832 0.92380027122638 0.010396198604166074
1.018317392771026 0.5192077622551992 0.27339392900769166
0.009059638488698951 0.3409571007632186 0.21598286406350287
-0.22087359094398185 -0.3406640323800394 -0.2638314200899643
1.002010226495166 -0.05759841438074087 -0.13140203806610096
0.14893383203823607 0.11179812517790921 0.9317463572726208
0.9589678244068143 0.80092076945051 1.1004579406711539
0.3269599529845557 0.8679327214146824 0.2749929993604212
-0.2087980928597073 0.19451510313545306 0.36726256080388886
0.10004768047434709 0.21612283244826358 -0.6499043610491126
-0.13540557752640048 0.12056492779154482 -0.0054594793574285205
0.2629519097999342 -0.2477612855448763 0.9586424420855444
0.5527137755503393 0.3381017593884881 -0.35631358498112853
0.4704203051327447 0.4373182697683582 -0.0800723163374073
-0.17601060546400404 0.1354588668054486 0.12048868057676465
0.13914962799144703 1.0566416794925075 0.13839854755427972
0.04424986637826578 0.2678211409810345 0.40895667272353364
0.6106554079853037 -0.334032471301418 0.06951011188418477
0.32521585259865127 0.06789578652277406 0.5859660124979467
-0.7751162637632474 0.3992346473963062 0.06517373828819206
1.1747745652387431 0.6433797434651272 -0.4621909078006583
-0.5218951043990021 0.09129124084978546 0.2446881764120512
-0.23637218069526167 0.39157238067048006 1.2642100596050607
-0.18747052524710295 0.4385375365553408 0.8967169292060255
-1.777481549450874 0.14757505986726915 -0.6520760306210107
0.4913264121389904 -0.4126933493442202 -0.23129795752339533
0.5970536443052463 0.005164125226947647 1.1905588176008415
0.15712281754672563 0.5002506899429005 0.30979006089926564
0.3491345555299672 0.13075194980198113 0.640359895647812
-1.040897642067046 0.17106431645052744 0.10877569418985011
0.03325924323727314 0.23927777795711158 0.6421704365335117
0.6570548214759686 -0.40263542239422545 0.6302221345393111
-0.0009448392290023477 0.29791496162862785 0.03527118642566229
0.4524030037357605 1.3104423251093529 0.5492636271865159
0.5831782480712313 0.1413412061841992 0.8258997903686307
-0.5622011167576089 0.7296525414729214 0.42537876112235473
-0.19996366139258548 0.43377880683860504 0.773274206631017
0.9483807933609985 0.31604179777291463 -0.5657490258757623
-1.5321803578996098 0.14231995021581412 -0.029810380328179065
0.049827042710393954 0.6254413408443735 0.11784696194207278
-0.5179023985602251 0.29640501594035307 0.4504880367193138
0.4912472217721682 0.9586883801038191 0.5618006854808124
-0.7669786140452901 -0.16231519746608836 -0.22593401174229655
-0.20043052367629777 0.2954549526655921 0.6032478564041828
0.503999589463958 0.2515019709395965 -0.2611730992486141
-0.5855978044622931 0.6874793826961572 0.7333118294346868
-1.1794000539378606 0.09849349749939229 0.521331914015386
0.11216517032728746 0.23314732901543422 0.38511296846102105
-0.44055602556601414 -0.1536456949701419 1.0173047283351444
-0.9369121577424986 -0.7116192588554568 -0.8503854982965775
-0.9693834101220418 -0.23216629477248407 -0.04644975422560815
0.03172269494549429 -0.41075549038839476 0.07343000718734771
-0.26737617807852043 0.03361686726887214 0.37254449152806224
-0.6453057124435144 -0.9717995485102531 0.11502636176879655
-0.7078881107992316 -0.5736173551732282 0.4458620724630684
0.18535810462185331 -0.20512869329691075 -0.03857645913256569
0.6724021006455096 -0.3931930763559164 0.4184989207540877
-1.2905446904808553 0.15873619643084602 -0.2181553374051699
0.9834849064009301 1.131287573042366 0.7456714193021075
-1.3197130596960038 0.08895435283548991 0.870757204350717
0.07925655625582007 0.24639933921489998 1.4235386979589748
0.8488222041683002 0.20443543686302768 0.33162832077837123
-0.20239990375268668 0.5260732981908234 1.4936099224936275
0.25001210476130975 -0.08714565777112604 0.4378422768518462
-0.00769730589481199 0.10873842254097887 0.37648578804927
-1.703925853910695 0.16597805545968125 0.5193091134358703
0.08308689572659667 0.0007453929855678609 -0.30399862149721546
-0.20334359648431288 0.8040084495479665 -0.15851309433795802
-0.11658662504493478 0.8863829707621722 0.437513396123272
-0.32561172351783885 0.8340097171772989 -0.31784319453952126
0.003249925385956587 -0.24690942872342792 -0.15178260635391894
0.09245480774299875 0.3933785810746233 0.0013072837571002083
-1.3103286085813144 -0.26713692695020885 0.3548234128896901
0.8025280411219722 0.38307181979523897 0.6622238135297547
-0.46800574941926865 0.7934606388268044 0.8350099627923946
1.0515757011891784 0.2562469506662346 0.6978599296016252
0.04028778012651557 0.3575934962414351 0.392491811211892
0.03537292793884639 0.2932022419751643 0.6535211749882137
1.0217888845914125 0.7212382308761853 0.2878591287908634
-0.38256588770345257 0.7794676072170876 0.6433607826173375
0.5048441779931174 -0.024329561030454805 -0.06639490329488318
0.36454198147961403 0.23851854605042888 1.1667972029509972
0.11259609202178389 -0.13651298217873453 -1.5854814224690452
0.4475928660195496 0.09437337158928827 0.10548677521349425
0.9497834087212347 0.18459869795459305 0.2888191304608796
0.7277736231055805 0.39513647452444545 -0.6500406390036888
-0.5331831734390384 0.3385067947289908 0.14648517021932328
0.419327736045922 0.757923392548653 -0.8209851273383624
0.0958183103715946 -0.4256335143636161 0.3370415654598702
0.11072317255257857 -0.028830100182007712 0.37568309782524345
0.6058452568401886 -0.017382087823647474 0.039404891900068684
0.302980352944509 0.32872782232801434 -0.4286858570331207
0.411362830719062 0.34303530390303294 -1.2773740736914645
-1.4982295703162993 0.0032681089803006103 0.5210631035727342
0.1702186213124559 0.19306100522550196 -0.11340938035770254
1.014314667940038 -0.13953918362178452 -0.37759340832037314
0.5079495874199669 -0.0904647820463591 1.163722109785457
-0.48388688102548993 0.39229321598909994 0.28306101154942986
0.7846862632332705 1.6350568395532665 -0.03275381818153811
0.07207705672691134 0.3732859588459796 0.08424425917421274
0.655798046781733 0.39479224732740903 0.7082249004122083
0.26647346350602064 1.0203531335963625 0.20221164567120908
-0.5053842869106804 -0.41359668010108397 0.06164692096353175
0.15291355691335262 0.1627325370428636 0.2298273673930673
1.3682739386955927 0.7628983991182796 0.039198949774839065
0.8433821672156192 -0.3090416502263258 0.49980656037593896
-0.6857760883224442 -0.2211539626920196 -0.5507393726149896
0.010297072551134434 0.019765954911987293 -0.041397024870601484
-1.3739347085718299 -0.3145581782800333 0.6926235669191723
0.07318567198722281 0.13840571735032015 0.3523376448223967
0.38659247490298476 0.2690506011009912 0.21134744768318647
0.40829394486942405 -0.11792657430977194 0.44880619212582396
-0.9431013650011328 0.8005413434186845 0.18212378636719073
0.021501046619142983 0.6265080916792423 0.34892496295290343
0.7817623631070258 1.3744394013582237 0.6561584562215792
1.5735036682114227 -0.4187022176762891 0.8568948751172538
-0.0903106989470901 -0.9106484105200314 0.2438036223272082
-1.3456220403993555 0.22252139601773102 0.37100326216244106
1.2235023593695402 -0.19352535871428067 0.31528333728484537
0.8108075988766927 0.6990861835876636 0.538187464163661
0.5924088451708585 -0.10321776809240557 -0.1270634483600812
0.5270681966141737 1.3708096692531182 -0.40511882481276107
-0.003317368010002042 -0.058349500899998574 0.3311411744880619
1.2058872142387944 0.5588094182622072 0.41849033497749666
-0.03891361120831327 0.22880774640129964 0.23018289344919296
-0.07787094487506607 1.0655834472696846 -0.8579416666278128
-1.7203111182527815 -0.11829688417270567 0.8710891647651167
0.015598935480919174 -0.13331430295567515 0.6219316351739934
-0.1518438021056241 -0.6748164425705037 0.5988525235632416
-1.6376281773449222 0.5776505157531773 0.659360388524532
-0.1779725318423777 -0.08043319824296447 0.11928376655545492
0.38293760714125913 -0.7509524513048342 0.1548247825311435
0.23510389163722323 -0.8745877993283697 -0.5495261263949773
0.020576179243807502 0.3077657310472741 -0.32258924593114635
0.42711257868716146 -0.1038771691621827 -0.019900859557064443
-1.4451492407508368 0.23968026660570452 0.0622373215486256
-0.12119783443726106 1.0931292774274706 0.2893536678379043
-0.013311188554664177 0.1687664493927512 -0.20360633715746346
-0.46614311910323636 1.0849856294090365 -0.19942257279563336
-0.22593635961384884 0.31312465238059506 -0.002167866380959005
-0.20386667901403754 -0.05981003631991211 -0.2052664288059134
0.8635718491479345 -0.16431112731619457 0.6083149577906859
-0.08186065349061611 0.02732517962798653 0.6194119406238183
-0.30326357836686846 0.16619327496704095 -0.059595595738453966
-0.8549195469769426 0.2433286659213545 -0.13276516378959347
-1.0576860432767639 -0.32279629049692904 0.35180865756380975
0.11023414340032733 0.42436648961982115 0.1656270929666075
-0.8971625398011813 0.26478283812017267 0.5827367109816013
-0.24896410012354675 0.07406637218636636 -0.06905111726692326
-1.261547465543842 0.06768960356887188 -0.9517582823411841
-0.7378313940203602 0.7272375155311117 0.004945450528120787
-0.857531937241415 0.5164010931208587 0.06484929761530545
-0.5980895959742432 0.292878268087156 -0.6270607963364974
-0.21166210053368228 1.083435009492506 0.852240856572843
0.5175456783296406 0.31930583857512573 0.532320966963594
-0.12861551005543248 -0.3397227118737378 0.44451483586580665
0.8709445079019691 0.8784330751138008 0.4236766210705287
0.8433667835781051 0.03402036768427674 0.45563615999559914
0.5306342769115986 0.31866573563250533 -0.32220363656459483
0.5957705799254747 0.271732902848953 0.2548246111723831
0.6361334639191636 0.16238115339592163 0.17514951616665897
0.1817770067696749 0.4791849646995505 0.3097115315707075
0.49070459089251095 0.5781944517673532 0.09201124905358071
-0.3578413657785644 0.676649764921514 -0.06120631938004095
0.561595030291711 -0.3847211344865542 -0.6638640799435755
-0.18249919130981418 0.06061052373060516 0.5551922147625454
0.429623454440188 0.65895440775894 0.08157569295947731
-0.0847972696345094 0.47161619383070175 -0.3616827552445674
1.3470186055010274 -0.10013578618993169 0.9659284305575131
-0.10951314182383243 -0.03651724162137793 -0.045670252262677735
0.42877575976935667 -0.3268269790145135 0.13876471582129035
0.7705156527607571 0.717510678835259 0.4397300469977985
1.1618216129447703 -0.5616211245364013 0.36110154560805974
-0.12057947711036476 -0.2039515514704231 0.39829241632059187
1.3449913114003316 -0.08906645536143021 0.015477003215249141
0.8565137995116636 0.13609523326422313 0.07178333887274668
0.9376529037615704 0.39853583165834294 -0.15171523916223073
0.22906896339973315 0.1149244712098687 0.3692534826495706
-0.5435388389544071 0.21943929832796716 0.12319292677288551
-0.17341384872317178 -0.5969779257728929 0.6777627756107449
-0.6294696420961134 -0.5500989982307436 0.11366113745118867
0.5092999793930701 -0.07949986361933892 -0.2232489365085275
0.601716703768874 0.47157340005851367 0.16659077134739064
0.5772009946294716 -0.031079750011256735 -0.24043477327748342
0.4721005757483141 -0.19819699118947298 0.3579275572002363
-1.001246479679124 0.38549332722740814 0.7357018559939554
-0.3224931133635254 1.7186822241069653 -0.15052827606902763
0.6873767975279286 -0.22222775586920918 0.5966348383792237
0.46086194425171634 -0.0035835680416882454 1.2516146787524356
0.7810293686614838 -0.13177331552182192 -0.05176936458967596
0.13563346841223556 0.44545849424905093 0.5830028175688753
0.18317994710743868 0.8013240306138165 -1.16788307795842
0.767895170612956 0.1055566925114757 -0.5804230099542469
0.035582164394600824 0.44378415389676995 0.8999132938628964
-0.4580705566069634 -0.7139169243074814 0.08828405918511883
0.5941238497443084 -0.07373630906026296 0.6706387288410269
0.45733628216095834 0.6186347926720828 -0.330979998809112
0.9524052863209267 0.8971121378921243 0.11177564851033495
-0.2396536283072095 -0.393583272788244 0.5119631695343063
0.6914851299347404 0.018001782434355462 -0.17362136573447007
-0.32530325202273236 0.1527662849298448 0.0996129747119543
0.5781995570731002 0.6749211435273228 -0.34514551039849994
0.008480378533968214 0.5484572852835328 -0.41390941171534656
-1.1850475217082472 0.3427652160839436 0.15226186509117134
0.5502150234413268 0.1313897864773086 0.09700665336744141
0.44761451360150595 0.3504275226842708 0.2711938374636915
-0.7734514418174578 0.09912285302472945 0.8623813608189295
0.7788039653334362 0.2808470609115572 1.2372805733001577
0.7400847569955662 -0.19864328110411655 -0.2009901206122322
-0.3179420531307269 -0.7885334150000132 0.6487105720580235
-0.5200659720670942 -0.6250582421980457 0.7595738790729563
-1.0260373421237512 -0.599089708970113 -0.05048073428679345
1.128053736456824 0.6402939668281817 0.20570479051224666
-0.5550509664347487 -0.17867633976072206 -0.34328720084115716
0.09395289032882026 0.24370778348122002 1.099223138253235
0.9000990048548587 0.2314635112235841 0.7022388584630281
1.0808988783877762 -0.2337289878609896 0.7606852129443347
1.510592933540984 0.5175370099233323 -0.21235786849151594
0.2644560086297103 0.3933518420219375 0.2448054005362179
-1.041334977919444 -1.4019886814665723 -0.07005328963235513
-0.8644075734747236 -0.7970152995271151 0.23605830745611378
-0.5704369976569739 -0.17610896119897657 -0.9415284384466727
-1.2328021434334433 -1.0854487714288004 0.04091098662660286
-0.6805665560101302 0.5614097478539843 0.0076980180279804244
-0.2318504540627515 -0.3295094152377782 -0.24317537218898977
0.14585143033311176 -0.028882477671849927 -0.6935604072109607
-0.3166760646557627 1.1354671680416804 0.34268569214334654
0.7444272338245339 0.8472881380587598 0.052161854545991204
1.1131374601430473 0.08802876800638604 0.7290054228820981
0.6509164203758093 0.3185183280120416 0.2292532531653233
0.025897284669750498 0.4774497943422986 -0.027937000138296142
-0.20632032858933247 0.8533368149577107 -0.4519812566463708
-0.7171768786836372 0.7749422569556863 -0.47784162211465553
0.20731903301572974 -0.5318454495201266 -0.8258116343269251
-1.3589012416850226 -0.1493273599359446 0.5816222517894705
0.06200069805699204 0.16843855851112544 -0.6752001456649461
0.4772522077434722 0.07316399528740902 0.2155670487329715
-1.2201091528018182 0.07313860166854624 0.6752772403088763
0.8195443763301373 -0.6193337636756322 0.12005320780750672
-0.7244920354961453 -0.8037113154580684 -0.6330789066842977
-0.6418278401735389 0.3376753610072818 0.06852289442233506
-1.0079219951417961 0.33254746135172386 0.4100007027147061
-0.7852402866959816 -0.2657544167954251 -0.07260735440960886
-0.46318975293276665 0.2573987896959853 -0.7029316725855255
-0.5173298209534885 0.011883004327269298 -0.32140283133117276
-1.3381896385405856 -0.33400869264839184 -0.0788866440735676
0.27857241924083276 0.24462758865734813 -0.24583746596335843
0.03774995339179377 -0.055415345951106865 0.13607145615288818
-0.10947586891964445 0.12062567536616609 -0.8703022731138716
-1.311854534480382 0.6890201008707901 0.0799930080159994
-1.590050366742771 0.8689741341511272 0.21882771522439715
-0.8608467978789092 0.2131646594879708 -0.5645148844538408
-0.17478018376900195 0.7596294818630547 0.126675147468708
0.17159553221904034 0.5254990858075601 0.517287088519403
0.39601485517339885 -0.22494824101872446 0.13838015714702934
0.33674252445533437 -0.6563056746529217 0.170303467665339
-0.3859452303594475 -0.0012964858118289513 0.5794863909589889
0.5067802535293309 0.6731882607404618 0.791599639182234
-0.1841292087900701 0.6068496161252437 1.0567121242171513
-0.0984245041182561 0.23311621061594412 -0.05426048674695583
-0.4494693987325693 0.45085038296431 0.5677728907873227
0.31495527499270715 0.2695626919949099 0.6205391112789673
0.19920546417110874 -0.5855117695923653 -1.092884885120685
0.0714622656837074 0.4892842324173525 -2.2999013562952086e-05
-0.015565565790629066 -0.3032041768786051 0.4044737762309438
0.1072116516189201 0.8756032704697247 0.5845570675663545
0.2044880905176294 0.9476234984109269 -0.7362806008460838
-0.45118589488836136 0.35199698450424943 0.5942301876897087
1.3027896696465326 0.17474836604629562 0.7638712263555778
1.0502024269615893 1.4147198387839008 0.11711884222206059
0.9854791671874716 -0.4281619103431007 0.22286517719153665
1.3481458393430596 0.444618877890365 0.3664908312418298
0.6905275209929957 0.605144087234196 -99
0.8360555261915028 -0.0773025388487012 -99
0.003990716969196839 -0.12543173387834194 -99
0.50558400624627 -0.3896772102569521 -99
0.1937864406118166 1.379971684323392 -99
-0.19044849542783027 0.6719545133373881 -99
0.5091681559643959 0.23250359823429978 -99
1.1430768462838294 -0.31497295838653105 -99
0.7053738546694177 -0.15795402443173323 -99
0.6878411260539359 0.3658974313678449 -99
1.0422100589969254 0.9210083035487102 -99
-0.48084451505452375 0.8977717684461144 -99
0.43336581809322183 0.5217338993394929 -99
0.8961704235433139 0.7792986336992254 -99
0.4639891874535582 0.009371464146959774 -99
-0.14940317866941477 0.2980451063734373 -99
-0.2567770685863078 0.16742538317082456 -99
0.13866363024842876 -0.439992424005359 -99
0.7205274671853914 -0.030000500924571405 -99
-0.3550330805549642 0.48904574389403344 -99
0.660953971963945 0.8688566608305948 -99
0.048495092135933504 1.0982005679135778 -99
0.43809092653312387 -0.18503042807432646 -99
0.7467064558929639 0.06583774042987933 -99
-0.20823030632298067 0.45913711413084357 -99
0.6720444704289292 0.6548065910604599 -99
1.3203111550442284 -0.08362629844713698 -99
-0.19671093656002725 0.15429202252496488 -99
-0.8839756770183254 -0.13963667833229465 -99
-0.6507261177040018 0.39423108577726396 -99
0.6773875691624438 0.6432039989806864 -99
0.8240090262909323 0.7454895847145231 -99
0.8417804117464023 0.6108879816501815 -99
0.7753739052698965 0.42450755878861024 -99
-0.8025211178915193 0.4458594405647567 -99
0.15686157466057793 -0.28896446015656885 -99
0.2930762442302717 0.1765192443898842 -99
0.17826914528897664 0.14165023232061635 -99
-1.1730610374138761 0.6369446151327125 -99
0.1836035186693996 0.20358589880977185 -99
0.7140498686579111 0.08247605789806833 -99
-0.4891177195215306 0.17366155410173434 -99
-1.1305157319511228 -0.17466468373450805 -99
-0.0580918699548576 0.7399440961487471 -99
-0.17652657636775793 0.05727104883052192 -99
0.044070607227697955 0.5195144562689755 -99
0.014290949069597936 -0.3487657213371973 -99
-0.6149713561633696 -0.37340445031772074 -99
-0.6038269180555531 -0.28589319207692476 -99
0.3944441013536588 0.48579739703171043 -99
-0.11657316564757103 -0.7943426130960765 -99
-0.15762022848324886 0.8311223005527069 -99
0.7662589871164531 0.4057810769588688 -99
-0.6239485878601023 -0.44775359501138023 -99
-0.11173095531501431 0.0777485677945231 -99
-0.6143612439760338 1.0966757869373698 -99
0.7495999828912625 -0.8832699102867361 -99
0.5002630974325655 0.30757957593590035 -99
-0.023089494683888212 0.10198023033696568 -99
0.5435720653017615 0.36017495881192296 -99
-0.9943996772851165 -0.032191392221649906 -99
-2.6422832819505 0.16473416609875624 -99
-0.25911626753504713 0.7380914982503413 -99
-0.7548733159641232 0.5740040430401141 -99
0.18278829135676045 0.5512199019514998 -99
-1.8235052143721502 0.41031920834735836 -99
0.04781573536283279 -0.43936503170420504 -99
-0.4595847993088942 -0.7713728776209665 -99
-0.7671202918540008 0.8897466627925255 -99
-0.021844553722992543 0.17967651137308316 -99
0.19962850314792657 -0.20221212856016013 -99
0.26022550766864505 -0.023002507769172453 -99
0.2940822458546526 1.217153825360361 -99
0.1453815420543103 0.17912574324423058 -99
1.047589437309778 -0.5031310288222395 -99
-0.6679306339978597 0.966134883693524 -99
0.02132148950231194 0.4776441798238995 -99
-0.5875112806855691 0.07632062979892762 -99
0.0780536203806319 -0.5026075911165941 -99
-0.4155954188038322 0.11530827932882826 -99
-0.6346762584199066 0.7899322251581538 -99
0.4724639761748053 -0.8148565775357959 -99
0.2470462812205616 1.2847943020561878 -99
0.29076736204225107 -0.2716594730056556 -99
0.5877844005381494 -0.3042595432274 -99
0.17534120323811386 0.28946228795391526 -99
1.0346612907243937 -0.9652470987062349 -99
0.522010038328002 0.7767863032879596 -99
0.34773272367660013 0.0050661839683963095 -99
-0.09787017904985085 -0.4567701162711577 -99
0.7123422674095199 -0.04718813032513669 -99
0.10938207813970813 0.2699907524471179 -99
0.24186699558140035 0.053707065010032196 -99
0.13471663142772972 -0.09010930105749448 -99
0.6435862180321461 0.7560939770903552 -99
-2.550069421724082 -0.09908681333399105 -99
-0.9781177855395384 0.1375421708204705 -99
1.040797232455251 0.3876000919185669 -99
0.3755428463552537 1.0259337845088172 -99
0.3110160262077315 0.6491412876269838 -99
0.6074736812663222 -0.24579732203353633 -99
1.092509373102688 0.3552392741788424 -99
0.7082590167562994 0.9528326976558859 -99
0.6968023558042251 0.028499625843995346 -99
-0.585252183375883 -0.15061252315658358 -99
0.5959349106477685 0.15633233153261727 -99
0.35638731811684643 0.3572966837133418 -99
-0.5742830861513131 0.9192593222600198 -99
0.7221777523181121 0.8571578325951972 -99
1.1933907072412406 0.03334414859901269 -99
1.0461551677686227 -0.14556595879999357 -99
0.7914150050726665 0.3003422258849504 -99
0.6286397478318246 -0.1017282370793069 -99
-0.3134152029579784 0.37806675634797493 -99
-0.5269194176279539 -0.013147729621216797 -99
1.4849283888452725 -0.04369476830866059 -99
-0.8260644015835625 0.4865840587093242 -99
0.7105746309794245 0.7522321992806038 -99
0.5834037262214213 -0.22188336666249153 -99
-1.5188050739660977 -0.46494839619761574 -99
-0.08403381753473838 0.838953943533836 -99
-0.32966915857685386 0.4277535768408445 -99
-1.942408278887977 0.7281117041763316 -99
-0.044162388855675694 0.19237423789651675 -99
-0.030492381882597286 0.4962510839481755 -99
0.8354439257160955 0.19477947082821156 -99
-0.2666868296122056 0.3314513651471511 -99
0.6606187597497026 0.3314568620645675 -99
0.6120653377433367 0.26288553777997237 -99
-1.0324348559620269 0.530082126523002 -99
0.22214288490694756 -0.6045000489553063 -99
-0.9449351047461327 0.9680559242297324 -99
0.3522034476926592 -0.4369138866125697 -99
-1.5118287458279296 0.9862723538079479 -99
0.05655208395658651 -0.3858648032303815 -99
0.8352745653011198 0.9116638754703352 -99
-0.21754257900911433 -0.174562957684679 -99
-0.6602451396451912 0.34429053277866295 -99
-0.6079553805887894 1.5759946386313182 -99
-1.1107005852182112 0.08653756908179311 -99
-1.4552439202075949 0.8901545692572448 -99
-0.7241271802433964 0.2460105840809499 -99
-0.5402633779150818 0.31369161315127947 -99
-0.703585915928512 0.8029163370913324 -99
-0.5490332948505783 0.20202443758906874 -99
0.27587220649761246 0.08717587258531445 -99
0.23405182827289472 0.8407248360715176 -99
0.9921659401328506 0.45269955861691 -99
0.15511926602014903 -0.8252123726843141 -99
1.0187952763256671 -0.8039176611007859 -99
-0.22046035947026432 0.8337133171945244 -99
0.3557549972845333 0.8938848514828681 -99
-0.3748215946128326 0.061790583624167894 -99
0.5939757868680875 0.002198108246047603 -99
-0.3987097235986363 -0.23143849731538602 -99
0.17576059096866725 -0.00629532420999368 -99
0.5503526539308989 0.9557320085030483 -99
-0.2820343491602877 -0.4440389670848708 -99
-0.7166663621652782 0.22855626354721714 -99
-0.086676197328031 0.31980653245587654 -99
0.8315516581632334 0.20408621086630419 -99
-0.12810337990121745 0.1680183896961429 -99
1.6686302343731647 0.3658288968162715 -99
-0.18851205445653108 0.05800522327053059 -99
1.5364284855540173 -0.18664893173683872 -99
0.9949276000051075 0.2302262192051625 -99
0.20898546480213476 0.31349315163813607 -99
0.6738597061581721 0.5019417600859004 -99
0.161678589268881 0.5486621159738476 -99
-1.7762890112946366 0.37523449713842716 -99
0.2850932050668451 -0.21401468843706617 -99
-0.6390505379367628 -0.34420249082676513 -99
0.1540558206258611 1.0877980822404751 -99
-0.14817466107887256 1.4217138965513882 -99
1.1137717832467793 -0.44521425854188124 -99
0.1433331921827099 -0.5477646293226082 -99
0.612181918527579 -0.3731926470717708 -99
0.13915579095469344 -0.07125184419779362 -99
0.8775749506895885 0.20747494576639447 -99
0.49290496908459147 0.18923803408567252 -99
0.8678749910462038 0.34855038167051866 -99
0.14197475660948644 -0.29602784267616133 -99
0.43097386171097174 0.7682517800112247 -99
-0.733429897099783 0.15386585457086355 -99
-0.6082991311322825 -0.051457946243799846 -99
-0.42601642154361663 0.17638911130675883 -99
0.07844472088460286 -0.15436584491383432 -99
0.025161338050734727 0.9048170881405504 -99
0.6661995166419903 -0.18531580240354462 -99
0.6393512088868452 0.7810594170416794 -99
-0.21843690460639031 -0.4057271094166195 -99
0.6015453141540235 0.40806475831194966 -99
0.038144570906248454 0.8117483440618685 -99
0.09867618964213953 -0.16227483822098066 -99
0.8142647820448738 -0.20791047827280806 -99
-0.31025951774715654 0.3186021760625941 -99
-0.09900425087024178 0.2481536295794493 -99
-0.4014033259118559 0.5209786787896293 -99
0.8612281785685347 -0.13683390040325438 -99
0.8027948659991964 0.38204399007197587 -99
-0.11501054555719747 -0.3274652471081376 -99
-1.0318034183840936 -0.608712684786779 -99
0.4553890247238419 0.39283899061177685 -99
-1.4254979279486104 0.2940983257232048 -99
-0.18006532789858198 0.6335066298264946 -99
-0.05442646742806723 0.5711814252742329 -99
-0.22145520034932797 -0.1387204518766385 -99
-0.7512700350643797 0.310137022963886 -99
0.23990626736868492 0.8185703478947666 -99
0.3603470094534371 0.09391694046241739 -99
0.7945969623091695 -0.5105375295859726 -99
-0.8736130653992662 0.4393219764456546 -99
0.3888840158099942 -0.5889825023319748 -99
-0.19093081810608137 -0.16254499851547877 -99
-0.4666501413941404 0.4794361830710958 -99
-0.041555941496650206 0.3378363573814056 -99
-0.6441953447155182 -0.1276576896083199 -99
0.3548460435509906 0.5492561022220546 -99
-0.04012520858755231 -0.40796081996876676 -99
0.8601188750536934 0.07204227288972653 -99
-1.3123667336764786 0.5860317548080669 -99
-1.3504314558775707 0.40820038487064814 -99
-0.4630479563815495 -0.12983099677266718 -99
-0.047725052750235086 0.38629755044338054 -99
0.5792778894227615 -0.05156222294607016 -99
-0.6016782578590565 0.39847649053113443 -99
0.49985347299592675 -0.47452312371740746 -99
-0.28823290992497874 -0.3114742227840921 -99
0.06016619440801119 -0.5579598640352161 -99
-0.971171279465703 0.6515255373522235 -99
0.3745513001135645 -0.9151384077901721 -99
-0.3039693555449787 0.34934729575595114 -99
0.136311302084966 -0.2672259434585049 -99
-0.7690267841074618 -0.3562159029277465 -99
-0.3469748680222855 0.7777615868643561 -99
0.2714838596950946 0.5674433040297302 -99
-0.8010385815705483 0.5833382298309662 -99
-0.8342032989395598 0.4027852380812167 -99
0.9758588872623983 0.8124001773601748 -99
-0.780623258098859 -0.6574728592833479 -99
-0.6500972137306587 -0.9621615701142145 -99
0.5003107242914151 0.12969294475901627 -99
0.5163543325798141 0.3523537367466041 -99
0.17206650177934435 0.36649037292855 -99
0.6034029844617521 0.1446376264184588 -99
0.6330620509115423 0.18822234913430513 -99
1.2437799820865791 0.7665298685724391 -99
0.5052393278717986 0.2055006344027257 -99
-0.2212969568503249 0.09200587509932578 -99
0.33791432371793917 0.456792464139407 -99
0.9101056266321343 -0.24282193714436495 -99
0.61449769761035 -0.16122695528590825 -99
0.43642764100073705 -0.4881036306118176 -99
0.33565198555160336 -0.5796511389846861 -99
0.714044300918216 0.6664166408274239 -99
-0.16930318399969124 0.4018443069243176 -99
1.250489253968972 0.9884523319505956 -99
0.6307369376018599 -0.05979092413292175 -99
-0.21409459424918875 -0.003721204822261015 -99
-0.2846458583705678 0.9333717263741175 -99
0.5542022930962087 -0.14920786308608758 -99
-0.05209737598372932 -0.27998242980744337 -99
0.6540599376830709 0.30345797156385856 -99
1.10339328651966 0.43615563576157257 -99
1.1592865091018787 -0.11319152131456356 -99
-0.8562205102161231 0.2519914906013483 -99
-1.285351285085552 0.08609342253602037 -99
-1.8226655930214841 0.10920912745692313 -99
0.766151271936736 0.04941142404408172 -99
0.3149680004586308 0.3098923871083503 -99
0.042718776547026494 0.7177819757896806 -99
-1.2788197745899357 -0.2891448562469625 -99
-0.314163181963516 0.999708759133032 -99
-0.21901832096274276 0.7202777746870748 -99
-0.5309049317247752 -0.10011946480913103 -99
-0.6918088215932334 0.2731979794438697 -99
0.1755704784869403 -0.4752797210979791 -99
-0.9469181087380738 0.715873000328628 -99
-0.2883413570801068 -0.04376771894350284 -99
-1.0406694338730658 0.11618183713340358 -99
-0.34073013398639507 -0.42189226119606715 -99
0.05521339627802746 0.10046349891949546 -99
1.1536584185007293 -0.3070122718246173 -99
-0.3789765805796126 1.1244160958598073 -99
0.10640786780117661 -0.3103906724189436 -99
-1.435065493913938 0.17035963047965552 -99
-0.16837348823537557 -0.4170486975144865 -99
0.16583962523958284 -0.23955068623348463 -99
0.05513705317617479 -0.6082782814924101 -99
-0.37731622789777575 0.7030675028241706 -99
0.4136498878656374 0.5007874455299843 -99
-0.24963382638010057 0.7273666448276472 -99
-0.7066689179815393 -0.6123437997249512 -99
-0.7784331682173811 0.4405902955522105 -99
-0.2570553340676529 0.23892603664741863 -99
0.6073868501496982 0.2617395996032963 -99
0.8454961011684663 0.4184879154290888 -99
-0.12928170962604923 0.4750038143235553 -99
-0.3653154541564101 0.13843677288730483 -99
0.036738058145212804 -0.07331323299647163 -99
-0.3347213018530173 0.061086725808600306 -99
-0.14704383250485442 0.2401925289685085 -99
0.6140823230132337 0.5167989345314918 -99
-0.1302884404416247 -0.3144519167157096 -99
0.3893408925003268 0.3062187088785997 -99
0.8589113876504442 0.2849408688387607 -99
-0.13246578531950703 0.7470847660716746 -99
0.006443957166485603 0.012102689547100809 -99
0.7197496308477582 0.6934793137214958 -99
0.30815547733304705 0.6526668966966884 -99
0.6561761290936996 -0.024064420463134617 -99
0.09084823088695249 0.5814086824688154 -99
-1.622310619399233 0.9149600264638451 -99
-0.3027809546009035 0.0058579676997094765 -99
0.264010545394326 0.4784774258251643 -99
0.6185306304529643 -0.03215728812824903 -99
0.7317159246945817 -0.14626752071101023 -99
-1.573042776857883 0.322801432476032 -99
-0.11009475903290422 0.09146886612231064 -99
0.3978470402741294 -0.1416909841586964 -99
-2.331822111199613 0.22621363743596667 -99
-1.7821907813964142 0.6096767998281258 -99
1.5845704739865756 -0.3667795822243711 -99
0.9584304528695213 0.7691823780538751 -99
0.3880531120690751 0.9908431377157534 -99
0.021253940717611997 0.05226988944037547 -99
-0.10057088234821876 1.185328734794183 -99
1.6575667561728906 0.5792814512217941 -99
-0.14999028740820108 0.6747863443474866 -99
0.963739270371959 1.0925052847336847 -99
-0.4731957611682356 0.5397118248403885 -99
0.35612846357486294 -0.2866721430271326 -99
-0.19638777477923508 0.4888598446998671 -99
0.10545735149128 0.9923302909096332 -99
-0.6255739924519359 0.4952129684518045 -99
-1.9496779335063206 0.20037803756911732 -99
-2.0539756586090485 -0.49383023675897153 -99
-0.3110223911546628 -0.13687204397500974 -99
-0.19638615891365063 0.5886902657574709 -99
-0.4606595868144012 0.788062064893289 -99
-1.5926111418442668 1.3640589900877593 -99
-0.06113284786069251 -0.45602303471814665 -99
0.11017890081520676 -0.4946918531928741 -99
-0.22905597363315966 1.1047345673941678 -99
-1.8077564090801994 0.09504598043518886 -99
-1.621295542479773 -0.395327543298845 -99
0.5286384624615046 -0.16247712416934323 -99
-0.4525692163477597 -0.17250115148239153 -99
0.3424588752497577 0.08956157338122317 -99
-1.7499133068557118 0.3819669107637713 -99
0.25531964114507133 -0.502550300835801 -99
-0.5297061724509327 0.6050024441972699 -99
0.558968052096029 0.5517749195667214 -99
-0.236077987562342 -0.9835246775237243 -99
0.5568676754914943 1.138614910052416 -99
-0.42040201823497814 0.7032345650411962 -99
0.3691686596815211 -0.13392273612425587 -99
-0.7555324213637009 0.280312044415445 -99
0.5550730540462467 0.13494104085425906 -99
0.8999723406944806 1.0180565861750157 -99
0.3598189293001557 0.07964486085330069 -99
-1.452215892647585 -0.7283520254375135 -99
0.754207201782652 -0.18184308752438394 -99
-0.2802769946947974 0.25936154894831986 -99
-0.2197313934328804 0.7344955630395908 -99
0.531961925478031 0.28498485747018254 -99
1.1865015923642392 -0.5664773090377668 -99
0.4252875997225143 0.4126842766343026 -99
0.5563194937903706 -0.08685379693054163 -99
-1.1566799229411568 0.5773223369169074 -99
0.6591375014760086 -0.1325279165540083 -99
0.29725382345383444 -0.3897225749989186 -99
0.7833714996204879 -0.2719744330740328 -99
0.6204560237905028 0.32434098697904545 -99
-0.24047585872391775 -0.0979665975980506 -99
-1.4338879005516443 0.476998237571431 -99
0.013886184849531524 0.4580885911019186 -99
-0.44156653032354143 0.527690450217893 -99
0.3365289570626562 -0.2245649012094244 -99
1.3249827417621827 0.46488149552974356 -99
-1.2462372659827308 -0.00729739431923182 -99
0.8643124616707674 0.8573369114619567 -99
0.49494678978230056 0.24624150553924284 -99
0.26118311793701476 -0.5402695961207602 -99
-0.9298471446181118 0.6704195892065972 -99
1.1805508831754103 -0.8811097189254493 -99
0.3923178110088559 0.17669207864204495 -99
-0.990618869189988 -0.42026162975764514 -99
-0.693848163577262 0.3221882587581071 -99
-1.7367069523238596 0.5955247020900156 -99
-1.0983614828546013 0.734136664422139 -99
1.1064651192124266 -0.46784787985943943 -99
-1.4629244189898438 0.03527670625085566 -99
-0.8363500406746738 -0.05296232216556529 -99
-1.1308450654461701 0.4845984644180721 -99
-0.2748286233459156 0.3484455686321333 -99
-0.32183902032156286 0.3366000893650867 -99
-0.25640550249494876 0.06817123129240876 -99
-0.19897164612067364 0.946836518294937 -99
-0.21806666571184152 0.4061377185525519 -99
-0.3879385040109211 0.22574939111372405 -99
0.6367339875625619 -0.21427939257091033 -99
-1.072432625948406 -0.27115460046391604 -99
-0.7033554760788707 0.06007435194420374 -99
-0.17781313595547488 -0.4987511978008099 -99
0.2810592757705699 0.30135759392760697 -99
0.9392923234683943 0.7287250722475083 -99
0.8561590578749367 -0.26717294362925337 -99
1.1348995300038833 0.4869163938738499 -99
0.9154568380491401 -0.46478423453330464 -99
0.2239790279305769 0.43665027229492814 -99
0.05322131762882698 -0.44657832409921117 -99
0.8328851384352767 -0.20702738894240724 -99
0.24296653778357058 0.6702601139557771 -99
0.6912975909348535 -0.4576325843358564 -99
0.6454124353372297 0.5241363143862721 -99
0.694453520752818 1.0382492644407257 -99
0.3631946866900204 -0.7154147443118113 -99
1.0061165343661322 -0.3651611749208934 -99
0.5000556095448694 1.0540030855544469 -99
0.34818998617826047 0.42969044153622526 -99
-0.20648020662588618 0.3872027403864555 -99
0.001939932037526404 0.41606718089493455 -99
0.37033915688732044 0.6876289547143237 -99
1.4320942141653852 0.4860586014091304 -99
0.402378442524407 0.5082003887506854 -99
0.44068615785293996 -0.04958298144356643 -99
0.395786473844554 0.15067915873887205 -99
1.113412691415684 -0.4586915436441297 -99
-0.5698041924237538 -0.38331081405858924 -99
-0.6057521229339571 0.10753865680366026 -99
0.5179499931020004 -0.02633001892659692 -99
-1.8135373687381389 0.5003071482887362 -99
0.10807626677022064 0.8528708737278183 -99
-0.014971407318677521 -0.2905968091804363 -99
0.7086038853420877 0.7808015504618098 -99
0.8550557847579654 0.27779491319261496 -99
-1.5643176227454187 0.09167368069367487 -99
0.8053194684229297 0.2648662475016863 -99
0.059889236904519194 -0.32596268901315106 -99
-1.0167293298298263 0.4464184300322689 -99
0.8000346268715042 0.3809779324842202 -99
-0.24129431964416437 0.2215676202211334 -99
0.052079261382707465 0.2678886688637032 -99
0.9278117910639949 1.1060993280813047 -99
-1.2574413287853075 0.09487257129018545 -99
0.6523637103754059 0.3299169933741197 -99
-1.5854457803593194 -0.01885893343702527 -99
0.5626459620351856 -0.9016985372738828 -99
0.41672768066299426 -0.057688499264655135 -99
0.08866241815555664 -0.48361012470014675 -99
-1.3465930514766464 -0.18309166528416387 -99
0.5147142401490363 0.21829598391275873 -99
0.1766362688057619 -0.4041136570972297 -99
0.877848799484898 0.4815620886548846 -99
0.03791237184156504 0.6750399738416899 -99
-0.41233338140515663 0.39181731412238197 -99
-0.765350782236152 0.013138022974335861 -99
-0.11235985415775751 0.4090972966446955 -99
-0.5626061940753191 -0.8379960032374507 -99
0.6987053586465262 0.6636078193562565 -99
0.5572278035404263 0.6059450892198495 -99
-0.8393495533640731 0.008200568000205521 -99
0.008297155331164596 0.32050121703793 -99
0.48184516187821735 0.5103893207603392 -99
-0.42633647366081195 0.43525780865983066 -99
0.7389496268414888 0.8118387186314848 -99
-1.0650667446891635 -0.42794598765371283 -99
0.4538701834291192 0.06516731092392103 -99
-0.5255249968869018 0.28555948714144463 -99
0.5804375517027065 -0.12317837530268871 -99
-1.1157561552666202 0.05075329246896576 -99
-0.3407170670269535 -0.14459357732909606 -99
-0.024833598972326065 -0.8348388490901408 -99
1.3491768576788914 -0.19502387442626734 -99
-1.2500044479559413 0.309201219576722 -99
-1.640651044777611 -0.027196555960164126 -99
0.6369528017724209 0.6852816922138532 -99
-0.5075130457756254 -0.35619327618717467 -99
1.1765690389484584 0.7776405681621359 -99
-0.1318396556790402 0.3202389422137015 -99
-0.046057096501322725 0.5198251579452329 -99
-1.2622257376523542 0.6235107170644163 -99
-0.06973860331661541 -0.5661140010905301 -99
0.847409323021771 1.4284116612822402 -99
0.08372408514940055 -0.10727498535046998 -99
0.39069211432224904 -0.34303622423781555 -99
0.3847279853129386 1.2508998226048806 -99
0.21362956989949833 0.6173024120186312 -99
0.690138494624259 0.5022324031349203 -99
0.8529704098239588 0.15118826968478327 -99
0.3692773591210621 -0.4349159302375307 -99
0.3450094094045211 0.17787928198005876 -99
-0.37589691431166017 -0.00778740285218138 -99
-0.051879964318176874 0.5662047485714634 -99
-0.23567234952111882 -0.4601042085087279 -99
0.052999913130433285 0.29653521691431006 -99
0.539525333784967 0.06686513564162766 -99
0.9266060729437289 0.23987406201644212 -99
0.5470868108802929 0.16096382796346198 -99
0.16656243942344062 0.8173233321894369 -99
-0.2306135257155848 1.0577735753858306 -99
-0.01868722286606861 -0.4347999123523669 -99
0.707457615078626 0.1828062434696731 -99
0.6700723196794307 0.2422396841000083 -99
0.42337030932428377 -0.17760434768351985 -99
-0.5286060843918694 0.0409754294135114 -99
0.2564064382576756 0.5814304761769389 -99
1.5346674034950283 0.8585743458907817 -99
0.38142262840759145 -0.8149722687849215 -99
0.7226778045268674 0.3482471610996214 -99
0.02924217946153007 -0.706531886747265 -99
-0.4153835272798929 -0.45376358748172585 -99
1.3393442706374667 0.0988145409664547 -99
0.36361176655922556 -0.026668486119403312 -99
1.028906136511642 0.7078069105102482 -99
-0.12740782381451865 0.19927779751330288 -99
0.38137210322813075 0.7863780734182164 -99
0.37460319303167466 -0.31965512239485694 -99
0.8340456042606945 -0.07668350830152981 -99
0.12822864063398853 -0.5531414948922864 -99
0.24440807771083684 -0.18142030846153734 -99
0.5882992949306693 0.2760875442226274 -99
0.01530161321956136 -0.2415454503982346 -99
0.30342554373388264 0.9150145192095227 -99
0.9577281733253535 0.20612026168064457 -99
0.4719567024221387 0.32369570398172076 -99
-0.20012171925692712 0.754676806294122 -99
0.7912312519775373 -0.12888852872833478 -99
-0.09225445733519422 0.3437352460128835 -99
0.2817366889350863 0.2619882165815408 -99
0.7869842036451757 0.821712892467426 -99
1.1168919159323298 0.12314813796356017 -99
0.46165107753750245 -0.11872515332285083 -99
-1.3673156993208408 -0.5155761672065031 -99
0.3690306864721906 -0.3050395539476698 -99
-0.8017365288053231 0.001372244791315147 -99
0.3218555747378842 0.43983685074378265 -99
-1.1471785875550298 0.08816375940100318 -99
-0.8981586012948863 -0.4741706680869884 -99
-0.5247163012291853 0.30681388216541094 -99
0.575702156716515 0.4346527072633011 -99
-0.2592745616767047 0.5823185407061917 -99
0.18174230753573006 0.9328952742172234 -99
-0.20764646084315697 0.3636017827624034 -99
0.841033521406068 1.5841026903093312 -99
-1.7996282121313731 1.1363799687786695 -99
0.018965013073599657 1.2988553751413967 -99
-0.294011966038358 0.027630364950736563 -99
0.9308568387653278 0.40048893063681046 -99
0.19729103940392445 -0.23881010798907987 -99
0.3914024550391977 0.11747884705927536 -99
0.01760569436255821 1.085610380035261 -99
-0.2782826081629697 0.74571795834198 -99
0.22410415150907692 -0.07278477051734811 -99
0.09532990068845759 0.8909174062030081 -99
0.7949445085555302 -0.10098756217876215 -99
-1.1059502605632208 0.08608262712941706 -99
-0.7957788951203053 0.619375990826577 -99
-0.578929802907779 0.2338051087289017 -99
0.06909713442310128 -0.7226787418089655 -99
0.7796095737001352 -0.08608425304273304 -99
-0.25111021114379284 -0.6475897010543044 -99
1.2745658416835823 0.8470213759418606 -99
0.7156555421981032 0.6210450267934515 -99
0.2904481547794848 0.5021169239678711 -99
-0.6301606082989712 0.21950373219836017 -99
0.9175226789271864 0.5259459477931667 -99
-0.05613683709638728 0.06731358219859906 -99
0.29096508845687374 -0.8905177283139762 -99
-0.3015883659107219 0.0077916873467591685 -99
1.6162065335146139 0.3872090642427217 -99
1.5198235773768678 -0.05761210192647592 -99
0.8150671046735987 -0.7339001571992698 -99
1.6205396790169146 0.164302171090295 -99
0.4870846006746845 0.23120837149447127 -99
-0.7296082726561108 -0.24277343064295565 -99
0.9741337099746783 -0.26028716451041234 -99
1.2865131065589743 0.18102587895975475 -99
-0.3349840705099414 -0.7301941914583798 -99
0.3490605672097411 -0.31509688315746764 -99
-1.4917486684381887 -0.38309268957121567 -99
0.5203536661061534 0.32709785508992617 -99
0.48600509767901734 1.0435221804122836 -99
-0.26478806308286806 -0.12978898870243416 -99
0.3616173804638336 0.10590199951754098 -99
0.47526823212922054 0.437419921199119 -99
0.40358719627237427 0.18247999580615826 -99
-0.10930191272713952 -0.49609001676623077 -99
-2.318819108773331 -0.7693641470255246 -99
1.1055669163898898 -0.592921878445849 -99
0.01830657023257931 0.9132933277845403 -99
1.0444270970861478 0.4350536648751273 -99
-0.06748109087905618 0.9267585414580193 -99
0.5506853554359505 -0.15047313159804165 -99
0.2640410448497601 0.5025278578503656 -99
0.05722265768150425 0.1148587420495808 -99
0.7681847513046272 1.3171101525566602 -99
-0.2438608887866991 0.2882851231430452 -99
-1.064419664002683 -0.23691295251899014 -99
1.2545718741577367 0.115202019731937 -99
-2.0964990532375243 0.4987988520973605 -99
0.033044662725508545 -0.4503628179536756 -99
-0.08848278387272401 0.19593066829852734 -99
-0.060016276837355775 0.7177283730956479 -99
0.28808477782862063 0.6324527821875403 -99
0.24042864817379694 -0.3017466879178512 -99
0.494383477282609 -0.005487217249378951 -99
0.5037666214106542 -0.12906409142352437 -99
0.3198343688939511 -0.14032864569992043 -99
-0.5039257993834596 0.8385485024076509 -99
0.4521852043683108 -0.7035713841753282 -99
0.19127451550782837 -0.48382679879971313 -99
0.4090033847360228 -0.28272077572255583 -99
-1.070964950426415 -0.08096512607171569 -99
-0.6362479657291598 0.9593027441403059 -99
-0.09447261569217336 -0.45085934326011845 -99
0.004553262023229365 0.607299324581521 -99
-0.38855105224564657 -0.29537367145610904 -99
-0.937980441200505 -0.05821899479265813 -99
-0.40337131561113626 0.392058238761666 -99
0.10033428233510211 0.2930604144567548 -99
-0.42825982809538754 -0.03866647118055866 -99
0.3979459407162258 -0.2251498417728115 -99
-0.8382837078575305 -0.6710358179332898 -99
0.8254257038499091 0.9859937193510913 -99
-0.317037459784002 -0.23062750655555408 -99
1.0669947217165827 -0.11740482003556707 -99
0.5986276821202416 0.3654428192411725 -99
0.08173347373078244 -0.18754885581123926 -99
1.0088412274104144 0.084528558110323 -99
0.3524532181679554 0.6945460945146813 -99
0.47341113811671676 0.6465283433776747 -99
0.5235606624660143 1.425014548104647 -99
-0.047209021722710354 0.32294359485187574 -99
0.6563543203245192 0.5512979431096081 -99
0.4819543534037596 -0.2980855435435812 -99
-0.011744651459093092 0.12973712450479002 -99
0.5318835359850063 -0.0814415889703266 -99
0.8292633983380568 0.660469474211796 -99
1.0432092176537449 0.3503294794024079 -99
0.02996505567598895 0.496414468726595 -99
0.7544410557862644 0.5869719016318475 -99
0.04308013794095533 0.8142741059054224 -99
0.28741728211480844 0.553020157934343 -99
0.8574468529473691 0.1558809269959589 -99
1.206373409522655 1.0036767455549551 -99
0.5181854400070449 0.0790433330808229 -99
0.7726318960859242 -0.28637133326299935 -99
0.5341809490478422 0.6756411874553576 -99
0.31047219378835766 -0.11171272241646069 -99
-0.15321861628892997 -0.2939184795379628 -99
0.09640125224402052 -0.5507164335643502 -99
-0.5104502206056596 1.0847835822012968 -99
-0.2393670842935185 0.048545463238411024 -99
-1.2383444236904149 0.71363458463847 -99
0.2535488657148637 0.07859348527886034 -99
-1.0779905779261814 0.18946952462048028 -99
1.783641873552039 -0.057822864223264325 -99
1.045110338252524 -0.32582172319514413 -99
1.0704457137006038 -0.17065288660366473 -99
0.7554918148410863 0.6313918581478486 -99
0.016091347119440158 0.591860748099295 -99
0.9927706444018227 0.17657394876236587 -99
-0.8363575542109913 -0.47674722792766566 -99
0.8896970570665541 0.5496037114879648 -99
0.5072092544621238 0.2883760637493573 -99
0.9091350518808845 0.1831819054306889 -99
-0.496176795110582 0.4913884713671699 -99
-0.35080004655103014 0.14241140959446774 -99
-0.13319189063177816 0.567018579964552 -99
0.3689606656144111 0.3630653199222742 -99
-0.6938794661763863 -0.2630900516447614 -99
-1.5616646858664485 -0.748986229667425 -99
0.24850936321490558 0.043131664690474025 -99
0.425981659909886 -0.05937656503449418 -99
0.5310296714273166 0.2207686135525524 -99
0.8214668373131921 0.2526422754423585 -99
-1.4499340596284744 0.18003068941610056 -99
-1.088965548111597 -0.2627221201400829 -99
-0.9671360431111458 0.32140875582994166 -99
0.34937223566579156 0.6466625257073151 -99
0.5110666365170315 0.3184410240883384 -99
0.6426278857047016 -0.04233572532940055 -99
-0.40771813949685765 0.3561478754453873 -99
0.7756581756515253 0.652382057641482 -99
0.020044332883177418 -0.18715832619708017 -99
0.8480803250922051 0.3946063824486341 -99
0.12254489746868469 -0.41379352538150904 -99
-0.7965683796479812 -0.33595304851834396 -99
-0.056415194512608124 -0.5145910932439453 -99
0.10474808723585038 0.7456910533931378 -99
-0.5770707271632087 0.5347298396008071 -99
-0.8256796859274207 0.8958629915319278 -99
0.43859722721778116 -0.9240586806726121 -99
0.36685301706330886 -0.5455780354501796 -99
0.8968270956119593 0.12025178531996783 -99
-0.25080944228853674 0.2605084255247103 -99
-0.19559316273701555 0.7902548362944177 -99
-0.46617667684336705 0.6988968662737438 -99
0.8277822276342093 0.7121015029959263 -99
-0.1840079189973114 0.11204054583602385 -99
0.23927403122698898 0.63181674279598 -99
0.006561677355554352 -0.5514660153132347 -99
0.5416601736102624 0.45085682796634785 -99
0.21146443037133977 1.1282627103486504 -99
0.05925961599949048 0.1364618053504234 -99
0.5947221613180229 0.9106908063910293 -99
0.34392898767458924 -0.3910335504362603 -99
0.5141787918427649 0.35240442582862386 -99
-1.4671648925952852 -0.1449489779022839 -99
0.08756030575557894 -0.05751407920895524 -99
0.6029946062084193 0.7351073570357851 -99
0.47442373650333636 1.2011364122283954 -99
1.205671851744544 0.2567852056234621 -99
0.8433358252349006 1.260416561306462 -99
0.07503218191105177 0.17548838581882364 -99
0.6110267912270047 0.15415248260147774 -99
0.14418834796033053 -0.6607649773024411 -99
0.6223113491342733 0.36381122256818 -99
-0.04310723743149225 0.22595736231535923 -99
1.0946445985631588 -0.5560511498219283 -99
0.5542123281945166 0.5657123244153448 -99
0.162183621888202 0.005078438140838415 -99
0.1474294643879226 0.4946213198485143 -99
0.10730713180122464 -0.03676753797109367 -99
0.6707384526671358 -0.48315878452031935 -99
0.3906314432258373 1.1546547528354072 -99
0.4927185073850726 0.7488338107611394 -99
0.34797716268289136 0.5779800184061852 -99
0.10720915928883556 0.06004223373971129 -99
-0.00500757511344041 1.4089603405581368 -99
0.49885955374675994 -0.37168462985886297 -99
1.0869547357276748 0.1579039049136437 -99
0.2118325004533279 0.2972310335072983 -99
0.17268137948385665 -0.04474439241425543 -99
-0.391761913540539 1.0752757498065346 -99
-0.03802182795913467 -0.26170477709482576 -99
0.07023729592070715 0.08680127395194237 -99
0.21559785323580982 -0.1091518914298657 -99
-0.06465197312063697 0.35345672398376493 -99
-1.4363907559004465 -0.03383004416553792 -99
0.011542453209278491 -0.6628378679824491 -99
1.2696147749994218 0.42035427344091403 -99
-0.3020950574126786 -0.22671161253896166 -99
-0.16098198162108446 -0.4892668120833896 -99
-0.25108169382679524 0.012447715332111642 -99
0.4835768551473638 0.13553900007270148 -99
0.8599870687475999 -0.3225899186083998 -99
0.4463747292359068 -0.0611277210597585 -99
-1.229796245287007 0.20302697263137226 -99
0.44910378279515584 -0.08807818381206278 -99
-0.0656027194875044 0.41319911828626843 -99
0.6826845942287463 0.8014709300872074 -99
0.04655610514680664 -0.08565529586931664 -99
-0.14783355372162976 0.4420967290667175 -99
0.5506226598225448 0.17036013308589038 -99
-0.11045047947239262 0.47730355173003947 -99
0.08666831916359907 -0.2586158941601244 -99
-1.1436577872000848 0.3393091432075135 -99
0.5248560957250934 0.23723058543600217 -99
0.11404293805129928 0.5146947580017436 -99
-0.16941820050893952 0.9278490437370017 -99
-0.4105124605849966 0.4524760166142787 -99
0.6265298083768709 0.36558551937818073 -99
0.12533070372140642 -0.604613764310292 -99
0.8343884803174717 -0.027392198798395384 -99
-0.27801849989350913 0.3694298787695729 -99
0.23451618092935966 0.5594577835515775 -99
0.3714448761576934 0.4965880891207508 -99
-1.330396930137943 0.4935770614228385 -99
0.4587061841611755 0.39603699225336975 -99
-0.05236574471280253 0.10169077479921995 -99
-0.40435842750170803 -0.19839260780820656 -99
0.7992439602528529 -0.699967574245492 -99
-0.5761369593112331 -0.6612771266939834 -99
-0.25705727120076993 0.6390432119825435 -99
-0.4320255920593912 -0.23828790410586187 -99
0.24772319061305392 0.008236160773870793 -99
0.2848006192176955 -0.7419152820078176 -99
-1.1037591684632737 -0.22075352163800233 -99
-0.7921609198790049 0.19389419781996864 -99
-0.17764904852845564 -0.441633102189928 -99
-0.6779823432708394 -0.4213289975803409 -99
-0.25993012905303914 -0.30218990391840794 -99
-0.510047187415557 -0.31275251159670514 -99
-0.6895769431181087 0.7196822438810893 -99
0.027158088974991834 0.24569396424154544 -99
-0.4278073131546938 0.3242477725796924 -99
0.9368044488898342 -0.0005329228133978958 -99
-0.22273991452189001 -0.11277902094825087 -99
0.10935004690057593 0.564845254663167 -99
0.06717146283578579 -0.38324576004901445 -99
0.6590194498620576 0.08366669509565394 -99
-0.12769343592886262 -0.01144641405323732 -99
-0.760220464646979 0.29173020130476424 -99
-0.1385663548194387 -0.10833490239788457 -99
-0.14787962747260153 -0.027831206057467917 -99
0.04488044447443684 0.2069660903724433 -99
-0.08249888674368666 0.9837566688417709 -99
0.29391443921522065 0.13065716265170657 -99
0.5966642739016672 0.5316797522858101 -99
1.0587765696022036 0.12964915690175438 -99
0.0682765128285121 -0.3872688391842809 -99
0.25817066230129626 0.4108208708055816 -99
1.1247770442676455 0.9844017000996619 -99
-0.3089290441012391 0.8819725216323331 -99
0.414464343327257 0.2930383104640448 -99
0.5165067852058094 0.743055881245807 -99
0.7349266709327509 -0.07835813098631306 -99
0.7831008535057364 0.9497022550793428 -99
-0.3388166624419391 0.1883224792463425 -99
0.49092916751158633 -0.14018389505308093 -99
0.23967108023308548 0.5713760899991716 -99
0.8141829249311421 -0.16382355817509886 -99
0.04702702715516516 0.668826331127736 -99
0.16563468219127486 1.4179521762243308 -99
1.189034628328006 0.7087285054167705 -99
-0.32433544617621024 0.8091651820264705 -99
-0.6724818808141526 0.29622283872866095 -99
0.2122388625152709 0.7879536626914838 -99
0.5250399983201461 0.14572975283854994 -99
-0.20686923886796116 -0.15575498623145556 -99
0.6232492080697529 0.5703858167009308 -99
-0.1043123123290135 0.3275525007209552 -99
0.2703360089373348 0.4446500421665158 -99
0.7100286873169797 0.10617437944154684 -99
0.13046192982625016 0.6252789555877865 -99
0.15989800950005773 0.6139199171434591 -99
-0.13751279473506184 -0.581040906423012 -99
0.13239378068831087 -0.257366944071034 -99
-0.34000864382284934 0.7579204915683029 -99
0.916277632926727 0.16175139554645224 -99
-0.1825031143858027 0.07604421071560807 -99
0.6262440441878798 0.7468476565924593 -99
0.4640730546214229 0.7803058478231915 -99
0.2801854739444689 0.35378452279467965 -99
0.37448572200901786 0.3311830325597045 -99
1.0911187344280133 -0.607546341989674 -99
0.42019478044478475 0.0719254284460007 -99
-0.3301828038822121 0.1503836188423966 -99
